NAME : Generated_SARP
COMMENT : Generated by 'share_a_ride.util.generator. Node count: N=3, M=4, K=1
TYPE : SARP
DIMENSION : 15
EDGE_WEIGHT_TYPE : EXPLICIT
EDGE_WEIGHT_FORMAT : FULL_MATRIX
CAPACITY : 29

EDGE_WEIGHT_SECTION
0 26 43 15 38 56 22 40 31 57 18 40 22 37 35
26 0 17 12 48 71 48 29 49 34 42 58 47 49 45
43 17 0 29 59 86 65 31 65 27 59 71 64 60 59
15 12 29 0 39 66 36 29 42 46 32 47 37 39 42
38 48 59 39 0 91 37 33 67 82 50 16 50 2 73
56 71 86 66 91 0 57 95 25 81 41 86 41 90 27
22 48 65 36 37 57 0 54 34 79 18 29 16 35 45
40 29 31 29 33 95 54 0 71 57 58 48 62 34 71
31 49 65 42 67 25 34 71 0 67 17 63 19 65 15
57 34 27 46 82 81 79 57 67 0 67 92 73 83 55
18 42 59 32 50 41 18 58 17 67 0 47 6 49 27
40 58 71 47 16 86 29 48 63 92 47 0 45 14 72
22 47 64 37 50 41 16 62 19 73 6 45 0 49 31
37 49 60 39 2 90 35 34 65 83 49 14 49 0 72
35 45 59 42 73 27 45 71 15 55 27 72 31 72 0
EOF_EDGE_WEIGHT_SECTION

NODE_COORD_SECTION
1 50.0 50.0
2 72 64
3 88 71
4 64 55
5 67 16
6 3 81
7 35 34
8 89 40
9 23 66
10 82 97
11 32 52
12 52 10
13 28 48
14 65 16
15 30 79
EOF_NODE_COORD_SECTION

NODE_TYPE_SECTION
1 1 0
2 2 1
3 3 1
4 4 1
5 5 2
6 6 2
7 7 2
8 8 2
9 9 3
10 10 3
11 11 3
12 12 4
13 13 4
14 14 4
15 15 4
EOF_NODE_TYPE_SECTION

PAIR_SECTION
1 2 P 9
2 3 P 10
3 4 P 11
4 5 L 12
5 6 L 13
6 7 L 14
7 8 L 15
EOF_PAIR_SECTION

VEHICLE_CAPACITY_SECTION
1 1 29
EOF_VEHICLE_CAPACITY_SECTION

PARCEL_QUANTITY_SECTION
1 5 5
2 6 15
3 7 11
4 8 9
EOF_PARCEL_QUANTITY_SECTION

DEPOT_SECTION
1
EOF_DEPOT_SECTION

EOF
