NAME : Generated_SARP
COMMENT : Generated by 'share_a_ride.util.generator. Node count: N=2, M=4, K=1
TYPE : SARP
DIMENSION : 13
EDGE_WEIGHT_TYPE : EXPLICIT
EDGE_WEIGHT_FORMAT : FULL_MATRIX
CAPACITY : 19

EDGE_WEIGHT_SECTION
0 66 18 50 38 34 16 50 48 18 26 44 34
66 0 64 66 72 66 54 16 62 82 67 89 32
18 64 0 66 56 15 13 48 64 22 43 30 35
50 66 66 0 16 79 55 57 4 66 26 94 49
38 72 56 16 0 70 47 59 17 51 13 82 48
34 66 15 79 70 0 24 51 77 34 58 24 41
16 54 13 55 47 24 0 37 53 29 35 43 22
50 16 48 57 59 51 37 0 53 66 52 75 16
48 62 64 4 17 77 53 53 0 65 25 93 46
18 82 22 66 51 34 29 66 65 0 40 34 51
26 67 43 26 13 58 35 52 25 40 0 70 39
44 89 30 94 82 24 43 75 93 34 70 0 63
34 32 35 49 48 41 22 16 46 51 39 63 0
END_EDGE_WEIGHT_SECTION

NODE_COORD_SECTION
1 50.0 50.0
2 1 94
3 59 66
4 5 28
5 21 25
6 65 80
7 46 65
8 14 84
9 5 32
10 68 46
11 30 34
12 88 73
13 25 73
END_NODE_COORD_SECTION

NODE_TYPE_SECTION
1 1 0
2 2 1
3 3 1
4 4 2
5 5 2
6 6 2
7 7 2
8 8 3
9 9 3
10 10 4
11 11 4
12 12 4
13 13 4
END_NODE_TYPE_SECTION

PAIR_SECTION
1 2 P 8
2 3 P 9
3 4 L 10
4 5 L 11
5 6 L 12
6 7 L 13
END_PAIR_SECTION

VEHICLE_CAPACITY_SECTION
1 1 19
END_VEHICLE_CAPACITY_SECTION

PARCEL_QUANTITY_SECTION
1 4 8
2 5 6
3 6 7
4 7 14
END_PARCEL_QUANTITY_SECTION

DEPOT_SECTION
1
END_DEPOT_SECTION

EOF
