NAME : Generated_SARP
COMMENT : Generated by 'share_a_ride.util.generator. Node count: N=2, M=4, K=2
TYPE : SARP
DIMENSION : 13
EDGE_WEIGHT_TYPE : EXPLICIT
EDGE_WEIGHT_FORMAT : FULL_MATRIX

EDGE_WEIGHT_SECTION
0 50 45 50 17 19 53 29 64 55 30 37 21
50 0 30 99 33 54 46 71 98 60 79 69 71
45 30 0 94 30 59 70 54 72 80 67 78 66
50 99 94 0 68 48 85 49 74 77 31 44 29
17 33 30 68 0 29 49 39 70 55 46 48 39
19 54 59 48 29 0 40 46 81 38 40 19 25
53 46 70 85 49 40 0 82 117 15 80 42 65
29 71 54 49 39 46 82 0 35 84 18 60 29
64 98 72 74 70 81 117 35 0 119 47 95 63
55 60 80 77 55 38 15 84 119 0 78 33 61
30 79 67 31 46 40 80 18 47 78 0 49 17
37 69 78 44 48 19 42 60 95 33 49 0 33
21 71 66 29 39 25 65 29 63 61 17 33 0
END_EDGE_WEIGHT_SECTION

NODE_COORD_SECTION
1 50.0 50.0
2 96 31
3 73 11
4 11 82
5 64 40
6 57 68
7 96 77
8 25 35
9 1 9
10 88 90
11 20 52
12 55 87
13 33 63
END_NODE_COORD_SECTION

NODE_TYPE_SECTION
1 1 0
2 2 1
3 3 1
4 4 2
5 5 2
6 6 2
7 7 2
8 8 3
9 9 3
10 10 4
11 11 4
12 12 4
13 13 4
END_NODE_TYPE_SECTION

PAIR_SECTION
1 2 P 8
2 3 P 9
3 4 L 10
4 5 L 11
5 6 L 12
6 7 L 13
END_PAIR_SECTION

VEHICLE_CAPACITY_SECTION
1 1 16
2 2 29
END_VEHICLE_CAPACITY_SECTION

PARCEL_QUANTITY_SECTION
1 4 10
2 5 12
3 6 7
4 7 12
END_PARCEL_QUANTITY_SECTION

DEPOT_SECTION
1
END_DEPOT_SECTION

EOF
