NAME : Generated_SARP
COMMENT : Generated by 'share_a_ride.util.generator. Node count: N=3, M=3, K=1
TYPE : SARP
DIMENSION : 13
EDGE_WEIGHT_TYPE : EXPLICIT
EDGE_WEIGHT_FORMAT : FULL_MATRIX
CAPACITY : 22

EDGE_WEIGHT_SECTION
0 62 18 46 53 66 50 36 39 32 39 9 48
62 0 77 71 112 85 98 65 42 32 63 71 87
18 77 0 41 36 60 34 51 46 45 55 15 57
46 71 41 0 58 21 34 81 29 44 83 51 94
53 112 36 58 0 69 27 81 76 80 86 47 79
66 85 60 21 69 0 42 101 45 62 103 71 114
50 98 34 34 27 42 0 85 58 67 89 49 90
36 65 51 81 81 101 85 0 65 50 4 36 22
39 42 46 29 76 45 58 65 0 18 66 48 83
32 32 45 44 80 62 67 50 18 0 50 42 69
39 63 55 83 86 103 89 4 66 50 0 40 25
9 71 15 51 47 71 49 36 48 42 40 0 43
48 87 57 94 79 114 90 22 83 69 25 43 0
END_EDGE_WEIGHT_SECTION

NODE_COORD_SECTION
1 50.0 50.0
2 0 13
3 55 67
4 17 82
5 73 98
6 4 98
7 46 100
8 65 17
9 11 54
10 20 38
11 63 13
12 59 53
13 87 20
END_NODE_COORD_SECTION

NODE_TYPE_SECTION
1 1 0
2 2 1
3 3 1
4 4 1
5 5 2
6 6 2
7 7 2
8 8 3
9 9 3
10 10 3
11 11 4
12 12 4
13 13 4
END_NODE_TYPE_SECTION

PAIR_SECTION
1 2 P 8
2 3 P 9
3 4 P 10
4 5 L 11
5 6 L 12
6 7 L 13
END_PAIR_SECTION

VEHICLE_CAPACITY_SECTION
1 1 22
END_VEHICLE_CAPACITY_SECTION

PARCEL_QUANTITY_SECTION
1 5 12
2 6 12
3 7 14
END_PARCEL_QUANTITY_SECTION

DEPOT_SECTION
1
END_DEPOT_SECTION

EOF
