NAME : Generated_SARP
COMMENT : Generated by 'share_a_ride.util.generator. Node count: N=3, M=4, K=2
TYPE : SARP
DIMENSION : 15
EDGE_WEIGHT_TYPE : EXPLICIT
EDGE_WEIGHT_FORMAT : FULL_MATRIX

EDGE_WEIGHT_SECTION
0 53 58 43 36 52 42 26 25 33 51 33 59 56 32
53 0 70 96 77 95 66 39 67 80 42 24 16 104 71
58 70 0 72 40 48 18 76 82 49 97 70 85 62 36
43 96 72 0 32 31 54 67 46 23 90 77 102 24 36
36 77 40 32 0 18 22 61 54 9 86 64 88 28 6
52 95 48 31 18 0 34 78 67 19 103 82 105 14 23
42 66 18 54 22 34 0 63 66 31 86 61 80 48 18
26 39 76 67 61 78 63 0 29 60 24 15 38 82 57
25 67 82 46 54 67 66 29 0 48 46 43 67 66 52
33 80 49 23 9 19 31 60 48 0 84 65 89 24 13
51 42 97 90 86 103 86 24 46 84 0 27 32 106 81
33 24 70 77 64 82 61 15 43 65 27 0 26 89 59
59 16 85 102 88 105 80 38 67 89 32 26 0 113 82
56 104 62 24 28 14 48 82 66 24 106 89 113 0 34
32 71 36 36 6 23 18 57 52 13 81 59 82 34 0
END_EDGE_WEIGHT_SECTION

NODE_COORD_SECTION
1 50 50
2 32 100
3 99 81
4 74 14
5 85 44
6 99 33
7 89 66
8 26 61
9 32 33
10 80 36
11 3 69
12 29 76
13 16 98
14 97 19
15 82 49
END_NODE_COORD_SECTION

NODE_TYPE_SECTION
1 1 0
2 2 1
3 3 1
4 4 1
5 5 2
6 6 2
7 7 2
8 8 2
9 9 3
10 10 3
11 11 3
12 12 4
13 13 4
14 14 4
15 15 4
END_NODE_TYPE_SECTION

PAIR_SECTION
1 2 P 9
2 3 P 10
3 4 P 11
4 5 L 12
5 6 L 13
6 7 L 14
7 8 L 15
END_PAIR_SECTION

VEHICLE_CAPACITY_SECTION
1 1 20
2 2 29
END_VEHICLE_CAPACITY_SECTION

PARCEL_QUANTITY_SECTION
1 5 15
2 6 5
3 7 13
4 8 10
END_PARCEL_QUANTITY_SECTION

DEPOT_SECTION
1
END_DEPOT_SECTION

EOF
