NAME : X-n186-k15_SARP
COMMENT : Curated from VRPLIB to SARP
TYPE : SARP
DIMENSION : 185
EDGE_WEIGHT_TYPE : EXPLICIT
EDGE_WEIGHT_FORMAT : FULL_MATRIX
EDGE_WEIGHT_SECTION
0 1092 681 852 914 443 290 599 839 876 171 605 383 317 774 896 337 78 755 292 407 471 805 775 97 746 650 1085 768 696 857 903 617 388 189 625 405 595 305 796 596 716 815 861 579 1146 694 628 711 504 816 621 654 975 831 304 212 1173 881 746 1099 238 686 902 981 955 350 749 163 842 582 725 863 818 575 459 318 539 407 635 541 213 33 60 790 813 444 500 170 432 244 917 251 1140 891 351 732 463 742 206 832 733 219 446 857 875 835 797 203 848 582 257 880 922 803 577 500 164 630 478 843 212 42 226 187 1157 727 611 961 457 997 740 770 186 923 912 692 901 908 1041 543 73 756 834 964 783 901 384 636 548 633 943 404 44 370 119 371 845 988 934 390 480 792 852 197 96 692 47 818 181 295 294 959 226 952 249 800 738 1066 119 656 525 827 734 450
1092 0 445 564 601 864 914 527 902 216 976 733 936 805 416 208 961 1166 793 836 747 845 790 858 996 706 675 82 372 885 475 383 581 771 903 487 715 659 841 320 880 634 323 263 691 55 742 565 511 819 300 742 546 119 785 954 1028 81 328 345 53 1075 439 393 222 262 820 360 1054 643 671 593 231 401 803 943 908 591 940 493 720 958 1098 1084 303 284 672 634 926 744 847 384 966 105 201 965 610 630 539 933 593 845 922 659 533 263 421 342 1032 322 895 839 651 548 676 855 713 948 628 794 253 1010 1118 878 1008 83 875 576 233 662 118 362 751 1014 595 739 581 255 792 95 725 1163 666 739 347 687 604 978 465 586 467 149 699 1134 760 1009 720 582 118 537 776 699 355 270 1010 1187 497 1047 494 1083 895 951 274 884 193 1008 294 641 120 1208 746 828 359 456 643
681 445 0 573 381 422 579 84 830 240 545 320 644 448 366 238 516 749 699 403 434 593 724 762 585 357 529 467 88 744 249 247 395 454 501 246 379 470 403 126 466 535 310 188 266 499 366 385 135 384 146 335 388 327 469 629 588 525 404 148 438 633 268 250 301 433 377 87 618 361 474 503 255 161 383 683 463 317 497 279 286 521 694 662 165 233 343 344 511 449 444 262 620 522 259 520 258 229 194 501 314 730 555 234 553 332 192 305 593 168 696 448 392 352 363 658 270 560 463 542 198 570 701 493 642 496 752 142 419 227 335 95 409 649 383 477 464 221 514 428 506 748 592 433 299 628 373 534 210 320 77 302 277 725 422 621 325 583 371 356 463 426 315 179 648 773 99 640 225 645 453 621 280 459 277 566 169 558 465 790 353 604 152 365 275
852 564 573 0 938 883 577 593 339 472 825 862 534 542 212 524 914 929 242 729 448 422 229 302 778 928 211 496 589 349 793 743 252 465 688 349 467 258 751 542 990 142 299 559 799 593 928 247 708 879 541 881 226 519 1041 591 905 612 242 445 609 962 308 752 659 302 763 527 903 932 271 127 426 687 909 499 846 360 935 316 801 832 841 877 462 394 442 382 736 420 653 755 630 527 467 925 831 540 767 794 882 299 634 597 30 330 724 291 904 627 401 622 960 899 936 370 758 689 222 391 489 888 892 635 693 645 330 688 330 628 566 504 980 698 939 1048 164 607 1087 469 315 921 130 1006 757 134 933 956 377 350 513 494 611 883 490 737 566 19 457 897 462 374 277 555 689 941 673 806 783 938 815 595 688 734 596 908 469 127 457 967 907 378 647 209 493
914 601 381 938 0 500 907 407 1210 501 747 319 990 776 727 458 626 964 1079 626 788 957 1104 1143 829 192 909 666 350 1124 146 222 775 804 773 626 728 850 610 400 410 914 648 402 335 639 252 766 256 433 405 309 767 523 205 959 747 656 732 493 561 770 642 212 379 730 564 411 794 82 853 880 541 253 373 1041 611 693 569 659 374 708 937 875 480 553 701 715 759 810 724 218 937 705 515 620 183 559 200 709 83 1111 860 530 914 643 216 651 755 325 1069 743 61 53 132 1032 415 844 844 909 468 735 919 789 940 598 1132 335 707 500 494 435 206 946 11 139 843 372 193 643 882 968 970 161 255 1005 14 610 590 697 456 522 563 956 765 896 637 951 600 67 814 795 664 403 949 989 292 885 157 807 624 950 327 694 420 712 475 936 686 998 283 976 296 735 620
443 864 422 883 500 0 548 347 1028 662 272 181 656 447 712 657 127 478 907 209 513 677 949 955 376 315 746 889 492 901 485 559 638 515 361 543 461 674 182 545 161 787 696 601 187 917 258 639 369 67 565 191 657 747 389 595 252 942 787 555 850 270 599 554 686 835 142 509 301 421 669 772 673 492 134 728 125 527 78 573 149 230 471 393 583 642 464 516 323 547 337 569 554 944 680 121 332 343 371 246 424 914 473 286 872 735 492 684 260 554 808 371 455 520 376 783 152 430 692 647 620 242 437 405 529 906 923 288 827 256 749 514 331 534 510 475 729 620 466 849 665 484 844 396 623 881 486 120 526 536 427 723 275 481 470 464 339 886 792 535 525 565 688 594 540 503 371 425 447 309 153 584 648 263 682 214 589 813 886 509 222 718 521 690 395
290 914 579 577 907 548 0 516 553 711 338 651 111 132 540 745 498 362 464 339 168 181 515 486 245 781 369 889 660 410 808 825 366 143 196 428 205 323 366 666 706 437 604 726 601 965 744 380 661 588 682 671 405 808 889 52 421 991 651 587 933 471 478 828 857 730 409 620 395 852 309 452 685 738 652 188 444 323 554 423 573 368 272 330 632 631 247 281 246 176 211 840 54 941 721 514 730 355 710 332 825 444 85 377 587 668 765 585 416 740 299 179 890 898 826 289 520 147 361 191 688 409 332 144 116 990 440 572 743 408 840 603 820 120 913 948 425 775 961 847 263 352 471 877 877 497 895 551 452 329 509 774 345 314 160 171 270 568 800 906 139 226 576 717 112 371 631 250 775 427 407 43 850 291 813 443 644 457 863 397 708 235 730 496 304
599 527 84 593 407 347 516 0 820 318 461 272 590 384 395 320 435 667 690 319 383 551 720 750 504 340 517 545 170 723 293 313 385 401 423 246 325 452 319 209 411 534 358 272 212 581 335 379 151 317 229 290 387 408 457 568 504 608 451 208 521 550 286 314 383 491 294 167 534 370 454 507 326 225 328 636 381 291 420 281 223 437 613 579 236 295 295 309 430 404 367 328 554 600 335 440 253 161 208 417 331 715 484 155 575 391 250 349 509 249 663 373 405 388 361 627 197 485 453 502 277 486 618 420 571 580 734 96 481 143 418 168 392 577 411 482 465 305 512 504 478 666 593 427 370 630 397 456 216 296 85 381 197 644 365 545 252 600 447 395 411 389 356 263 577 690 117 559 262 561 369 559 360 376 361 482 242 559 540 707 315 569 228 385 217
839 902 830 339 1210 1028 553 820 0 790 880 1062 456 596 516 842 1017 905 131 834 516 375 114 73 796 1158 303 836 869 143 1072 1039 436 518 731 584 567 369 860 834 1165 299 615 865 1001 932 1144 444 960 1045 839 1083 443 850 1275 535 965 951 576 731 946 1017 572 1046 978 641 889 808 944 1187 370 337 745 969 1092 384 954 532 1059 550 990 902 816 883 759 704 568 526 784 482 720 1052 588 865 787 1032 1072 710 1020 863 1143 114 635 763 369 658 1006 602 960 923 257 683 1220 1179 1181 264 939 698 368 388 798 951 881 671 653 984 113 912 669 800 896 784 1208 655 1212 1301 370 917 1332 808 363 893 248 1247 1063 219 1202 1068 620 525 756 822 759 856 561 721 689 320 793 1180 509 464 587 860 644 908 923 802 1054 978 918 545 1001 810 917 981 769 280 796 934 1116 323 937 491 646
876 216 240 472 501 662 711 318 790 0 760 551 744 595 274 52 752 950 667 621 545 662 676 734 780 554 522 227 185 743 356 285 406 569 688 286 507 489 626 124 699 497 175 98 501 271 578 391 335 624 108 563 378 100 651 754 813 298 241 129 225 862 251 295 189 230 607 153 838 518 499 456 46 254 618 760 696 392 737 300 525 743 883 868 87 90 464 433 710 546 632 294 760 283 18 757 452 414 378 717 466 713 712 443 444 148 287 188 817 176 731 624 537 454 539 691 510 734 464 610 43 795 902 664 799 283 740 379 207 448 130 149 604 805 498 629 432 138 677 187 548 947 542 608 287 571 499 773 259 388 252 67 483 919 553 796 504 488 131 448 575 505 202 99 802 971 312 831 359 868 682 749 216 668 127 795 78 511 225 991 574 654 208 303 429
171 976 545 825 747 272 338 461 880 760 0 435 448 292 708 774 176 218 777 142 384 506 825 810 111 576 642 980 631 740 698 751 575 373 149 543 357 576 145 667 428 700 729 731 412 1031 523 582 556 333 687 450 607 858 660 374 85 1058 806 633 977 140 606 749 844 873 185 622 82 673 566 700 755 669 404 526 147 477 244 560 373 42 199 128 674 709 385 446 96 417 172 764 324 1036 777 192 566 351 582 44 665 767 253 318 824 784 682 712 82 709 633 205 710 757 633 617 336 194 606 494 724 71 172 208 281 1036 768 457 874 318 874 616 598 284 756 741 660 766 737 937 541 221 749 663 814 782 733 228 545 487 509 827 278 211 339 206 276 822 881 770 380 455 711 722 293 243 542 154 659 115 124 363 817 97 821 105 683 725 966 255 485 556 683 672 360
605 733 320 862 319 181 651 272 1062 551 435 0 749 529 667 534 308 649 934 330 571 745 970 990 526 141 763 771 368 950 313 394 639 580 487 513 512 694 309 427 148 791 626 473 63 784 94 635 223 115 445 21 648 623 239 702 429 808 720 467 712 451 557 388 537 753 261 402 477 241 692 768 573 339 71 813 294 533 253 547 78 395 631 562 484 554 499 537 462 601 447 403 669 823 569 302 153 353 206 400 243 952 588 302 846 652 331 619 437 413 871 473 277 339 198 840 132 559 702 705 508 417 606 516 659 765 966 181 739 265 616 415 171 664 329 309 725 480 313 735 703 654 850 232 457 887 305 295 486 540 357 604 317 646 536 604 396 868 680 354 591 604 627 468 669 675 239 580 276 488 311 691 493 397 544 393 486 817 775 683 58 777 376 655 417
383 936 644 534 990 656 111 590 456 744 448 749 0 220 539 783 609 448 383 447 210 112 433 394 351 876 324 902 719 313 883 890 361 190 307 458 265 297 474 716 812 393 616 773 697 984 842 377 739 693 731 770 400 837 986 79 530 1010 647 628 961 579 498 894 904 729 515 673 502 941 283 417 713 804 755 78 554 353 665 445 672 479 360 430 672 659 300 314 357 200 319 905 133 951 752 624 817 432 792 443 910 354 195 463 549 680 834 597 525 796 199 285 978 977 917 199 618 255 336 150 727 519 425 253 197 1015 345 656 745 497 874 653 917 198 996 1041 399 825 1057 861 229 437 415 972 938 434 979 662 488 356 569 803 436 399 226 268 358 522 819 984 180 239 586 765 187 452 707 348 852 533 518 90 903 401 856 553 684 408 872 478 807 160 791 494 373
317 805 448 542 776 447 132 384 596 595 292 529 220 0 459 625 422 395 487 242 94 231 534 524 237 656 351 787 531 462 676 694 300 81 148 321 92 287 269 541 598 411 508 602 477 857 622 311 529 478 558 550 337 694 766 184 376 884 567 468 820 432 378 696 732 643 305 494 366 723 276 415 574 606 538 285 359 225 467 325 452 309 312 336 513 521 134 185 198 125 124 709 172 841 607 436 600 223 579 269 694 482 118 246 544 570 633 489 374 611 363 88 761 766 698 340 398 155 320 208 569 361 354 93 204 877 486 440 652 278 723 478 697 210 782 821 378 650 836 744 249 389 458 751 747 490 764 473 340 234 381 660 217 354 53 212 139 537 694 774 89 167 482 594 207 411 499 270 643 401 323 175 722 214 691 388 525 435 764 436 587 276 600 417 175
774 416 366 212 727 712 540 395 516 274 708 667 539 459 0 326 764 853 394 590 378 438 403 461 687 722 260 369 377 476 582 534 178 401 591 172 369 248 607 331 803 225 100 353 606 458 727 162 500 699 331 685 139 341 835 571 781 481 111 234 451 836 113 542 463 191 609 316 789 721 261 184 229 475 720 534 698 236 773 148 613 705 771 785 251 189 331 275 630 364 544 546 594 415 272 773 624 378 558 670 672 441 571 432 188 153 513 86 781 417 479 522 749 688 728 440 576 614 214 390 284 762 809 548 648 498 469 489 207 457 386 292 775 654 727 838 166 403 878 330 315 847 268 798 551 298 722 800 187 227 312 310 457 812 407 671 433 224 298 686 403 314 72 348 647 870 465 727 571 823 671 571 487 612 401 775 260 238 336 894 709 416 436 45 349
896 208 238 524 458 657 745 320 842 52 774 534 783 625 326 0 753 969 718 632 581 705 728 785 800 525 571 237 167 793 315 239 452 604 710 326 540 536 636 112 682 548 228 62 488 262 553 438 313 614 92 545 425 90 617 789 822 288 291 157 204 869 296 249 137 275 613 153 850 481 545 507 99 219 602 803 700 430 733 343 515 753 905 885 113 139 497 470 729 584 653 247 793 290 60 757 424 433 350 730 428 763 741 456 496 199 249 239 826 137 778 648 497 410 505 738 505 760 512 652 57 804 921 690 828 262 790 370 249 457 101 158 573 835 455 589 482 89 638 203 593 967 594 573 236 623 457 771 295 427 265 71 498 940 586 822 526 540 150 403 611 545 254 66 832 991 295 853 323 878 688 784 164 683 77 802 101 563 244 1010 552 699 173 353 455
337 961 516 914 626 127 498 435 1017 752 176 308 609 422 764 753 0 362 904 187 503 650 950 945 288 441 754 979 594 883 608 677 662 499 303 592 461 683 163 641 262 804 762 701 308 1015 383 666 483 193 662 318 688 843 508 540 131 1041 849 636 952 144 653 673 796 905 155 602 183 547 676 795 758 605 258 685 67 554 71 617 268 136 368 282 669 721 475 533 254 538 299 689 492 1035 770 16 457 385 492 168 551 903 416 333 907 808 609 748 141 662 781 335 581 646 502 761 255 362 707 629 712 126 325 357 455 1009 908 394 900 314 850 603 453 458 636 597 753 726 585 938 662 369 858 519 742 893 612 53 582 564 505 816 307 371 458 382 348 914 881 661 508 566 750 694 467 386 481 329 569 186 100 528 761 210 786 92 676 830 972 389 347 697 630 735 422
78 1166 749 929 964 478 362 667 905 950 218 649 448 395 853 969 362 0 825 353 485 542 875 842 170 789 726 1161 837 761 915 965 695 465 265 703 484 671 361 867 624 792 893 931 630 1220 735 706 771 543 887 664 732 1049 867 370 230 1247 959 821 1172 238 764 964 1050 1033 403 820 179 889 659 802 938 882 612 522 356 617 432 713 590 255 90 90 863 889 522 578 240 510 320 979 318 1216 965 374 783 536 799 259 883 801 295 516 935 952 897 874 221 916 647 334 926 975 848 645 554 242 708 551 916 237 49 305 252 1231 793 672 1038 524 1070 812 809 250 973 952 769 970 944 1117 619 13 831 874 1027 858 950 402 713 626 704 1017 473 49 449 193 446 922 1064 987 468 558 870 923 261 25 755 126 876 183 340 361 1026 291 1022 270 874 814 1142 42 697 596 893 812 527
755 793 699 242 1079 907 464 690 131 667 777 934 383 487 394 718 904 825 0 719 401 284 50 67 702 1028 173 731 740 111 942 910 305 406 628 453 447 241 745 706 1041 171 494 739 873 827 1015 314 829 921 711 955 312 732 1145 457 862 847 465 603 834 916 443 918 855 535 771 679 846 1056 242 211 623 840 967 322 839 403 943 420 863 796 735 793 632 579 444 399 681 367 611 924 507 766 666 918 942 583 889 756 1012 57 541 637 271 541 877 480 858 795 198 575 1089 1048 1050 184 812 604 237 283 673 846 797 569 574 876 88 782 562 673 778 654 1078 576 1082 1171 241 792 1202 700 243 815 127 1117 936 108 1072 954 490 396 625 703 636 776 447 635 568 224 680 1049 398 343 465 733 566 832 792 714 923 880 804 465 876 701 794 874 642 156 693 858 987 229 808 366 521
292 836 403 729 626 209 339 319 834 621 142 330 447 242 590 632 187 353 719 0 318 473 763 761 203 470 566 842 489 702 564 613 477 316 158 420 274 496 28 525 367 617 601 589 294 891 424 482 419 251 545 349 504 717 567 387 195 918 683 495 836 248 483 611 702 745 72 480 218 558 488 609 617 530 318 519 121 370 226 442 258 122 313 263 534 574 289 348 133 352 128 626 347 899 637 201 443 218 450 98 544 719 266 178 724 653 544 585 198 567 604 162 596 631 523 581 212 229 520 447 583 177 305 196 330 895 725 319 744 176 733 475 501 335 635 639 567 624 642 799 476 354 670 563 675 705 613 235 417 380 369 687 141 336 273 274 163 729 744 643 325 379 585 580 340 377 403 259 526 247 87 375 676 68 679 185 543 643 830 392 386 517 542 558 242
407 747 434 448 788 513 168 383 516 545 384 571 210 94 378 581 503 485 401 318 0 174 447 444 330 688 258 722 509 388 675 680 211 24 242 260 60 193 344 508 657 318 437 566 514 798 661 223 533 536 523 592 249 641 802 209 468 824 488 424 767 524 310 684 698 566 374 464 459 743 182 321 518 594 590 253 439 156 543 255 495 398 399 428 468 464 90 113 291 34 213 695 220 774 555 517 620 230 588 359 709 402 194 271 452 501 625 418 465 587 301 179 780 771 724 271 441 243 226 135 524 452 445 186 270 823 410 456 578 307 675 445 732 276 793 848 286 617 868 679 159 477 365 782 728 398 777 553 286 162 359 607 255 441 46 296 178 443 632 778 31 74 410 558 270 499 500 360 645 495 403 205 694 302 651 477 480 342 696 524 628 207 581 335 167
471 845 593 422 957 677 181 551 375 662 506 745 112 231 438 705 650 542 284 473 174 0 334 307 422 862 213 806 661 235 839 835 264 165 357 381 235 192 500 650 826 281 522 702 688 891 835 280 701 705 662 766 301 752 976 177 591 916 545 555 873 643 412 840 832 627 536 609 570 915 179 306 628 752 761 98 590 282 698 362 668 530 452 511 597 574 257 249 410 148 352 850 224 853 669 665 793 404 758 491 880 264 260 446 437 585 785 503 586 734 131 315 952 938 897 112 614 324 229 53 650 577 513 298 291 926 262 628 645 482 791 587 907 294 962 1022 291 755 1043 766 123 531 304 956 878 325 947 702 415 282 516 718 428 493 210 352 350 410 727 944 154 167 491 694 283 549 667 431 811 603 553 183 836 441 780 608 609 296 774 575 802 54 733 394 339
805 790 724 229 1104 949 515 720 114 676 825 970 433 534 403 728 950 875 50 763 447 334 0 77 751 1060 207 725 761 149 964 928 335 453 677 479 491 278 789 724 1080 190 501 753 908 821 1049 342 857 961 727 991 337 736 1177 508 910 840 463 621 833 964 463 936 865 529 814 699 895 1084 281 226 631 861 1005 372 884 437 987 445 900 843 786 843 648 591 485 437 729 413 658 941 557 756 674 964 972 621 917 803 1038 93 591 676 259 545 898 489 906 812 246 622 1116 1071 1080 235 850 653 269 332 685 894 847 617 624 872 120 814 557 712 783 675 1111 627 1106 1199 261 805 1232 696 288 865 136 1147 951 105 1097 999 515 430 653 708 676 827 493 686 611 210 680 1071 445 386 474 748 616 882 820 764 947 929 849 515 889 748 804 922 657 169 685 908 1022 280 827 379 560
775 858 762 302 1143 955 486 750 73 734 810 990 394 524 461 785 945 842 67 761 444 307 77 0 729 1088 234 795 805 86 1007 976 368 446 661 517 494 298 788 772 1093 238 561 806 929 891 1072 377 892 972 777 1011 377 799 1204 472 895 911 530 669 900 948 509 984 922 599 817 745 876 1118 299 278 690 905 1020 326 882 461 987 484 918 832 753 817 699 646 495 454 714 410 649 990 524 828 733 960 1003 638 952 792 1075 42 567 691 331 607 942 547 891 862 197 612 1152 1113 1111 197 866 630 299 317 740 881 817 602 590 941 53 842 626 727 845 720 1137 592 1146 1232 307 859 1262 765 290 831 193 1177 1003 171 1135 996 554 455 688 770 686 793 489 656 616 283 746 1114 437 391 532 800 581 847 855 736 987 910 846 481 943 739 861 910 709 223 756 873 1044 254 874 433 574
97 996 585 778 829 376 245 504 796 780 111 526 351 237 687 800 288 170 702 203 330 422 751 729 0 667 583 990 672 654 765 809 536 314 96 534 320 522 219 699 535 646 723 764 495 1050 618 546 618 433 719 543 572 879 758 274 184 1077 792 651 1002 229 595 808 885 864 266 653 151 759 510 651 768 723 503 429 253 451 355 545 458 152 111 99 693 718 356 414 74 359 149 823 221 1046 795 303 646 367 652 130 746 686 162 350 781 782 741 705 177 752 543 166 797 834 722 532 414 98 556 419 747 176 124 144 172 1061 684 519 869 362 901 643 694 174 837 835 615 804 835 946 477 167 689 758 869 719 815 339 543 460 536 847 308 140 289 96 276 773 893 846 318 404 701 755 184 191 599 57 727 183 223 262 864 135 855 213 704 669 972 212 580 475 731 648 356
746 706 357 928 192 315 781 340 1158 554 576 141 876 656 722 525 441 789 1028 470 688 862 1060 1088 667 0 856 757 372 1055 239 332 725 700 625 586 627 789 449 433 218 875 664 463 180 753 60 719 226 249 446 126 727 607 117 833 566 774 757 500 676 584 620 324 491 775 402 423 615 110 789 847 585 308 183 936 433 627 380 621 212 535 772 702 504 579 609 638 602 715 582 337 803 804 571 433 103 460 176 541 133 1051 723 417 908 677 285 661 575 390 984 607 141 226 62 951 263 697 792 819 514 555 746 651 796 723 1068 246 756 381 590 441 52 802 203 169 805 454 181 726 808 794 933 95 388 970 179 420 554 633 415 596 440 787 657 743 518 937 675 242 710 711 671 459 806 815 259 721 213 625 451 823 442 537 514 529 503 899 768 822 93 889 353 719 526
650 675 529 211 909 746 369 517 303 522 642 763 324 351 260 571 754 726 173 566 258 213 207 234 583 856 0 625 574 223 774 747 134 270 498 284 293 72 591 545 874 69 357 584 701 716 843 144 658 755 552 784 148 598 972 381 726 739 355 442 711 782 282 754 706 435 613 515 717 884 78 95 480 674 798 296 687 231 786 251 693 656 637 680 476 432 282 231 549 226 471 761 421 667 523 767 769 414 718 616 841 202 431 469 224 413 710 340 724 634 220 437 918 880 878 182 644 490 65 181 521 709 691 441 485 758 225 610 457 505 642 490 906 489 912 999 94 638 1029 588 107 717 107 944 778 140 901 801 321 224 454 566 471 679 303 533 409 200 558 882 265 189 326 578 480 737 621 606 754 752 653 385 722 558 648 734 487 88 589 763 816 173 644 222 353
1085 82 467 496 666 889 889 545 836 227 980 771 902 787 369 237 979 1161 731 842 722 806 725 795 990 757 625 0 404 828 533 445 542 746 896 466 696 616 850 346 919 578 286 299 725 97 789 526 550 850 327 782 505 150 843 926 1037 116 270 348 135 1087 412 455 288 196 833 380 1059 702 629 538 225 449 840 902 923 567 964 467 751 965 1089 1082 311 272 653 609 923 715 841 447 942 56 209 984 658 630 585 937 651 785 905 664 466 223 474 306 1040 367 845 829 713 614 732 807 737 935 582 756 269 1018 1114 865 988 153 815 605 170 672 172 377 804 994 660 803 531 304 855 44 683 1157 606 797 415 624 668 1001 450 560 476 168 703 1126 740 996 715 515 99 603 750 668 316 304 989 1181 532 1039 549 1089 907 924 340 886 247 1020 303 583 41 1202 789 785 405 412 634
768 372 88 589 350 492 660 170 869 185 631 368 719 531 377 167 594 837 740 489 509 661 761 805 672 372 574 404 0 795 205 176 442 530 589 293 457 522 489 61 515 571 302 109 321 425 394 430 150 448 77 379 428 257 474 709 672 450 390 144 359 716 297 182 213 403 460 62 704 349 528 535 213 100 436 754 544 380 569 323 349 607 781 750 135 210 419 412 599 522 532 190 703 457 203 596 269 315 196 587 298 776 640 322 565 307 137 303 677 81 756 534 374 312 363 717 342 647 510 608 143 654 788 580 727 416 799 204 384 314 257 86 423 734 350 465 500 135 508 367 566 836 626 434 219 660 345 608 256 381 151 237 365 813 501 708 411 601 313 311 539 494 315 102 733 860 128 727 195 729 536 702 193 546 193 648 132 591 408 877 389 667 73 386 356
696 885 744 349 1124 901 410 723 143 743 740 950 313 462 476 793 883 761 111 702 388 235 149 86 654 1055 223 828 795 0 992 969 353 387 592 503 443 274 729 768 1044 252 575 808 890 922 1035 365 869 923 775 971 371 816 1171 392 825 944 558 665 924 877 505 976 929 632 761 736 803 1093 270 293 701 894 974 242 821 432 928 472 875 764 673 740 699 654 451 417 645 355 584 983 445 865 744 898 975 598 928 726 1052 57 493 648 376 628 930 559 820 857 114 548 1128 1097 1082 123 823 556 286 255 744 811 738 533 510 968 34 811 658 685 861 712 1103 512 1127 1205 312 861 1232 794 247 750 224 1146 1001 215 1115 934 540 427 668 786 639 712 431 578 565 331 770 1099 377 346 545 801 500 765 832 659 970 837 784 401 946 674 870 842 710 245 790 791 1005 186 866 442 532
857 475 249 793 146 485 808 293 1072 356 698 313 883 676 582 315 608 915 942 564 675 839 964 1007 765 239 774 533 205 992 0 94 640 694 697 490 618 718 554 253 442 774 502 257 300 518 286 630 150 424 258 312 630 386 310 860 715 538 586 349 441 747 501 84 255 585 513 267 757 169 722 740 396 107 381 927 577 566 562 523 339 664 876 825 334 407 586 592 692 694 644 97 844 577 370 605 161 454 117 656 118 976 772 436 769 497 70 505 722 180 945 657 182 107 202 907 364 764 709 789 322 700 867 704 856 485 998 247 562 412 362 291 279 862 146 274 703 232 324 507 755 917 830 264 149 865 144 604 453 569 326 382 475 900 658 821 541 806 461 108 704 674 518 257 863 940 177 822 39 775 582 852 204 631 286 683 328 796 550 952 302 853 150 592 510
903 383 247 743 222 559 825 313 1039 285 751 394 890 694 534 239 677 965 910 613 680 835 928 976 809 332 747 445 176 969 94 0 616 701 734 468 626 697 606 205 530 740 446 188 372 425 377 604 196 501 203 396 600 301 402 876 776 445 523 308 348 812 467 10 162 513 568 233 815 260 703 703 328 88 464 928 640 555 636 497 410 720 920 876 283 350 590 587 735 695 678 15 865 486 297 676 248 472 189 708 211 948 797 466 717 431 69 452 783 117 932 686 269 172 295 893 426 797 683 784 258 760 917 733 884 392 973 294 488 448 273 257 373 890 218 359 670 151 410 421 741 966 793 356 65 826 224 678 431 557 321 301 507 947 669 856 565 757 378 165 710 668 466 190 890 990 210 865 122 836 641 868 111 676 198 747 274 759 463 1004 390 843 104 550 521
617 581 395 252 775 638 366 385 436 406 575 639 361 300 178 452 662 695 305 477 211 264 335 368 536 725 134 542 442 353 640 616 0 232 443 150 218 83 499 416 757 152 258 459 576 627 715 16 524 641 424 659 40 491 842 394 654 652 287 314 611 711 157 623 585 368 513 383 654 751 93 134 368 541 678 362 595 111 686 119 571 580 610 635 351 316 191 130 488 191 403 630 420 590 411 674 637 297 584 542 707 336 405 354 249 320 577 239 653 505 326 375 784 746 745 286 524 453 69 214 400 637 654 393 477 662 358 479 384 388 532 359 776 482 778 866 91 513 897 502 144 688 211 813 649 248 767 706 187 102 320 458 364 652 247 507 314 252 463 748 232 141 227 452 475 710 487 570 620 689 564 394 597 483 529 656 362 178 511 735 690 249 513 133 244
388 771 454 465 804 515 143 401 518 569 373 580 190 81 401 604 499 465 406 316 24 165 453 446 314 700 270 746 530 387 694 701 232 0 228 284 76 208 343 531 662 332 461 589 524 822 671 245 551 541 546 602 271 665 813 185 458 848 511 447 791 513 335 704 720 590 374 486 447 757 197 338 542 614 596 238 436 180 542 280 503 390 379 412 492 488 111 137 279 45 205 716 196 798 579 514 634 245 605 350 725 404 173 283 470 525 644 442 455 608 294 169 795 789 737 267 449 224 243 132 548 442 427 171 247 847 410 471 601 318 699 467 744 252 810 861 304 640 880 703 168 458 377 795 749 409 793 550 310 186 380 631 263 421 45 275 185 459 657 795 11 93 434 581 246 479 518 342 663 482 400 181 717 294 674 469 504 356 720 504 638 203 602 358 184
189 903 501 688 773 361 196 423 731 688 149 487 307 148 591 710 303 265 628 158 242 357 677 661 96 625 498 896 589 592 697 734 443 228 0 438 226 435 182 612 521 559 628 677 446 957 580 453 548 408 632 506 478 788 724 238 234 984 696 559 912 288 499 734 800 768 229 565 219 709 424 562 675 647 476 383 250 356 360 449 413 174 195 194 602 624 261 319 53 272 57 748 194 951 703 318 590 278 587 137 690 618 114 269 690 687 667 609 230 670 485 70 747 773 676 469 363 72 467 345 656 220 219 59 172 970 619 450 773 286 811 554 658 178 781 794 525 719 799 852 395 261 606 718 793 637 760 356 448 365 448 755 227 231 198 124 184 684 799 784 234 315 605 668 183 285 525 143 660 254 214 226 782 98 768 251 613 583 877 307 543 408 651 552 262
625 487 246 349 626 543 428 246 584 286 543 513 458 321 172 326 592 703 453 420 260 381 479 517 534 586 284 466 293 503 490 468 150 284 438 0 230 229 436 272 642 291 190 321 450 538 581 140 377 533 282 532 143 381 702 469 613 564 264 174 506 667 63 474 451 332 437 235 624 604 235 261 258 391 560 478 526 106 602 35 452 537 626 629 216 204 187 147 471 260 386 482 479 520 295 601 494 207 437 504 559 486 439 260 335 250 427 172 614 359 466 369 637 596 602 426 411 471 218 328 270 594 657 402 523 562 508 342 336 286 416 212 638 529 629 720 220 374 754 422 276 698 349 670 504 385 618 628 37 102 173 347 285 666 274 531 267 356 374 598 290 219 168 313 524 722 340 579 470 658 500 465 457 446 399 605 228 314 443 744 559 380 364 147 183
405 715 379 467 728 461 205 325 567 507 357 512 265 92 369 540 461 484 447 274 60 235 491 494 320 627 293 696 457 443 618 626 218 76 226 230 0 223 299 461 601 346 416 521 454 767 601 227 475 480 477 533 252 606 741 253 439 793 476 382 731 495 286 629 652 552 324 415 436 683 215 343 484 539 532 313 395 134 496 233 436 366 403 419 427 431 43 95 270 89 185 641 253 749 519 474 560 170 529 327 649 453 209 211 467 478 569 397 437 536 360 157 720 713 663 329 382 245 250 193 483 421 441 179 293 788 463 396 560 247 636 397 672 299 734 788 303 570 808 652 204 478 398 722 676 432 718 509 250 142 306 572 197 443 46 304 123 464 603 720 86 105 391 512 295 501 442 358 587 471 360 247 645 268 608 443 439 371 672 525 568 265 528 328 108
595 659 470 258 850 674 323 452 369 489 576 694 297 287 248 536 683 671 241 496 193 192 278 298 522 789 72 616 522 274 718 697 83 208 435 229 223 0 520 498 803 124 336 543 632 704 774 98 596 684 507 715 113 573 906 342 659 728 353 397 690 715 240 703 669 435 541 464 652 821 14 131 451 620 727 287 617 163 715 200 623 588 583 620 434 399 210 159 484 164 404 711 376 662 493 696 705 343 656 548 779 263 377 398 265 397 656 318 657 587 242 371 856 822 813 202 573 432 39 147 483 642 634 379 438 741 282 543 453 434 614 440 839 443 853 935 103 596 964 577 69 663 175 879 731 209 841 730 266 156 394 540 400 626 237 479 338 251 541 825 205 121 305 535 434 684 559 549 695 688 583 344 680 490 612 666 446 149 583 710 747 169 593 204 282
305 841 403 751 610 182 366 319 860 626 145 309 474 269 607 636 163 361 745 28 344 500 789 788 219 449 591 850 489 729 554 606 499 343 182 436 299 520 0 527 340 640 614 590 276 896 402 503 410 226 547 327 525 722 544 414 187 922 697 502 839 237 498 604 700 758 48 483 215 540 513 632 625 524 294 547 97 391 199 459 239 118 327 271 540 583 312 370 153 378 155 619 374 906 643 176 428 231 438 103 528 746 292 187 745 664 537 599 191 565 632 190 578 617 503 608 196 253 544 474 588 169 314 223 354 897 752 311 756 179 735 479 479 359 619 618 589 623 620 807 502 363 694 541 668 730 597 210 430 401 374 693 152 348 299 295 185 751 751 629 352 404 599 582 365 386 396 275 515 242 65 402 672 88 680 172 549 666 839 399 364 544 539 576 261
796 320 126 542 400 545 666 209 834 124 667 427 716 541 331 112 641 867 706 525 508 650 724 772 699 433 545 346 61 768 253 205 416 531 612 272 461 498 527 0 575 535 249 65 379 374 455 403 211 503 21 439 397 202 534 713 713 400 334 103 313 758 264 212 191 343 502 47 742 406 506 498 152 146 494 745 589 368 621 298 404 645 807 781 81 154 420 404 627 517 555 218 712 400 142 645 330 335 257 623 354 745 653 351 517 248 183 252 717 89 737 554 429 358 422 698 393 666 482 597 82 695 818 597 741 371 770 258 324 349 209 64 484 748 399 520 466 110 565 309 547 865 588 492 233 621 396 658 236 368 164 179 394 840 506 728 430 555 253 356 539 484 265 56 746 889 188 753 249 769 578 707 187 578 156 691 75 555 348 908 450 652 105 346 366
596 880 466 990 410 161 706 411 1165 699 428 148 812 598 803 682 262 624 1041 367 657 826 1080 1093 535 218 874 919 515 1044 442 530 757 662 521 642 601 803 340 575 0 908 768 621 201 930 161 755 369 121 593 138 770 770 253 754 394 953 862 612 857 397 691 522 679 898 297 549 445 328 799 889 720 483 83 882 282 647 192 675 190 386 626 544 631 699 598 643 483 690 494 537 714 971 717 251 282 461 346 405 349 1053 632 405 976 797 471 760 403 559 956 527 355 444 278 929 233 590 816 792 656 388 587 563 690 909 1064 325 885 369 762 561 211 694 420 348 845 626 328 883 803 631 967 274 590 1004 397 226 618 655 496 752 406 632 617 624 479 995 828 460 673 702 767 615 701 649 387 582 408 446 313 742 633 423 689 354 633 934 923 651 140 864 522 787 521
716 634 535 142 914 787 437 534 299 497 700 791 393 411 225 548 804 792 171 617 318 281 190 238 646 875 69 578 571 252 774 740 152 332 559 291 346 124 640 535 908 0 325 568 728 671 866 156 668 792 540 811 148 565 991 450 783 693 307 432 672 839 274 747 684 384 659 510 777 895 135 41 453 671 830 361 737 262 832 256 724 711 703 743 461 408 328 272 609 287 528 753 489 617 496 816 784 448 728 672 849 216 497 505 156 376 708 310 781 624 274 496 927 881 892 239 676 554 97 249 501 766 756 503 553 717 245 629 408 539 610 485 926 557 916 1010 71 620 1044 543 174 783 59 960 765 96 907 849 326 253 464 535 512 746 362 599 456 131 518 882 328 245 295 562 548 804 631 671 757 812 704 453 705 613 624 789 471 26 541 829 841 239 638 194 392
815 323 310 299 648 696 604 358 615 175 729 626 616 508 100 228 762 893 494 601 437 522 501 561 723 664 357 286 302 575 502 446 258 461 628 190 416 336 614 249 768 325 0 260 568 369 675 242 438 673 245 642 223 241 772 640 796 394 94 164 355 849 129 455 364 144 608 244 810 651 348 284 130 395 685 620 699 284 763 183 581 721 816 819 168 96 374 326 661 429 576 457 658 337 173 770 562 383 493 689 600 541 624 430 272 64 432 20 797 330 574 559 676 606 662 534 550 660 306 472 190 777 847 591 706 405 569 445 146 448 286 223 716 712 648 766 264 309 809 245 401 888 368 733 458 396 644 793 185 276 273 211 461 855 458 719 454 314 205 603 465 382 31 256 706 911 406 768 496 843 676 638 390 633 302 785 174 338 259 934 662 505 353 135 370
861 263 188 559 402 601 726 272 865 98 731 473 773 602 353 62 701 931 739 589 566 702 753 806 764 463 584 299 109 808 257 188 459 589 677 321 521 543 590 65 621 568 260 0 429 316 492 445 252 557 45 484 437 149 556 773 776 341 335 147 251 821 303 198 131 328 565 111 805 421 551 529 141 158 542 798 650 422 678 344 457 709 871 846 109 165 480 460 692 573 619 198 773 350 113 705 362 399 288 687 369 781 716 416 532 243 190 268 780 78 784 618 439 356 444 744 451 730 523 649 70 758 883 661 804 308 807 313 305 413 148 124 512 810 400 531 500 54 579 264 595 930 618 513 199 649 401 717 287 420 228 133 458 904 566 792 494 574 212 350 597 538 283 9 808 954 235 818 263 832 641 767 138 643 91 753 98 585 306 972 491 701 112 374 429
579 691 266 799 335 187 601 212 1001 501 412 63 697 477 606 488 308 630 873 294 514 688 908 929 495 180 701 725 321 890 300 372 576 524 446 450 454 632 276 379 201 728 568 429 0 743 147 573 185 131 397 83 585 578 289 653 418 768 662 411 674 448 496 367 504 697 230 350 463 264 631 705 520 307 118 759 280 471 264 484 40 374 603 540 431 498 440 475 427 543 402 383 623 778 520 305 154 292 185 374 253 891 543 243 784 596 305 560 426 374 813 426 302 346 229 781 83 518 640 647 459 405 584 471 617 728 905 124 684 207 575 361 220 623 344 349 662 441 360 687 643 633 787 276 436 825 321 306 424 478 296 557 262 622 480 567 341 806 631 359 535 544 567 423 627 655 194 551 261 479 290 643 463 362 505 385 434 754 726 665 115 719 339 593 357
1146 55 499 593 639 917 965 581 932 271 1031 784 984 857 458 262 1015 1220 827 891 798 891 821 891 1050 753 716 97 425 922 518 425 627 822 957 538 767 704 896 374 930 671 369 316 743 0 790 611 562 872 353 793 591 174 828 1004 1082 27 364 400 78 1130 488 435 263 292 874 414 1109 685 716 631 284 449 854 989 962 642 994 543 773 1013 1152 1138 358 336 724 684 980 793 901 425 1017 87 255 1019 658 685 587 988 636 880 975 713 563 307 468 388 1087 372 936 892 691 586 720 897 766 1001 671 841 308 1064 1172 931 1060 62 911 629 265 717 169 417 796 1066 632 778 622 304 831 128 770 1217 701 781 384 720 643 1032 517 636 522 204 754 1188 812 1063 774 612 166 574 827 748 400 323 1062 1241 549 1100 540 1137 950 1001 315 939 241 1063 348 677 137 1262 795 873 408 500 697
694 742 366 928 252 258 744 335 1144 578 523 94 842 622 727 553 383 735 1015 424 661 835 1049 1072 618 60 843 789 394 1035 286 377 715 671 580 581 601 774 402 455 161 866 675 492 147 790 0 710 244 192 470 75 720 639 144 796 510 812 769 512 715 526 620 369 532 793 354 439 559 170 774 840 606 342 125 905 379 612 321 616 171 482 721 648 522 595 586 619 555 689 541 383 763 838 596 375 132 438 204 490 189 1035 682 390 910 694 324 671 519 422 960 567 201 283 121 928 225 652 780 794 537 500 693 610 753 764 1050 239 776 353 625 456 77 758 262 218 798 488 219 756 788 740 925 140 436 962 238 361 551 619 416 625 408 734 627 697 487 936 703 299 682 690 680 487 763 760 271 671 256 568 399 785 484 490 550 472 522 891 798 767 38 865 385 719 503
628 565 385 247 766 639 380 379 444 391 582 635 377 311 162 438 666 706 314 482 223 280 342 377 546 719 144 526 430 365 630 604 16 245 453 140 227 98 503 403 755 156 242 445 573 611 710 0 516 640 411 656 26 476 836 409 661 636 272 301 595 717 142 611 571 353 516 371 662 743 108 134 353 530 676 377 599 113 689 107 569 587 622 645 337 301 197 136 497 204 412 618 434 575 395 678 630 297 576 549 698 346 417 354 243 305 566 223 660 492 340 384 776 736 738 300 522 465 79 230 385 643 665 403 490 646 369 473 369 387 517 347 770 496 768 858 90 499 890 486 159 699 215 806 636 252 758 709 176 103 312 443 366 663 258 519 319 248 447 737 245 154 211 438 488 721 479 581 610 697 568 409 583 490 514 662 348 181 496 746 685 265 501 118 246
711 511 135 708 256 369 661 151 960 335 556 223 739 529 500 313 483 771 829 419 533 701 857 892 618 226 658 550 150 869 150 196 524 551 548 377 475 596 410 211 369 668 438 252 185 562 244 516 0 316 227 232 520 401 335 713 580 585 530 274 490 617 403 194 319 550 372 197 619 227 599 637 362 123 293 787 444 438 447 412 219 524 729 681 279 353 445 458 545 554 494 209 695 602 353 483 124 307 60 513 183 858 622 287 687 452 127 435 586 191 813 507 260 238 228 776 230 615 592 653 293 564 723 554 706 544 878 100 533 263 393 215 278 712 261 343 597 258 379 515 626 772 725 298 260 762 247 488 342 442 204 384 325 755 513 672 392 718 461 245 561 539 446 247 714 796 37 675 114 640 445 704 279 484 321 551 279 691 556 810 240 719 155 500 366
504 819 384 879 433 67 588 317 1045 624 333 115 693 478 699 614 193 543 921 251 536 705 961 972 433 249 755 850 448 923 424 501 641 541 408 533 480 684 226 503 121 792 673 557 131 872 192 640 316 0 523 125 656 704 326 637 318 897 766 524 803 337 586 495 634 809 180 471 367 354 680 774 639 438 71 762 187 530 138 565 99 291 532 457 549 612 478 525 375 568 377 511 599 903 642 187 267 344 312 303 358 932 517 287 867 708 435 663 326 504 835 409 388 454 309 807 123 479 698 671 581 307 501 447 579 858 943 245 798 253 703 479 266 584 443 409 730 571 403 811 682 548 850 331 565 887 419 181 512 539 400 682 286 543 496 517 358 883 755 469 551 581 668 550 590 568 323 484 386 376 210 626 594 312 634 280 553 818 849 574 155 743 470 680 402
816 300 146 541 405 565 682 229 839 108 687 445 731 558 331 92 662 887 711 545 523 662 727 777 719 446 552 327 77 775 258 203 424 546 632 282 477 507 547 21 593 540 245 45 397 353 470 411 227 523 0 456 404 182 545 729 733 379 328 110 292 779 270 211 175 332 523 66 762 415 515 502 140 153 513 758 609 381 641 307 423 665 826 801 80 149 436 418 647 531 574 215 728 381 126 665 344 354 270 643 363 751 671 372 515 239 189 250 738 86 747 572 437 362 433 708 413 685 489 609 67 715 838 616 759 350 776 278 311 369 189 80 497 765 404 528 471 94 574 290 558 885 592 503 226 624 402 679 247 380 183 160 414 860 522 747 449 555 235 358 554 497 264 36 763 909 206 773 257 789 599 723 174 598 136 712 72 558 330 928 466 663 109 348 384
621 742 335 881 309 191 671 290 1083 563 450 21 770 550 685 545 318 664 955 349 592 766 991 1011 543 126 784 782 379 971 312 396 659 602 506 532 533 715 327 439 138 811 642 484 83 793 75 656 232 125 456 0 668 633 219 722 441 816 737 483 720 461 576 390 542 768 279 416 490 229 713 788 586 346 69 834 307 553 260 566 98 410 647 576 498 568 520 558 480 622 466 405 689 833 582 311 151 374 210 416 235 973 608 323 865 667 335 636 450 421 893 493 264 332 185 861 153 578 723 726 521 430 621 536 678 772 987 198 753 287 625 429 152 683 319 292 745 488 293 746 724 669 870 214 459 908 295 302 505 561 374 615 338 661 557 622 417 888 692 347 612 625 644 478 688 689 251 597 276 500 326 711 497 415 552 405 500 837 787 696 37 798 384 674 439
654 546 388 226 767 657 405 387 443 378 607 648 400 337 139 425 688 732 312 504 249 301 337 377 572 727 148 505 428 371 630 600 40 271 478 143 252 113 525 397 770 148 223 437 585 591 720 26 520 656 404 668 0 459 844 434 685 616 248 294 577 741 134 607 560 329 537 368 687 747 125 120 338 528 690 398 620 134 709 108 583 611 648 671 328 287 221 161 522 230 436 614 460 553 381 699 636 314 580 573 702 348 443 372 220 284 564 204 684 487 354 409 779 736 744 314 537 491 87 252 374 667 691 429 516 628 373 482 345 404 501 343 779 521 770 863 78 490 896 465 179 725 206 812 630 243 760 730 178 124 316 427 385 689 284 545 341 228 428 737 271 180 192 430 514 747 483 607 611 722 590 434 575 513 502 685 339 172 473 772 696 282 497 94 266
