NAME : X-n162-k11_SARP
COMMENT : Curated from VRPLIB to SARP
TYPE : SARP
DIMENSION : 161
EDGE_WEIGHT_TYPE : EXPLICIT
EDGE_WEIGHT_FORMAT : FULL_MATRIX
EDGE_WEIGHT_SECTION
0 402 228 292 588 312 230 486 498 380 379 464 251 170 387 409 386 473 457 195 602 422 460 442 543 385 276 362 478 354 469 208 384 471 530 419 474 371 189 230 461 50 350 497 252 62 587 377 305 348 324 406 471 666 269 248 498 435 362 244 589 490 200 259 260 354 338 174 180 480 522 371 330 413 411 496 455 437 387 588 289 320 421 261 382 499 539 294 358 521 442 489 547 198 449 356 530 496 311 367 491 401 287 179 239 166 263 215 165 298 418 448 314 427 150 542 317 5 564 461 439 314 209 152 305 247 408 488 483 313 511 399 439 374 525 455 190 500 74 238 629 335 435 381 401 361 516 615 420 118 536 486 352 336 614 559 395 438 448 328 230
402 0 330 693 279 714 288 888 502 709 62 249 652 430 236 790 788 870 230 299 308 750 509 813 185 341 143 724 880 367 850 599 785 848 886 105 874 331 428 630 863 381 271 343 581 404 317 747 701 459 710 807 633 948 402 187 239 827 653 346 268 707 396 624 400 745 295 228 505 747 193 764 397 815 809 847 854 774 778 877 150 165 821 662 695 340 198 664 439 916 844 890 911 568 73 755 282 679 182 296 884 803 689 374 536 500 597 509 274 617 817 475 626 465 539 832 425 407 324 660 759 218 236 412 706 394 634 644 885 210 870 801 825 772 217 799 416 902 476 635 917 681 837 409 803 309 917 347 587 404 921 888 507 202 982 346 367 710 677 253 631
228 330 0 477 408 483 42 639 648 389 344 268 409 124 448 618 547 660 494 49 414 428 252 510 399 499 280 582 635 127 555 337 559 549 571 288 650 485 391 424 623 254 438 576 480 178 390 448 501 525 532 582 674 618 78 287 312 632 326 23 415 382 386 330 74 469 442 200 208 418 363 569 485 581 596 530 590 454 588 547 180 352 600 445 610 281 384 370 151 709 602 634 763 288 340 540 334 706 158 148 604 564 457 67 218 393 287 437 102 299 603 231 305 212 367 502 488 229 361 338 666 380 288 118 464 421 306 336 635 140 557 552 536 562 355 481 387 646 272 381 587 370 601 528 552 139 687 415 271 325 736 635 189 162 826 348 168 664 350 412 417
292 693 477 0 871 38 496 203 641 333 665 739 83 363 635 160 107 184 711 462 883 357 643 282 834 591 560 179 193 586 275 158 93 286 379 711 182 581 342 64 173 313 584 718 228 310 863 244 40 483 95 114 508 601 480 526 778 157 382 484 874 540 378 224 471 164 563 465 293 478 810 98 502 124 120 365 195 352 119 530 579 590 129 32 283 757 828 216 557 233 157 213 310 216 742 64 806 505 595 625 253 118 39 411 333 241 284 281 448 316 128 646 331 625 161 493 470 288 836 538 303 569 479 361 64 421 480 591 203 593 359 127 237 85 811 349 354 223 221 118 564 282 146 552 132 615 224 890 539 315 262 208 507 617 362 824 631 372 501 570 62
588 279 408 871 0 883 379 1045 781 779 341 143 811 532 513 997 950 1055 495 411 33 814 437 912 109 620 401 944 1040 349 959 742 959 952 963 190 1050 610 674 813 1027 587 549 611 813 562 62 852 889 732 912 982 906 951 443 444 96 1021 704 410 21 694 648 738 448 877 573 441 616 764 85 957 672 983 992 921 997 842 974 893 305 441 999 839 938 191 84 777 423 1104 1006 1041 1132 696 206 935 88 950 277 275 1012 967 857 474 619 725 691 749 424 696 999 401 698 404 737 854 697 591 98 644 1000 494 487 524 867 656 643 604 1041 279 951 958 943 956 67 872 664 1053 653 785 928 770 1004 687 957 290 1089 81 569 633 1123 1042 509 255 1200 135 316 965 679 530 810
312 714 483 38 883 0 505 176 678 306 688 748 75 365 665 180 76 179 741 472 892 327 635 246 850 625 584 212 167 587 237 152 76 248 342 727 167 614 376 92 149 337 616 752 266 322 872 211 73 519 127 99 546 567 479 551 788 163 360 488 887 518 411 206 471 128 595 486 290 452 824 114 537 102 116 329 159 320 135 498 595 617 117 57 319 761 843 193 553 228 131 182 326 209 760 64 815 542 608 630 215 90 26 416 324 275 269 317 462 298 122 640 312 620 191 462 506 307 843 519 336 598 505 366 32 455 462 574 174 604 322 93 199 88 823 315 387 193 238 108 531 257 123 588 98 619 207 898 525 345 266 178 499 628 373 830 632 409 480 601 85
230 288 42 496 379 505 0 666 621 428 303 244 432 157 412 631 571 680 455 36 388 468 277 546 363 469 243 591 661 139 589 363 581 584 610 249 672 454 379 440 648 249 406 540 480 190 367 483 518 504 546 604 659 660 117 253 284 649 366 60 385 423 370 363 114 499 411 171 240 459 329 586 461 604 616 569 619 493 604 589 138 315 622 464 610 269 349 403 180 729 627 662 774 317 300 560 310 692 119 136 636 588 479 97 256 392 324 432 80 337 623 252 345 234 376 544 466 232 340 379 668 346 258 146 488 402 347 373 662 104 595 578 570 581 324 520 374 674 284 406 629 407 625 501 578 131 710 394 310 316 753 662 228 127 839 331 173 660 391 379 435
486 888 639 203 1045 176 666 0 830 366 863 907 238 516 838 227 100 123 915 635 1053 367 756 239 1019 792 759 306 14 732 195 303 116 212 305 896 80 782 543 266 37 512 787 920 413 491 1029 252 213 675 242 102 672 555 623 726 950 167 443 641 1050 585 580 323 616 184 766 660 435 501 991 184 700 81 124 314 69 347 191 501 765 792 102 231 423 911 1010 291 686 144 46 27 315 352 932 153 973 658 775 784 122 86 199 572 452 442 384 476 631 399 121 767 408 749 364 478 666 481 999 601 415 772 681 521 182 621 549 663 8 768 290 88 172 151 988 327 555 28 412 260 524 334 61 748 88 772 75 1054 626 519 214 15 619 792 328 982 776 509 554 773 260
498 502 648 641 781 678 621 830 0 868 440 733 662 656 267 629 745 746 303 599 810 908 897 895 680 163 408 540 817 756 905 665 715 912 992 600 774 176 323 592 794 448 236 204 417 554 818 837 619 161 588 728 218 1160 719 378 736 690 860 670 768 985 300 738 712 783 218 449 678 977 695 649 169 750 710 965 835 919 648 1082 546 347 731 625 439 814 698 765 798 775 785 846 674 680 574 678 779 264 599 720 894 752 666 637 737 411 756 362 546 793 715 872 810 855 507 1036 184 501 821 952 485 297 362 634 694 252 903 969 832 624 972 767 868 679 719 931 316 855 538 672 1122 819 769 121 772 725 816 849 901 385 741 838 824 633 741 838 782 388 944 259 605
380 709 389 333 779 306 428 366 868 0 709 637 258 279 760 485 317 452 825 411 778 42 413 148 785 764 621 511 370 433 201 214 355 189 184 676 419 751 546 334 372 429 727 875 512 337 748 114 373 711 428 372 793 292 337 606 684 458 84 379 790 220 569 133 333 194 717 515 211 146 747 419 704 353 402 142 298 65 440 215 561 680 391 320 604 613 768 120 368 493 352 347 627 188 728 364 696 802 547 505 275 332 294 335 173 471 119 528 437 92 406 432 83 417 379 171 684 375 711 235 633 685 578 298 274 617 187 298 359 528 172 306 203 387 735 93 552 358 330 229 255 53 363 756 300 489 437 766 269 484 550 355 286 549 665 687 473 690 188 704 318
379 62 344 665 341 688 303 863 440 709 0 305 630 431 174 753 763 838 176 306 370 751 546 805 245 280 105 683 855 400 839 582 757 838 882 163 845 269 381 601 837 352 209 285 537 390 378 739 669 400 674 778 574 960 420 143 299 792 659 363 329 726 347 615 417 729 234 206 501 760 255 731 338 788 779 844 833 774 743 887 169 106 792 634 647 394 260 654 467 883 819 867 868 557 135 726 342 620 213 335 868 778 664 379 538 459 594 463 273 617 786 512 628 500 507 841 367 384 384 681 710 158 193 412 683 340 650 671 861 242 866 777 812 741 278 798 368 879 453 616 928 678 810 348 780 346 888 409 610 364 884 864 529 239 940 404 406 657 694 192 604
464 249 268 739 143 748 244 907 733 637 305 0 675 392 475 871 814 923 479 277 145 672 313 770 175 570 328 825 903 208 817 605 824 810 820 145 916 557 575 683 891 470 498 590 702 431 124 710 760 659 786 847 829 816 301 366 48 892 562 268 153 560 554 597 306 736 516 337 476 626 128 828 602 847 859 779 858 700 846 756 202 386 865 707 830 93 148 635 284 972 870 902 1011 557 197 803 67 870 160 132 870 831 723 335 477 613 548 643 299 553 867 276 556 275 613 716 621 467 102 510 891 436 401 386 731 571 505 475 903 151 808 820 801 825 106 729 566 914 524 649 792 628 868 627 820 148 954 151 434 524 995 903 370 129 1077 107 180 867 543 474 678
251 652 409 83 811 75 432 238 662 258 630 675 0 290 621 243 140 254 696 400 820 286 562 235 781 592 526 254 231 512 243 77 151 250 333 659 241 580 346 79 217 283 575 716 267 253 798 184 121 501 173 174 552 537 404 496 716 236 301 414 815 459 379 141 396 121 557 425 216 401 754 180 511 172 190 311 204 285 202 464 528 565 192 63 347 687 773 138 478 303 196 239 392 135 695 137 742 555 538 556 246 157 51 342 251 251 201 302 393 233 197 566 249 546 156 424 483 246 770 456 376 551 453 291 56 425 398 508 235 533 313 150 207 161 752 287 356 250 176 35 500 205 193 563 151 545 278 824 456 304 340 237 426 556 443 756 557 434 419 558 63
170 430 124 363 532 365 157 516 656 279 431 392 290 0 500 512 426 544 557 134 538 320 300 390 520 525 347 488 513 223 432 216 441 427 457 404 531 511 358 315 502 215 476 622 408 109 513 326 391 514 429 464 641 537 118 339 436 520 230 125 539 330 366 207 109 344 472 245 84 339 486 459 487 460 480 417 466 344 479 461 283 412 482 332 533 397 506 246 202 592 480 510 661 165 452 424 458 665 275 268 480 443 340 60 106 329 168 382 159 187 487 294 197 272 278 415 480 169 482 297 585 426 320 23 344 410 248 318 512 261 441 430 413 448 479 369 359 522 182 260 502 252 480 536 429 256 566 538 250 287 625 512 182 284 720 467 268 599 291 450 307
387 236 448 635 513 665 412 838 267 760 174 475 621 500 0 688 741 789 77 402 543 803 682 829 413 112 171 607 828 535 854 593 725 856 917 336 804 106 303 573 807 344 58 128 458 423 553 764 629 257 620 743 422 1035 526 163 472 737 727 471 501 822 264 646 521 735 87 256 550 838 428 681 195 758 736 883 822 821 688 959 306 98 753 608 546 561 431 682 591 829 792 847 782 585 307 689 516 471 357 483 867 753 645 461 600 400 642 383 353 672 743 652 686 637 475 912 232 392 558 782 606 75 182 477 669 235 742 784 838 386 898 758 822 700 452 840 289 858 454 617 1000 720 780 188 762 491 848 583 719 320 817 842 637 390 854 577 551 535 786 65 581
409 790 618 160 997 180 631 227 629 485 753 871 243 512 688 0 187 119 765 596 1011 504 800 407 948 620 650 89 213 734 384 317 143 398 497 824 154 613 386 197 191 414 632 748 231 442 995 385 124 484 86 138 453 736 630 610 907 63 540 628 997 698 424 383 621 299 606 568 449 632 929 67 522 165 107 492 265 495 46 670 695 664 129 185 201 898 945 373 710 147 193 251 150 374 847 122 938 435 720 765 332 180 196 554 492 294 444 305 573 475 108 801 490 780 259 637 484 406 971 698 188 632 560 507 212 455 640 751 232 722 478 207 349 102 933 486 399 255 348 278 701 437 174 565 215 756 191 1023 699 388 131 240 665 745 208 962 778 283 659 624 206
386 788 547 107 950 76 571 100 745 317 763 814 140 426 741 187 0 136 817 539 959 329 681 221 921 698 659 246 92 645 197 210 44 212 310 798 109 688 449 168 77 413 691 825 329 393 937 208 126 587 168 55 601 550 536 627 855 145 384 550 955 536 485 245 528 123 670 560 346 461 894 125 609 38 87 306 91 315 142 487 667 693 74 132 361 822 913 220 605 180 56 107 314 263 833 74 880 593 678 693 155 18 99 479 371 348 308 386 533 330 90 689 342 670 266 456 576 381 907 545 366 674 581 429 84 528 489 603 98 672 291 23 162 86 892 303 461 117 312 166 515 275 55 658 30 681 141 962 560 421 234 102 543 696 348 892 690 451 501 676 161
473 870 660 184 1055 179 680 123 746 452 838 923 254 544 789 119 136 0 866 646 1067 461 812 344 1017 728 733 207 110 766 308 330 105 325 421 893 43 721 486 244 94 489 735 857 339 494 1047 341 169 598 169 84 572 670 658 696 962 56 520 666 1058 672 525 377 650 258 710 643 469 595 994 108 632 99 64 425 180 446 101 611 762 756 64 216 319 939 1011 355 731 49 107 150 193 387 922 120 990 553 779 808 242 120 204 593 500 389 440 410 632 464 57 818 477 798 331 584 595 469 1020 680 301 729 648 544 203 560 625 739 130 777 405 146 279 99 995 431 500 150 404 286 636 411 91 677 152 797 72 1074 694 477 99 138 674 801 215 1007 811 401 637 724 246
457 230 494 711 495 741 455 915 303 825 176 479 696 557 77 765 817 866 0 449 527 867 714 899 389 171 214 684 904 567 926 665 801 928 986 334 881 169 380 649 884 416 133 115 535 489 541 834 706 324 697 820 481 1094 571 219 468 815 787 515 480 873 342 714 567 808 161 313 614 895 412 758 264 835 813 950 897 887 766 1019 334 146 830 684 620 569 411 751 630 906 868 923 857 653 293 766 511 530 383 507 941 829 721 514 660 477 706 460 405 735 820 682 749 669 551 972 303 462 552 831 680 145 249 536 744 312 794 828 914 412 967 834 894 777 439 907 367 934 526 690 1060 786 857 248 838 518 925 570 765 396 894 919 682 411 929 575 578 606 838 142 656
195 299 49 462 411 472 36 635 599 411 306 277 400 134 402 596 539 646 449 0 421 452 300 523 389 450 236 555 630 169 565 332 548 560 590 271 639 436 347 406 616 215 390 529 445 154 401 459 483 477 511 571 629 654 125 240 316 615 355 72 416 424 340 338 119 471 394 152 215 453 357 551 436 572 582 550 589 476 570 581 150 306 588 430 575 304 377 378 200 695 595 631 739 289 318 526 344 661 143 172 609 556 446 76 238 357 302 398 53 319 590 278 328 259 341 535 440 197 375 382 633 332 239 120 456 374 346 383 631 133 575 547 544 547 353 502 343 644 248 375 622 386 593 479 547 166 678 428 317 283 718 632 235 157 803 366 206 625 390 363 401
602 308 414 883 33 892 388 1053 810 778 370 145 820 538 543 1011 959 1067 527 421 0 812 423 913 142 649 426 961 1048 345 961 750 969 953 961 216 1060 639 696 825 1036 604 578 642 832 573 37 854 902 759 926 992 932 941 444 468 105 1034 701 414 52 684 671 742 449 882 601 461 621 757 115 970 698 992 1003 919 1003 840 987 884 323 469 1009 850 957 177 116 780 417 1116 1015 1048 1148 702 236 946 82 976 292 275 1016 976 867 481 621 744 693 769 438 696 1010 388 698 393 752 847 723 605 78 635 1019 522 511 531 876 680 636 591 1048 290 950 966 946 968 92 870 686 1060 665 794 918 771 1013 715 965 290 1098 49 560 652 1136 1049 503 267 1216 114 310 988 671 559 821
422 750 428 357 814 327 468 367 908 42 751 672 286 320 803 504 329 461 867 452 812 0 436 134 823 806 663 536 372 467 188 249 369 173 149 716 426 792 585 364 376 470 770 917 546 380 781 121 397 750 452 384 828 255 373 649 720 473 112 418 825 221 609 171 370 206 759 557 254 134 784 437 744 363 415 107 298 29 458 179 602 723 402 347 633 644 805 151 399 500 358 346 642 228 768 382 730 836 586 540 266 342 317 376 214 508 161 565 479 134 419 458 124 443 415 138 724 417 744 244 659 728 621 339 295 658 203 308 359 567 140 315 197 404 771 60 592 355 371 259 218 89 370 797 309 524 440 799 288 524 560 354 315 588 676 718 505 720 195 747 347
460 509 252 643 437 635 277 756 897 413 546 313 562 300 682 800 681 812 714 300 423 436 0 560 488 745 511 784 756 147 613 485 707 601 581 426 790 730 638 605 751 496 680 809 707 401 387 515 676 776 719 728 923 520 191 527 358 798 328 229 453 266 636 436 200 572 687 448 351 349 442 741 736 718 750 541 693 465 762 469 380 583 748 615 833 246 461 465 103 859 729 743 950 428 486 698 349 952 333 214 683 698 613 282 311 625 374 675 353 357 757 37 350 45 578 437 739 460 346 218 884 619 535 313 608 672 236 169 750 304 575 679 610 723 418 495 635 754 481 528 500 427 735 778 675 201 819 396 150 569 901 747 137 308 1005 313 143 897 261 653 594
442 813 510 282 912 246 546 239 895 148 805 770 235 390 829 407 221 344 899 523 913 134 560 0 909 814 708 456 246 572 54 237 265 41 98 794 305 802 575 311 254 485 789 934 500 416 885 66 319 734 372 275 785 329 469 686 816 365 232 505 921 355 605 190 464 119 774 601 309 266 873 343 739 251 308 84 170 111 361 267 671 760 291 284 565 753 894 150 511 378 237 216 533 249 841 287 831 785 665 638 131 231 246 449 294 484 223 536 539 217 310 579 217 563 388 240 714 437 849 378 580 756 651 404 218 653 333 442 231 650 78 203 66 306 864 89 584 224 376 223 294 142 253 792 196 624 313 905 417 524 443 225 431 672 559 827 613 654 329 768 296
543 185 399 834 109 850 363 1019 680 785 245 175 781 520 413 948 921 1017 389 389 142 823 488 909 0 523 321 888 1013 373 952 718 924 947 968 124 1015 513 603 773 998 534 453 504 751 528 165 846 848 644 864 947 818 985 451 364 133 978 716 406 92 730 574 726 453 859 479 381 603 790 47 914 582 951 954 927 976 850 930 921 255 350 963 802 870 256 30 766 452 1064 977 1017 1077 678 112 898 159 863 246 293 998 937 824 460 617 665 686 682 388 697 961 451 702 449 690 880 610 547 190 680 933 402 412 508 837 576 670 648 1015 259 955 931 932 917 75 878 592 1029 614 759 958 769 973 593 931 309 1056 189 604 570 1077 1017 534 237 1146 224 352 890 709 436 772
385 341 499 591 620 625 469 792 163 764 280 570 592 525 112 620 698 728 171 450 649 806 745 814 523 0 246 535 780 601 832 577 676 837 907 438 749 15 249 533 758 336 72 129 390 433 656 751 578 154 560 692 312 1050 574 219 573 674 743 522 609 855 214 641 567 710 58 299 561 859 535 623 100 710 681 876 784 821 627 972 385 184 700 568 459 651 539 672 649 765 745 804 699 580 414 639 616 361 437 560 835 708 607 497 617 350 647 318 398 681 688 718 697 701 437 925 139 389 658 819 517 134 212 503 633 170 773 829 792 463 887 717 798 646 557 837 237 813 440 594 1013 719 731 77 722 566 792 687 762 290 745 798 682 472 770 675 624 438 816 96 543
276 143 280 560 401 584 243 759 408 621 105 328 526 347 171 650 659 733 214 236 426 663 511 708 321 246 0 582 751 364 740 482 653 740 789 211 740 232 285 496 732 247 175 298 438 292 426 642 565 333 570 674 506 883 358 44 338 688 577 302 394 660 254 520 354 629 190 107 410 683 318 627 275 684 674 752 730 684 639 808 139 73 687 530 552 406 328 558 421 779 714 764 768 460 210 621 380 550 192 316 767 674 560 301 452 357 503 366 191 530 682 481 542 466 402 762 297 281 422 617 616 112 93 326 580 256 581 616 757 218 772 674 712 637 335 706 273 775 350 514 849 586 706 299 676 323 783 458 551 262 781 761 469 226 839 435 382 570 625 150 500
362 724 582 179 944 212 591 306 540 511 683 825 254 488 607 89 246 207 684 555 961 536 784 456 888 535 582 0 292 704 440 318 205 454 551 766 239 529 308 187 269 357 551 662 149 404 947 423 139 397 84 208 367 779 605 540 857 150 554 595 944 712 345 394 596 340 524 508 436 656 873 124 436 234 181 540 333 531 114 710 640 590 204 191 118 859 888 392 690 235 267 328 188 371 785 173 891 352 669 727 399 244 219 523 487 225 450 225 526 485 185 781 501 760 215 672 398 359 926 706 124 555 490 479 242 373 647 755 310 674 531 268 404 162 879 527 321 333 311 287 743 459 248 477 276 720 278 976 697 321 210 318 654 697 258 920 748 205 672 544 201
478 880 635 193 1040 167 661 14 817 370 855 903 231 513 828 213 92 110 904 630 1048 372 756 246 1013 780 751 292 0 729 204 298 104 221 315 890 67 771 532 256 23 503 777 908 401 484 1025 256 201 662 229 89 658 565 621 717 945 153 446 638 1045 590 569 322 613 185 755 652 432 507 985 170 688 70 110 323 76 353 177 510 759 783 88 221 409 908 1004 292 685 134 36 40 302 349 925 141 969 644 769 780 133 77 191 568 451 431 383 464 624 400 107 767 410 748 354 486 654 473 995 605 401 762 671 517 175 609 552 666 20 763 300 83 180 137 983 335 544 42 404 255 533 337 49 736 84 768 68 1050 628 508 202 28 620 786 317 979 774 495 558 763 251
354 367 127 586 349 587 139 732 756 433 400 208 512 223 535 734 645 766 567 169 345 467 147 572 373 601 364 704 729 0 621 436 662 612 616 291 751 587 516 537 720 381 535 662 606 301 314 515 613 643 649 685 797 611 109 383 256 743 356 110 361 357 509 411 117 553 544 308 298 419 330 681 599 681 702 574 676 495 701 549 233 436 704 555 735 182 351 447 78 815 698 723 881 382 351 647 263 830 187 81 681 663 562 181 284 520 356 564 219 355 709 117 355 102 490 508 605 355 278 308 791 473 394 226 565 541 297 281 726 158 605 648 609 670 312 525 512 735 392 481 585 430 700 638 646 65 786 333 231 451 848 726 162 165 942 255 45 791 336 509 530
469 850 555 275 959 237 589 195 905 201 839 817 243 432 854 384 197 308 926 565 961 188 613 54 952 832 740 440 204 621 0 261 241 17 114 836 267 820 589 314 215 510 811 955 500 449 933 107 308 744 359 247 782 361 517 716 863 336 285 550 968 408 620 227 512 122 795 634 350 317 918 322 754 221 279 119 129 163 339 306 711 789 260 283 553 803 938 187 562 338 202 170 500 282 881 268 879 779 707 686 80 204 243 492 340 494 268 543 577 267 280 632 268 615 399 285 726 464 898 431 563 781 678 445 214 668 387 495 187 693 97 176 38 283 909 138 599 177 400 238 329 192 219 805 169 672 270 954 471 543 405 181 484 716 521 876 663 643 382 792 300
208 599 337 158 742 152 363 303 665 214 582 605 77 216 593 317 210 330 665 332 750 249 485 237 718 577 482 318 298 436 261 0 226 263 330 597 315 565 343 131 286 249 552 697 299 195 727 174 193 506 242 249 579 504 328 456 647 313 239 340 748 396 370 82 320 147 537 376 139 349 689 256 506 245 267 300 258 256 277 428 467 528 268 132 398 612 708 100 401 379 265 299 467 58 637 214 671 589 473 483 286 227 128 270 175 260 132 316 332 168 274 489 185 469 166 385 482 203 697 388 434 520 417 219 128 419 329 438 299 465 310 216 231 238 686 266 351 311 139 45 467 161 264 558 215 471 351 752 383 288 417 300 349 489 520 682 482 481 355 532 117
384 785 559 93 959 76 581 116 715 355 757 824 151 441 725 143 44 105 801 548 969 369 707 265 924 676 653 205 104 662 241 226 0 256 354 801 91 667 428 156 82 406 673 804 299 398 948 248 98 560 131 23 564 594 555 618 864 103 419 564 962 573 465 272 546 163 651 557 365 500 900 82 585 34 47 349 129 357 98 530 669 682 42 123 321 837 918 252 626 153 70 131 273 282 833 38 891 554 684 706 195 40 102 492 395 327 336 361 537 361 52 713 374 693 253 498 551 379 920 579 324 660 571 442 99 506 523 637 117 680 335 65 206 43 899 346 440 139 311 182 559 311 55 633 72 696 132 974 590 406 198 123 569 704 310 906 708 410 537 660 154
471 848 549 286 952 248 584 212 912 189 838 810 250 427 856 398 212 325 928 560 953 173 601 41 947 837 740 454 221 612 17 263 256 0 98 831 284 825 595 322 232 512 814 959 510 448 925 101 320 751 372 262 793 345 509 717 856 352 273 544 961 392 626 224 504 129 798 633 346 301 912 336 759 236 295 102 146 147 353 289 707 790 276 293 566 794 932 184 552 355 218 188 516 281 877 282 872 791 702 678 97 219 253 487 333 501 262 551 574 258 296 620 258 604 406 267 732 466 890 417 576 783 680 441 224 673 373 481 204 688 80 191 50 298 903 121 604 195 402 243 312 183 235 812 184 664 287 946 458 547 422 198 473 710 538 867 654 655 367 795 308
530 886 571 379 963 342 610 305 992 184 882 820 333 457 917 497 310 421 986 590 961 149 581 98 968 907 789 551 315 616 114 330 354 98 0 859 380 894 671 409 328 575 879 1025 598 498 930 156 415 831 468 361 883 250 520 770 868 450 260 562 973 344 700 271 517 217 865 682 381 248 931 434 835 335 393 42 242 120 451 203 740 844 374 382 661 793 951 236 547 449 315 279 614 333 908 380 879 883 729 688 184 317 344 515 353 581 289 634 612 272 394 605 266 591 485 192 810 525 893 377 674 843 737 474 316 748 345 441 297 711 21 290 148 396 918 91 680 284 467 319 220 205 333 887 282 672 379 948 432 618 517 290 463 732 633 867 654 751 328 858 394
419 105 288 711 190 727 249 896 600 676 163 145 659 404 336 824 798 893 334 271 216 716 426 794 124 438 211 766 890 291 836 597 801 831 859 0 892 426 486 649 875 411 366 447 630 405 219 730 724 543 741 823 716 894 349 253 136 854 612 299 184 644 459 609 350 740 388 258 486 696 109 791 483 828 830 818 855 742 806 827 131 255 839 678 752 237 123 649 368 940 855 895 954 558 60 774 179 760 130 213 879 814 701 345 505 544 572 563 266 586 838 389 593 382 566 783 507 424 221 596 815 308 297 391 715 466 577 572 893 149 844 808 814 794 124 769 476 907 490 637 865 656 850 501 809 228 933 250 520 449 953 895 445 132 1024 242 283 776 619 345 648
474 874 650 182 1050 167 672 80 774 419 845 916 241 531 804 154 109 43 881 639 1060 426 790 305 1015 749 740 239 67 751 267 315 91 284 380 892 0 740 503 245 52 493 751 877 362 489 1039 306 176 623 189 68 606 629 643 704 956 92 490 655 1054 640 541 354 635 227 728 646 453 560 991 126 654 72 68 385 138 409 127 572 760 767 53 213 354 927 1009 328 713 74 68 106 236 370 923 119 982 589 775 797 199 92 193 583 480 404 417 430 628 438 61 798 450 778 338 546 618 469 1010 650 340 742 657 532 187 579 596 710 87 771 364 114 239 104 990 393 516 106 402 271 596 381 57 700 119 786 44 1065 668 488 138 95 652 795 254 997 797 438 606 739 244
371 331 485 581 610 614 454 782 176 751 269 557 580 511 106 613 688 721 169 436 639 792 730 802 513 15 232 529 771 587 820 565 667 825 894 426 740 0 239 522 749 322 61 137 383 419 645 739 569 154 552 684 316 1036 559 205 561 667 729 507 599 840 203 628 552 699 43 284 547 844 524 615 96 701 673 863 773 808 619 958 371 172 691 558 456 638 529 660 634 758 736 794 695 566 404 630 604 365 424 546 824 698 597 483 602 340 634 310 383 668 679 704 683 687 426 911 136 375 646 804 514 121 197 488 622 161 758 814 783 449 875 707 786 638 547 824 227 804 427 582 999 706 722 82 712 552 784 676 747 278 739 788 667 458 766 662 610 437 801 83 532
189 428 391 342 674 376 379 543 323 546 381 575 346 358 303 386 449 486 380 347 696 585 638 575 603 249 285 308 532 516 589 343 428 595 671 486 503 239 0 284 510 144 248 377 159 250 689 515 331 165 317 445 285 838 448 241 598 435 542 412 670 677 38 415 439 466 224 238 363 660 596 379 165 462 435 643 535 596 386 760 374 284 453 319 268 631 608 442 535 526 497 555 489 358 494 391 637 315 416 508 587 459 359 357 424 101 436 83 300 473 442 621 491 601 190 714 140 191 676 650 331 247 192 339 385 79 596 676 543 430 651 468 553 400 608 608 13 565 216 353 800 496 483 217 473 507 547 720 609 71 516 549 539 449 561 679 553 292 635 238 295
230 630 424 64 813 92 440 266 592 334 601 683 79 315 573 197 168 244 649 406 825 364 605 311 773 533 496 187 256 537 314 131 156 322 409 649 245 522 284 0 237 249 523 659 189 252 806 262 77 432 115 178 474 616 433 462 720 209 369 433 815 527 319 210 424 194 503 401 254 475 750 146 447 188 181 389 251 364 165 542 518 527 192 36 271 704 768 214 514 292 220 274 346 185 679 126 750 476 536 571 304 180 75 359 301 185 263 230 389 299 189 605 316 584 98 501 416 226 781 520 303 506 415 311 102 363 461 568 265 535 389 186 277 144 751 366 295 285 160 105 578 281 210 498 190 562 287 834 511 253 313 270 472 558 405 770 582 356 486 508 16
461 863 623 173 1027 149 648 37 794 372 837 891 217 502 807 191 77 94 884 616 1036 376 751 254 998 758 732 269 23 720 215 286 82 232 328 875 52 749 510 237 0 485 756 886 378 469 1014 258 180 640 206 66 635 577 611 698 932 132 445 627 1032 592 547 315 604 182 733 635 422 511 971 148 666 49 88 333 86 359 155 520 743 764 65 203 387 898 990 287 678 124 22 60 287 338 909 119 957 621 755 769 148 60 174 556 443 409 378 442 609 397 84 761 407 742 334 494 632 456 984 605 379 742 652 505 161 588 551 665 41 749 312 73 188 115 969 341 523 64 387 242 544 336 27 714 76 757 68 1039 625 488 190 49 614 773 306 969 765 473 559 742 232
50 381 254 313 587 337 249 512 448 429 352 470 283 215 344 414 413 489 416 215 604 470 496 485 534 336 247 357 503 381 510 249 406 512 575 411 493 322 144 249 485 0 304 450 233 108 591 421 319 300 331 427 428 716 305 214 501 446 412 273 587 538 152 306 296 392 291 155 229 529 517 383 280 436 428 542 486 485 397 638 283 283 440 283 362 514 532 339 393 535 467 518 545 244 435 374 536 456 313 384 527 427 314 214 289 144 312 183 175 347 436 481 364 461 157 591 268 54 572 509 422 271 171 195 334 198 457 533 511 320 556 427 479 391 522 502 144 529 110 275 679 383 459 331 430 380 536 621 465 73 543 514 394 342 614 570 420 410 497 283 253
350 271 438 584 549 616 406 787 236 727 209 498 575 476 58 632 691 735 133 390 578 770 680 789 453 72 175 551 777 535 811 552 673 814 879 366 751 61 248 523 756 304 0 148 402 391 584 724 577 202 565 691 371 1008 515 153 500 683 700 461 538 803 210 609 508 691 29 239 520 813 464 627 139 707 683 845 773 787 634 930 314 111 700 559 488 579 469 643 586 774 741 798 724 547 344 637 544 418 367 491 821 702 596 443 572 347 609 327 339 641 690 652 656 636 425 883 175 355 586 765 548 63 156 453 621 178 722 772 787 394 860 709 778 647 486 804 235 808 413 573 972 685 729 140 713 497 795 615 705 272 761 792 624 401 796 602 556 478 765 27 532
497 343 576 718 611 752 540 920 204 875 285 590 716 622 128 748 825 857 115 529 642 917 809 934 504 129 298 662 908 662 955 697 804 959 1025 447 877 137 377 659 886 450 148 0 518 539 656 870 707 272 689 821 405 1155 653 289 582 803 847 598 596 947 341 756 648 834 160 381 667 960 527 751 226 839 810 992 911 934 756 1078 431 226 828 695 582 678 527 790 719 893 873 932 823 694 408 767 624 454 482 608 961 835 734 586 720 478 757 447 479 789 816 779 804 764 563 1031 264 502 666 908 638 198 302 599 759 299 866 911 920 511 1006 845 921 775 554 952 365 941 558 716 1119 832 860 189 849 617 921 685 845 412 872 925 764 513 893 688 677 552 910 172 669
252 581 480 228 813 266 480 413 417 512 537 702 267 408 458 231 329 339 535 445 832 546 707 500 751 390 438 149 401 606 500 299 299 510 598 630 362 383 159 189 378 233 402 518 0 307 821 450 203 262 173 312 285 800 518 395 730 284 533 496 811 685 196 381 508 382 376 373 378 646 739 235 293 333 295 578 420 549 238 725 509 442 316 217 130 746 753 394 606 375 368 430 331 337 644 261 767 290 543 616 480 335 258 429 438 89 422 76 407 461 301 697 479 676 140 683 257 252 804 669 189 406 345 394 286 225 610 708 415 552 578 351 463 263 747 553 172 438 228 288 762 459 352 338 357 611 405 851 644 181 359 422 587 573 403 802 648 192 643 395 204
62 404 178 310 562 322 190 491 554 337 390 431 253 109 423 442 393 494 489 154 573 380 401 416 528 433 292 404 484 301 449 195 398 448 498 405 489 419 250 252 469 108 391 539 307 0 555 350 329 408 356 420 532 617 211 272 469 461 310 192 565 431 259 228 201 341 383 185 129 426 502 397 385 423 430 462 452 398 415 540 274 346 437 277 435 457 520 266 299 542 449 490 586 168 442 374 498 557 286 324 481 409 297 122 184 224 218 275 140 250 437 390 265 369 189 493 375 60 529 401 490 348 241 90 309 305 349 426 488 283 480 403 422 394 502 418 251 502 94 233 581 297 445 436 404 316 529 582 358 179 564 489 290 307 650 520 345 496 390 368 248
587 317 390 863 62 872 367 1029 818 748 378 124 798 513 553 995 937 1047 541 401 37 781 387 885 165 656 426 947 1025 314 933 727 948 925 930 219 1039 645 689 806 1014 591 584 656 821 555 0 827 883 760 909 971 933 906 416 467 92 1015 670 389 83 649 666 716 422 857 606 452 596 723 130 952 700 970 983 888 979 810 970 850 315 474 988 831 948 142 136 754 385 1096 992 1024 1134 678 248 927 57 975 278 248 989 954 846 458 593 733 666 760 422 668 990 352 669 358 736 813 723 590 41 600 1010 527 508 508 854 678 603 556 1025 273 919 943 919 948 102 840 680 1036 648 771 884 742 991 720 942 262 1077 31 525 642 1119 1025 471 250 1200 77 277 981 637 564 802
377 747 448 244 852 211 483 252 837 114 739 710 184 326 764 385 208 341 834 459 854 121 515 66 846 751 642 423 256 515 107 174 248 101 156 730 306 739 515 262 258 421 724 870 450 350 827 0 283 676 338 263 736 357 411 621 756 352 192 443 861 334 544 124 405 86 710 535 244 254 811 319 679 242 294 129 184 110 339 287 606 694 281 240 526 697 831 84 458 380 238 234 521 182 776 263 773 739 601 579 168 221 205 386 233 427 162 481 473 162 298 531 166 514 331 252 655 372 792 349 547 690 585 340 180 592 298 411 245 587 136 195 95 284 802 105 524 244 312 165 320 88 250 732 188 565 323 848 378 462 440 241 382 609 555 771 558 614 302 704 246
305 701 501 40 889 73 518 213 619 373 669 760 121 391 629 124 126 169 706 483 902 397 676 319 848 578 565 139 201 613 308 193 98 320 415 724 176 569 331 77 180 319 577 707 203 329 883 283 0 463 55 114 477 640 508 528 797 132 421 509 892 579 368 262 499 202 554 473 325 519 826 69 487 132 109 402 217 391 88 570 593 590 124 61 246 781 843 256 588 217 167 228 274 250 753 61 827 471 612 649 279 132 80 436 368 230 322 263 465 354 117 677 370 657 163 533 453 301 858 577 264 566 481 387 103 408 518 629 215 612 395 148 271 72 828 388 343 237 237 156 603 322 153 535 155 639 220 911 575 312 236 220 541 635 330 848 659 335 540 564 84
348 459 525 483 732 519 504 675 161 711 400 659 501 514 257 484 587 598 324 477 759 750 776 734 644 154 333 397 662 643 744 506 560 751 831 543 623 154 165 432 640 300 202 272 262 408 760 676 463 0 435 573 174 1003 590 293 671 543 707 547 724 838 148 580 582 622 173 338 526 825 648 497 63 594 557 805 677 760 498 925 459 294 578 465 310 729 656 605 674 631 630 690 551 523 532 522 713 220 508 619 735 595 506 503 587 250 601 202 425 638 563 755 656 736 346 880 38 352 755 809 365 242 260 492 534 105 757 831 677 530 811 609 708 525 666 772 160 699 381 512 966 661 614 83 614 621 666 791 763 232 604 683 689 544 621 765 674 283 797 211 445
324 710 532 95 912 127 546 242 588 428 674 786 173 429 620 86 168 169 697 511 926 452 719 372 864 560 570 84 229 649 359 242 131 372 468 741 189 552 317 115 206 331 565 689 173 356 909 338 55 435 0 140 433 695 546 532 821 119 474 543 913 632 355 314 537 256 541 485 368 573 845 63 465 164 122 456 259 447 69 625 611 589 143 111 194 813 861 310 628 210 199 261 232 297 765 95 853 424 634 679 323 170 135 469 415 220 372 242 488 406 128 719 422 698 175 588 429 320 885 628 209 560 482 423 158 391 570 679 245 636 448 191 322 92 848 442 330 268 262 207 658 377 182 511 198 671 232 937 624 311 213 252 586 659 293 877 694 284 592 555 126
406 807 582 114 982 99 604 102 728 372 778 847 174 464 743 138 55 84 820 571 992 384 728 275 947 692 674 208 89 685 247 249 23 262 361 823 68 684 445 178 66 427 691 821 312 420 971 263 114 573 140 0 571 604 577 639 887 90 437 587 985 591 482 293 569 178 669 579 388 516 922 84 600 27 33 359 127 371 96 541 692 702 20 145 325 860 940 272 649 131 59 121 259 305 855 54 914 559 707 729 194 44 125 515 417 344 357 376 560 381 35 735 394 715 273 511 565 402 943 598 323 679 592 465 121 522 542 656 105 703 342 72 213 49 922 358 458 128 334 204 569 329 41 648 79 718 110 997 611 425 179 112 591 727 293 929 730 413 555 678 176
471 633 674 508 906 546 659 672 218 793 574 829 552 641 422 453 601 572 481 629 932 828 923 785 818 312 506 367 658 797 782 579 564 793 883 716 606 316 285 474 635 428 371 405 285 532 933 736 477 174 433 571 0 1083 732 465 843 516 805 695 898 950 289 660 723 666 343 501 635 921 822 488 236 596 547 863 692 833 481 1007 628 468 570 501 252 897 830 677 820 593 631 692 470 611 706 528 885 49 676 781 755 603 540 642 697 326 695 268 579 733 552 905 751 885 414 964 210 472 927 927 284 416 428 622 569 260 871 957 675 695 863 623 745 523 840 838 287 698 481 572 1045 740 612 235 630 782 644 964 890 355 549 683 822 711 533 936 831 181 907 383 490
666 948 618 601 951 567 660 555 1160 292 960 816 537 537 1035 736 550 670 1094 654 941 255 520 329 985 1050 883 779 565 611 361 504 594 345 250 894 629 1036 838 616 577 716 1008 1155 800 617 906 357 640 1003 695 604 1083 0 547 875 864 694 308 602 966 257 859 425 548 440 1000 782 489 201 941 670 994 579 636 245 490 252 690 78 798 949 619 596 882 763 962 406 533 699 563 529 861 480 951 615 863 1090 771 692 434 560 562 582 435 763 404 820 692 368 638 554 352 548 670 124 976 662 865 306 904 961 854 559 537 908 317 352 547 746 265 532 391 634 922 252 844 534 622 513 38 344 579 1046 525 675 629 916 383 774 767 540 451 762 882 833 637 970 275 983 599
269 402 78 480 443 479 117 623 719 337 420 301 404 118 526 630 536 658 571 125 444 373 191 469 451 574 358 605 621 109 517 328 555 509 520 349 643 559 448 433 611 305 515 653 518 211 416 411 508 590 546 577 732 547 0 364 348 636 265 57 453 306 447 303 9 445 517 275 190 348 411 576 554 572 595 479 568 401 596 478 253 430 596 449 645 289 432 340 89 707 590 615 779 273 405 540 362 761 223 169 574 554 455 91 178 435 250 484 176 253 602 179 255 158 393 434 554 269 381 261 699 457 362 126 457 486 232 258 618 200 508 539 503 564 398 430 445 627 296 373 517 327 591 599 537 154 677 437 193 378 741 617 111 218 838 361 154 707 276 488 425
248 187 287 526 444 551 253 726 378 606 143 366 496 339 163 610 627 696 219 240 468 649 527 686 364 219 44 540 717 383 716 456 618 717 770 253 704 205 241 462 698 214 153 289 395 272 467 621 528 293 532 639 465 875 364 0 378 650 568 310 437 660 210 499 359 602 162 94 395 677 361 589 237 649 638 734 700 668 600 800 169 74 651 496 509 440 372 537 433 741 681 732 726 438 254 586 420 508 221 341 739 640 528 298 441 316 488 323 191 516 645 500 530 483 366 753 256 253 462 619 572 92 50 317 548 213 579 622 725 246 752 642 687 601 377 689 229 743 321 486 841 568 672 265 644 347 748 499 556 221 741 728 475 256 798 472 405 526 623 126 466
498 239 312 778 96 788 284 950 736 684 299 48 716 436 472 907 855 962 468 316 105 720 358 816 133 573 338 857 945 256 863 647 864 856 868 136 956 561 598 720 932 501 500 582 730 469 92 756 797 671 821 887 843 864 348 378 0 929 610 313 106 608 575 641 352 780 521 361 520 674 86 865 612 888 898 826 901 748 883 804 223 389 905 746 857 124 105 680 332 1011 911 945 1044 600 178 842 43 885 188 180 915 872 763 378 523 642 594 669 333 600 906 321 603 321 648 764 634 501 86 558 918 441 417 428 772 587 553 521 945 185 856 862 846 863 60 777 588 957 561 690 840 674 909 634 862 195 994 122 482 551 1032 946 418 162 1111 107 228 890 591 479 717
435 827 632 157 1021 163 649 167 690 458 792 892 236 520 737 63 145 56 815 615 1034 473 798 365 978 674 688 150 153 743 336 313 103 352 450 854 92 667 435 209 132 446 683 803 284 461 1015 352 132 543 119 90 516 694 636 650 929 0 520 640 1023 675 473 369 628 266 658 601 450 604 957 64 578 115 58 449 212 460 50 632 724 708 75 187 264 913 974 352 713 92 138 192 169 370 881 100 959 498 744 780 277 134 185 566 487 339 432 357 597 460 56 802 473 781 289 601 541 431 990 680 249 679 601 518 193 507 623 736 173 744 432 162 303 75 959 448 448 194 368 270 660 413 119 622 169 770 128 1043 688 430 105 181 661 767 210 979 788 346 638 673 214
362 653 326 382 704 360 366 443 860 84 659 562 301 230 727 540 384 520 787 355 701 112 328 232 716 743 577 554 446 356 285 239 419 273 260 612 490 729 542 369 445 412 700 847 533 310 670 192 421 707 474 437 805 308 265 568 610 520 0 313 715 158 560 160 263 263 693 474 183 118 676 474 692 421 465 219 376 141 496 232 503 642 457 363 637 533 697 168 287 563 424 426 686 196 665 422 619 819 483 430 358 400 344 280 127 479 111 537 388 73 470 348 55 333 394 185 677 358 632 161 673 653 546 252 329 608 107 220 436 463 251 376 285 446 662 171 547 436 328 267 273 110 433 743 371 414 512 687 186 475 617 432 203 482 729 607 393 719 119 675 354
244 346 23 484 410 488 60 641 670 379 363 268 414 125 471 628 550 666 515 72 414 418 229 505 406 522 302 595 638 110 550 340 564 544 562 299 655 507 412 433 627 273 461 598 496 192 389 443 509 547 543 587 695 602 57 310 313 640 313 0 418 363 407 328 54 468 465 223 208 401 369 578 508 585 602 521 590 444 597 531 197 374 606 453 626 273 390 367 128 715 605 635 774 290 353 546 333 726 171 143 602 568 463 74 211 410 282 456 125 291 609 210 296 190 381 487 510 245 357 318 681 402 310 123 468 443 288 314 637 150 549 555 533 569 359 472 408 647 284 385 571 363 605 550 554 131 691 413 250 344 745 637 168 170 836 342 153 682 332 434 426
589 268 415 874 21 887 385 1050 768 790 329 153 815 539 501 997 955 1058 480 416 52 825 453 921 92 609 394 944 1045 361 968 748 962 961 973 184 1054 599 670 815 1032 587 538 596 811 565 83 861 892 724 913 985 898 966 453 437 106 1023 715 418 0 709 643 745 458 883 563 438 623 778 76 959 662 987 995 932 1003 853 976 907 303 431 1002 842 934 208 70 784 436 1107 1011 1047 1132 702 194 938 104 942 279 285 1019 972 861 481 628 724 699 745 427 706 1002 417 709 419 738 868 688 592 118 659 997 484 481 531 871 650 657 620 1046 283 961 963 951 959 64 883 659 1059 655 790 942 779 1008 677 963 301 1093 101 583 630 1124 1047 522 259 1200 155 330 960 694 520 813
490 707 382 540 694 518 423 585 985 220 726 560 459 330 822 698 536 672 873 424 684 221 266 355 730 855 660 712 590 357 408 396 573 392 344 644 640 840 677 527 592 538 803 947 685 431 649 334 579 838 632 591 950 257 306 660 608 675 158 363 709 0 690 318 309 414 801 567 315 95 686 631 816 573 620 308 517 245 653 204 559 729 610 522 793 507 707 325 279 713 572 565 843 349 703 579 606 967 526 438 486 552 502 361 253 625 265 682 470 228 624 298 211 291 545 174 806 487 609 50 830 750 648 353 486 736 82 103 578 500 343 526 417 603 666 272 680 575 469 425 235 262 583 865 521 422 657 660 126 607 770 573 200 514 884 577 380 873 42 777 512
