NAME : X-n153-k22_SARP
COMMENT : Curated from VRPLIB to SARP
TYPE : SARP
DIMENSION : 153
EDGE_WEIGHT_TYPE : EXPLICIT
EDGE_WEIGHT_FORMAT : FULL_MATRIX
EDGE_WEIGHT_SECTION
0 370 293 322 635 383 224 562 610 313 347 449 270 268 226 526 591 452 371 489 159 596 499 376 522 374 380 295 584 275 677 551 624 387 308 164 336 251 426 313 305 638 65 636 312 490 223 435 381 250 259 265 592 348 271 354 645 573 339 367 237 245 531 363 219 340 265 306 248 455 273 233 351 323 368 233 645 561 397 284 521 381 185 341 316 473 608 204 225 352 290 175 268 513 231 365 634 468 108 228 313 482 409 360 309 568 321 335 599 537 362 308 116 256 245 341 562 323 229 494 244 538 413 283 313 481 267 411 290 218 353 493 369 274 550 589 585 224 302 586 317 260 294 285 261 605 437 283 349 318 303 312 306
370 0 80 96 934 680 152 875 909 58 109 784 624 114 153 868 930 817 690 859 214 920 273 724 869 689 700 93 910 121 988 891 953 724 651 212 201 124 776 604 601 959 431 949 96 124 469 723 741 127 556 194 911 679 248 705 959 881 685 692 151 279 873 677 151 163 115 148 529 775 100 188 682 639 44 165 963 882 28 620 829 743 495 96 607 750 913 169 552 67 248 242 108 872 143 716 940 638 263 167 62 822 710 39 626 909 648 645 919 820 665 600 276 138 614 696 868 225 142 805 131 873 781 91 75 813 410 758 618 159 675 824 664 569 847 907 924 564 90 920 56 621 107 94 124 902 217 588 661 658 617 622 127
293 80 0 97 876 620 72 814 851 24 127 717 552 36 73 800 863 742 626 780 135 857 281 654 800 626 636 68 846 51 928 823 889 657 581 132 163 43 706 544 540 896 355 889 52 197 412 665 668 47 494 131 848 612 186 634 898 821 615 627 97 211 805 614 75 131 36 100 468 711 20 114 616 575 96 115 901 819 108 552 769 669 428 78 547 695 854 89 472 69 191 163 54 800 63 645 881 602 185 89 45 754 650 68 561 842 582 582 856 765 603 540 207 94 535 624 808 216 65 744 51 806 705 10 31 747 340 688 551 79 610 758 604 507 789 845 857 494 34 854 43 547 49 17 47 845 251 525 598 589 553 559 79
322 96 97 0 847 597 142 792 823 82 32 707 556 127 147 792 853 753 611 808 184 839 361 652 795 609 621 35 829 147 903 814 873 649 578 188 259 120 704 521 519 876 375 865 146 210 384 637 675 127 475 226 828 603 281 634 874 797 613 614 85 302 797 596 121 226 125 197 446 694 104 202 606 560 62 91 879 800 109 547 745 677 419 164 524 662 828 146 526 143 287 237 66 804 130 645 855 543 223 172 55 746 626 122 547 833 571 564 836 732 582 518 213 66 567 627 784 131 117 722 127 794 721 102 120 734 425 685 542 149 596 746 580 487 761 824 847 493 130 841 60 557 146 114 138 816 156 508 580 585 538 542 176
635 934 876 847 0 257 826 84 25 886 853 213 389 865 830 196 168 348 266 488 767 101 1128 297 219 261 257 840 111 880 67 179 122 267 341 778 966 844 272 333 338 86 575 57 913 1056 465 211 340 847 385 893 81 294 906 320 58 67 319 272 784 880 191 272 805 963 862 925 408 186 860 858 291 312 909 769 76 103 954 356 115 347 456 945 330 186 33 804 677 945 925 807 829 295 827 313 29 378 722 843 873 207 228 941 326 180 316 301 81 117 275 337 674 796 531 341 76 750 815 142 840 160 394 869 904 183 872 272 346 822 283 175 273 371 87 82 169 414 898 143 879 414 898 876 864 31 859 356 286 329 332 325 919
383 680 620 597 257 0 569 195 232 631 605 137 175 608 573 221 269 276 55 413 510 244 871 148 234 43 58 587 235 623 308 236 279 113 130 521 710 588 178 76 81 280 325 269 657 803 212 54 211 590 128 637 232 90 652 156 278 201 135 71 530 627 223 40 548 706 605 668 152 104 604 601 88 67 658 515 283 205 701 125 149 218 200 688 74 96 234 547 465 689 671 552 575 281 570 158 260 240 465 586 619 179 30 686 79 254 86 52 240 154 21 80 417 542 335 172 188 510 559 126 584 210 290 613 648 154 632 160 107 565 62 163 17 114 170 228 264 171 642 252 625 205 641 620 607 226 627 100 43 120 81 72 662
224 152 72 142 826 569 0 761 801 95 174 659 488 43 6 740 804 675 570 710 66 801 308 592 739 571 580 108 790 54 875 764 832 598 521 61 160 29 644 493 488 842 288 835 89 267 366 616 603 26 441 100 794 554 150 572 844 768 554 570 90 163 745 559 33 143 41 104 418 656 52 66 557 520 163 105 846 764 180 492 716 604 372 120 496 649 802 22 400 128 161 96 77 735 12 582 829 575 116 35 106 695 598 136 506 782 524 528 802 717 551 489 152 101 464 560 756 231 29 691 21 748 637 62 88 689 283 627 493 7 554 701 553 455 739 790 798 433 77 796 107 482 73 61 38 795 296 472 543 529 498 505 94
562 875 814 792 84 195 761 0 63 826 800 129 308 801 764 121 116 268 192 411 700 57 1058 213 144 190 183 783 57 815 115 110 95 185 261 710 896 780 188 271 274 85 500 75 849 999 408 160 256 783 321 823 38 216 833 236 84 19 238 196 725 806 116 202 741 895 798 858 347 108 797 789 213 241 853 710 87 28 897 280 48 262 388 881 269 151 52 738 594 883 852 736 770 221 762 229 73 366 653 776 814 124 166 881 256 118 241 233 46 102 211 275 609 738 448 257 23 703 752 70 776 84 312 807 841 99 792 188 272 756 210 91 212 307 56 35 114 339 835 89 820 332 834 813 799 66 817 289 217 250 263 256 853
610 909 851 823 25 232 801 63 0 862 829 190 364 840 804 180 160 330 240 472 742 92 1102 274 204 235 232 816 100 855 85 166 120 242 316 753 941 819 250 308 313 89 549 61 888 1031 440 187 318 822 360 868 69 269 880 296 66 45 295 247 760 854 175 246 780 938 837 900 383 161 835 832 266 287 884 744 82 85 929 331 90 325 431 920 305 163 19 779 653 920 899 781 805 280 801 289 37 361 696 818 848 187 203 917 301 169 291 276 72 96 250 312 649 771 508 317 51 727 790 117 815 143 375 844 879 161 847 250 321 796 258 154 247 345 62 70 160 388 873 134 854 389 873 851 839 10 837 331 261 304 307 299 894
313 58 24 82 886 631 95 826 862 0 110 731 568 60 96 815 877 760 639 801 156 869 284 669 815 639 649 59 859 73 939 838 902 671 597 154 178 66 722 555 552 909 373 900 64 179 422 675 685 70 506 152 861 627 208 650 909 832 631 640 103 234 820 626 94 144 60 117 480 724 43 138 630 588 72 120 913 832 85 567 780 686 442 83 558 705 865 110 495 66 211 187 57 817 85 661 892 604 205 113 27 769 661 55 574 856 596 595 869 774 615 551 222 95 556 640 820 208 84 756 74 821 724 34 38 761 363 704 565 102 623 772 615 519 800 857 872 509 49 868 23 565 67 40 71 855 232 538 610 604 566 572 95
347 109 127 32 853 605 174 800 829 110 0 719 573 158 179 805 865 771 622 831 214 848 381 667 809 620 632 67 839 177 910 827 883 662 593 218 288 152 719 530 529 885 398 873 174 211 394 643 692 159 487 257 837 616 312 650 882 804 628 626 111 333 810 607 152 253 157 226 457 704 136 234 619 572 68 114 888 809 115 561 753 695 434 189 533 667 835 178 555 165 318 269 98 821 162 661 862 539 251 204 83 759 635 141 559 845 584 575 845 737 592 527 235 92 591 644 791 118 149 731 159 806 741 133 148 746 457 700 555 180 608 757 588 498 768 833 859 509 159 852 87 575 175 144 169 822 124 520 591 599 549 554 204
449 784 717 707 213 137 659 129 190 731 719 0 185 700 662 87 146 163 99 310 596 149 949 85 97 105 90 693 136 713 236 108 175 62 141 605 785 681 66 197 195 192 385 195 748 908 329 142 130 682 233 713 149 105 718 108 204 146 113 93 633 689 91 117 643 787 697 752 264 50 699 680 102 148 766 620 200 118 807 167 109 137 289 779 195 168 181 637 465 784 737 624 676 148 662 100 201 369 547 670 722 42 117 785 160 126 136 146 155 172 140 198 510 648 318 128 140 632 653 87 676 90 196 709 743 33 668 60 166 653 112 44 152 223 149 146 140 226 735 137 728 206 732 714 697 191 752 200 132 131 170 166 749
270 624 552 556 389 175 488 308 364 568 573 185 0 531 490 256 322 199 133 292 423 333 769 106 252 143 139 537 320 541 420 281 358 124 49 431 606 512 156 153 142 377 205 379 577 747 219 225 119 513 138 534 333 97 536 84 388 322 72 122 476 505 262 138 476 610 528 576 167 203 533 503 101 111 611 466 385 302 648 53 275 122 147 608 154 268 358 467 294 616 555 445 516 249 493 95 381 383 373 496 563 213 189 620 105 298 89 127 340 313 156 149 347 493 160 72 313 504 486 248 507 271 178 543 575 217 484 141 75 482 118 229 172 141 311 330 316 67 566 318 568 30 560 546 526 362 628 122 132 61 109 117 575
268 114 36 127 865 608 43 801 840 60 158 700 531 0 42 782 846 719 611 752 109 842 276 634 781 612 621 94 831 22 915 806 873 640 563 104 142 21 686 532 528 882 331 876 48 224 403 655 646 18 481 98 834 596 154 614 885 808 596 611 103 176 787 600 61 116 4 79 457 697 23 78 599 561 132 121 887 805 141 534 756 647 413 80 535 687 842 64 438 85 160 128 70 778 39 625 869 604 160 54 79 737 638 94 546 824 566 568 842 755 591 528 192 107 507 603 796 236 51 731 25 790 680 27 45 731 304 669 535 50 595 742 593 495 778 831 840 476 35 837 78 525 34 20 11 834 283 512 584 571 538 545 62
226 153 73 147 830 573 6 764 804 96 179 662 490 42 0 742 806 677 574 710 67 804 303 594 741 575 583 112 793 51 879 767 835 600 523 62 155 30 646 497 492 845 289 839 87 266 371 620 605 26 445 94 797 557 144 574 848 772 557 573 96 157 748 563 39 138 40 99 422 659 54 61 560 523 165 111 850 767 181 495 720 605 376 118 500 653 806 26 399 126 155 92 82 737 17 585 832 581 118 29 109 697 602 136 509 784 528 531 805 721 555 492 156 107 465 562 760 237 35 694 23 751 638 63 87 692 278 629 496 8 557 704 557 459 743 794 801 436 76 799 110 484 70 61 36 799 301 475 547 532 501 508 90
526 868 800 792 196 221 740 121 180 815 805 87 256 782 742 0 66 153 187 292 676 102 1025 150 24 192 177 778 88 793 193 26 111 144 219 684 861 763 103 284 282 142 460 157 829 992 416 214 166 764 320 790 116 189 792 172 164 140 186 180 718 761 7 204 725 865 779 830 352 120 782 758 187 235 851 705 153 95 891 248 134 170 374 860 282 228 164 718 515 866 811 700 761 101 743 162 174 442 626 750 806 46 197 868 247 42 221 234 118 207 226 285 593 733 366 189 142 719 735 129 757 37 203 792 825 68 729 115 250 734 199 61 236 310 167 114 60 306 816 69 812 271 813 796 778 186 840 287 219 211 257 253 829
591 930 863 853 168 269 804 116 160 877 865 146 322 846 806 66 0 206 243 332 740 68 1090 215 77 246 233 839 61 857 145 40 55 206 284 749 927 826 168 338 337 94 526 117 893 1054 473 252 230 827 378 855 91 251 858 238 121 131 251 239 779 826 60 259 788 930 843 895 409 165 845 823 248 293 912 766 106 89 953 311 150 234 435 924 336 256 141 782 578 929 877 766 823 139 807 228 141 473 691 814 868 109 242 931 306 24 282 290 88 216 278 340 656 794 430 254 139 776 799 157 821 59 259 855 888 119 795 181 312 798 257 108 286 367 171 91 6 370 880 27 874 337 877 860 842 168 894 345 275 275 315 311 893
452 817 742 753 348 276 675 268 330 760 771 163 199 719 677 153 206 0 223 147 610 255 938 132 133 234 218 733 242 726 346 175 259 164 192 616 777 701 101 307 299 294 388 311 763 939 411 299 81 701 318 709 269 198 701 136 317 287 162 208 672 666 160 241 667 787 716 755 351 213 722 681 198 249 807 662 305 245 842 225 265 77 345 793 306 329 315 655 387 803 720 620 710 73 681 128 327 517 559 679 756 146 266 810 255 183 224 258 271 334 269 305 542 689 243 133 286 703 677 248 695 189 54 733 764 178 615 117 240 669 223 181 285 315 304 267 201 266 753 219 761 196 746 735 713 334 827 291 250 192 265 267 757
371 690 626 611 266 55 570 192 240 639 622 99 133 611 574 187 243 223 0 358 509 231 867 94 195 13 10 599 220 625 307 206 263 59 85 519 704 591 127 98 95 271 309 266 659 814 230 95 156 593 135 631 224 38 641 101 276 202 82 16 539 615 190 19 552 703 608 666 166 86 608 597 36 51 671 526 276 194 713 92 151 163 198 691 96 136 238 548 428 694 660 544 583 233 572 103 263 294 462 584 628 141 57 693 65 224 50 47 231 180 47 99 420 553 291 118 191 533 563 124 587 184 235 618 653 124 608 108 81 566 18 135 63 124 182 220 237 148 645 230 634 162 643 624 609 237 653 102 33 73 73 68 662
489 859 780 808 488 413 710 411 472 801 831 310 292 752 710 292 332 147 358 0 645 391 939 264 269 370 355 783 379 756 477 310 387 302 306 649 785 737 246 430 420 425 433 446 792 976 510 441 203 736 428 723 408 327 704 260 451 430 284 342 724 666 298 375 708 802 750 775 458 360 760 702 328 374 857 718 437 387 886 334 411 195 434 819 430 474 456 691 354 835 721 638 757 194 717 256 465 651 596 706 802 292 407 846 376 313 347 385 409 480 402 427 595 743 246 248 430 780 717 395 731 329 123 770 797 325 588 259 354 703 355 327 419 428 450 406 329 357 785 351 806 275 775 771 745 477 904 406 381 310 384 389 781
159 214 135 184 767 510 66 700 742 156 214 596 423 109 67 676 740 610 509 645 0 739 361 527 674 510 518 151 728 118 815 700 769 534 457 13 204 92 579 435 429 780 222 775 154 332 313 559 537 91 382 133 732 491 166 507 784 708 490 508 107 163 681 498 66 196 106 158 361 595 115 94 495 459 218 113 785 702 242 429 656 538 312 184 438 593 743 46 344 194 182 73 121 669 72 518 769 535 51 76 161 631 539 202 444 718 462 467 740 660 492 430 98 125 400 495 696 238 73 630 86 685 571 125 154 626 261 562 431 59 492 638 495 397 680 729 734 370 143 733 164 416 137 126 103 736 326 412 483 465 437 444 153
596 920 857 839 101 244 801 57 92 869 848 149 333 842 804 102 68 255 231 391 739 0 1095 231 123 231 221 828 14 855 92 81 38 210 289 749 932 822 194 318 320 44 532 55 890 1044 455 214 261 824 364 859 23 249 866 254 62 68 261 231 769 837 96 243 783 932 839 896 392 145 839 826 245 282 899 755 53 39 942 312 102 267 429 921 315 208 73 779 608 924 885 771 813 197 803 245 75 423 691 814 858 127 214 924 296 80 277 275 20 158 257 321 651 783 460 274 78 753 793 119 817 69 305 849 883 116 816 200 308 796 247 105 260 351 111 25 68 372 876 43 864 354 874 855 839 100 869 332 259 279 304 298 892
499 273 281 361 1128 871 308 1058 1102 284 381 949 769 276 303 1025 1090 938 867 939 361 1095 0 875 1020 869 876 343 1083 256 1173 1050 1123 887 807 350 163 297 924 796 790 1137 564 1133 231 239 673 920 874 292 743 235 1090 846 237 853 1142 1068 839 864 376 273 1030 857 335 166 279 204 723 952 289 270 849 817 317 394 1143 1059 276 783 1016 873 671 203 799 954 1103 329 589 219 219 324 335 1004 310 863 1128 880 406 286 309 981 900 240 803 1067 818 827 1097 1022 852 791 457 374 702 838 1056 491 326 989 298 1038 892 283 250 980 367 909 787 311 849 992 856 757 1041 1086 1084 723 249 1085 303 756 242 272 273 1097 486 772 842 817 796 803 215
376 724 654 652 297 148 592 213 274 669 667 85 106 634 594 150 215 132 94 264 527 231 875 0 147 106 91 635 217 645 320 175 253 40 73 536 712 615 52 176 169 274 311 279 681 848 289 180 63 616 193 640 233 66 642 24 288 230 39 78 575 611 156 111 579 716 631 681 227 118 635 609 66 118 709 563 283 202 748 106 188 70 233 712 175 217 265 570 381 719 661 551 616 157 596 16 285 388 478 601 662 108 144 722 125 192 94 126 239 242 139 175 448 590 234 44 223 589 589 163 610 166 142 645 678 116 585 35 115 586 92 127 156 188 228 230 210 160 669 213 668 123 665 649 630 273 712 163 119 68 135 136 680
522 869 800 795 219 234 739 144 204 815 809 97 252 781 741 24 77 133 195 269 674 123 1020 147 0 202 186 780 110 792 213 43 127 147 219 682 857 762 96 293 290 161 457 178 828 993 423 232 154 763 326 786 139 193 786 168 185 164 185 187 720 754 29 214 725 862 778 828 358 136 781 755 191 241 854 707 172 119 893 249 157 157 376 859 291 248 187 717 501 865 805 696 762 77 742 157 196 460 624 748 808 55 211 868 253 53 226 242 140 229 237 294 594 735 353 182 166 726 735 150 757 61 184 791 825 85 719 112 254 733 206 79 248 317 191 137 72 306 816 87 813 265 811 796 777 209 847 293 228 211 263 260 826
374 689 626 609 261 43 571 190 235 639 620 105 143 612 575 192 246 234 13 370 510 231 869 106 202 0 17 597 221 626 304 210 264 71 95 521 707 592 138 92 91 270 314 264 660 813 227 83 168 594 134 634 222 50 645 114 273 199 94 29 539 619 195 13 553 705 609 668 163 85 609 599 48 52 669 525 275 193 711 99 147 175 199 691 90 125 234 549 437 694 664 547 583 243 573 115 260 282 464 586 628 147 46 693 66 229 57 44 230 171 36 94 420 552 302 131 187 529 563 120 587 187 247 618 653 128 615 118 86 567 25 138 51 121 176 219 241 154 646 232 633 173 644 624 610 231 649 101 29 84 73 67 664
380 700 636 621 257 58 580 183 232 649 632 90 139 621 583 177 233 218 10 355 518 221 876 91 186 17 0 608 210 634 297 196 253 55 90 528 714 601 121 107 105 262 318 257 669 824 240 93 154 603 145 641 214 42 651 101 266 193 83 18 549 624 181 27 562 713 618 676 176 76 618 606 39 61 680 536 267 184 722 100 142 161 208 700 105 133 229 558 434 704 670 553 593 227 582 102 254 298 471 594 638 132 55 703 75 215 59 57 222 174 53 108 430 563 296 119 182 543 572 115 596 174 233 628 662 114 616 102 90 575 27 125 68 134 174 210 228 157 655 220 644 168 653 634 618 228 663 112 42 78 83 78 672
295 93 68 35 840 587 108 783 816 59 67 693 537 94 112 778 839 733 599 783 151 828 343 635 780 597 608 0 818 115 895 800 861 634 562 155 231 86 688 511 509 866 351 857 119 216 376 629 655 93 464 193 818 589 248 617 866 788 596 601 61 267 783 585 87 199 92 168 436 683 71 168 592 548 75 73 870 790 114 531 736 657 404 142 514 657 820 112 495 124 254 202 31 786 96 628 847 548 193 138 35 732 617 109 534 819 557 553 826 727 572 508 191 45 541 609 775 149 83 712 92 781 699 71 95 721 390 669 527 114 583 733 571 476 754 814 834 475 102 828 42 536 116 83 105 809 190 496 569 569 525 530 147
584 910 846 829 111 235 790 57 100 859 839 136 320 831 793 88 61 242 220 379 728 14 1083 217 110 221 210 818 0 844 106 68 44 197 277 737 920 811 180 309 310 57 520 69 879 1034 446 208 248 813 354 848 31 237 854 241 76 70 248 220 759 825 82 233 772 921 828 885 383 135 828 814 233 271 890 745 67 33 932 300 98 253 418 910 306 205 82 768 595 914 873 759 803 185 792 232 87 421 680 803 848 113 206 913 285 69 265 265 30 158 248 312 640 773 446 260 79 745 783 112 806 55 291 838 873 103 802 186 297 785 236 92 252 342 112 31 60 360 865 34 854 340 863 844 828 108 862 322 249 267 293 288 881
275 121 51 147 880 623 54 815 855 73 177 713 541 22 51 793 857 726 625 756 118 855 256 645 792 626 634 115 844 0 929 818 886 651 574 110 119 41 697 548 542 896 339 890 37 222 420 670 655 36 495 80 848 608 136 625 899 823 607 624 125 161 799 614 79 94 25 57 473 710 44 67 611 574 145 142 901 818 148 546 771 655 427 67 550 703 857 77 436 79 141 124 92 787 55 635 883 624 168 50 96 748 653 95 560 835 579 582 856 771 606 543 206 129 510 613 811 258 70 745 42 802 687 44 46 743 291 680 547 59 608 755 608 510 793 845 852 487 31 850 93 534 20 34 17 849 302 526 598 583 552 559 42
677 988 928 903 67 308 875 115 85 939 910 236 420 915 879 193 145 346 307 477 815 92 1173 320 213 304 297 895 106 929 0 170 90 296 374 825 1011 895 286 384 388 52 614 41 963 1111 519 267 354 897 434 938 87 330 948 344 32 107 348 310 838 920 187 316 855 1010 912 973 459 222 911 904 327 356 964 823 41 118 1008 394 159 359 503 995 381 247 76 853 700 996 967 851 882 283 876 335 49 445 768 890 926 218 278 994 370 164 356 347 81 181 324 388 723 850 551 364 120 809 866 184 890 161 396 920 955 204 904 291 387 870 324 193 324 420 143 90 148 453 949 127 932 442 948 927 913 94 921 403 332 363 378 371 968
551 891 823 814 179 236 764 110 166 838 827 108 281 806 767 26 40 175 206 310 700 81 1050 175 43 210 196 800 68 818 170 0 85 167 244 709 887 786 129 302 301 118 486 136 853 1015 436 224 192 788 340 815 98 212 817 198 142 129 211 201 741 786 20 223 749 890 803 855 372 133 805 783 209 255 873 728 130 83 914 272 133 196 396 884 300 233 148 742 541 890 836 726 784 116 767 188 155 450 651 774 829 69 210 891 268 18 243 253 99 204 243 304 617 755 392 215 133 739 759 133 781 31 227 815 849 83 756 141 273 758 219 73 252 330 162 97 34 331 840 44 835 297 837 820 802 172 859 307 238 235 277 274 853
624 953 889 873 122 279 832 95 120 902 883 175 358 873 835 111 55 259 263 387 769 38 1123 253 127 264 253 861 44 886 90 85 0 237 316 779 960 853 211 353 354 40 560 67 921 1077 490 252 276 855 398 888 59 278 893 277 69 104 286 262 802 863 104 277 815 962 870 926 427 179 871 855 275 314 933 789 52 76 975 341 140 281 460 952 350 246 101 810 625 956 912 799 846 194 834 267 93 461 721 844 891 146 250 956 328 76 307 308 52 194 292 356 682 816 476 295 115 789 825 156 849 87 311 881 915 143 837 220 339 827 279 131 296 385 148 61 58 401 907 42 897 376 905 886 870 129 906 365 293 306 336 331 923
387 724 657 649 267 113 598 185 242 671 662 62 124 640 600 144 206 164 59 302 534 210 887 40 147 71 55 634 197 651 296 167 237 0 79 543 723 620 68 152 147 253 323 255 687 849 276 141 102 621 179 651 209 46 656 57 264 199 53 46 574 627 148 78 582 726 636 690 212 83 639 618 44 97 708 562 261 178 748 105 155 110 230 718 151 177 235 576 411 723 676 562 617 176 601 54 258 353 485 609 663 97 105 725 107 185 79 100 216 204 106 152 450 589 267 78 191 579 592 128 615 151 180 649 682 94 608 48 107 592 64 106 122 171 193 206 200 165 674 199 668 147 671 654 636 241 701 147 89 69 117 116 687
308 651 581 578 341 130 521 261 316 597 593 141 49 563 523 219 284 192 85 306 457 289 807 73 219 95 90 562 277 574 374 244 316 79 0 465 644 544 126 124 114 332 244 333 610 775 220 178 111 545 127 573 288 48 577 58 342 275 35 72 502 548 225 91 506 647 560 612 159 155 563 540 52 72 636 490 340 256 675 33 226 117 160 641 124 220 311 499 344 647 596 483 543 229 524 68 334 351 407 531 589 174 141 650 71 261 46 86 294 264 112 121 375 517 207 60 265 517 517 199 538 230 185 573 606 174 531 107 49 515 70 185 129 124 261 284 278 87 597 278 595 78 593 577 559 314 640 101 88 12 79 84 609
164 212 132 188 778 521 61 710 753 154 218 605 431 104 62 684 749 616 519 649 13 749 350 536 682 521 528 155 737 110 825 709 779 543 465 0 191 89 587 446 440 790 229 785 147 328 325 570 544 87 393 120 742 501 153 515 794 719 498 517 114 150 690 509 68 185 101 148 373 604 112 82 504 469 219 122 795 712 240 438 667 545 322 177 449 604 753 44 342 188 169 61 123 677 69 526 780 548 58 66 161 640 550 197 455 727 472 478 750 672 503 441 110 132 403 503 707 249 74 641 82 694 577 122 149 636 251 571 440 54 502 647 506 408 691 739 743 379 137 742 164 424 130 122 97 747 333 422 493 474 447 454 144
336 201 163 259 966 710 160 896 941 178 288 785 606 142 155 861 927 777 704 785 204 932 163 712 857 707 714 231 920 119 1011 887 960 723 644 191 0 159 761 636 629 974 401 970 114 250 517 760 712 153 582 73 927 683 82 690 980 906 676 701 243 122 867 695 192 39 145 63 563 789 162 110 687 655 240 261 980 896 220 620 854 711 510 105 639 795 941 179 441 135 69 161 211 843 166 700 967 734 245 131 205 818 738 163 641 904 656 665 935 862 691 631 301 248 545 675 894 377 185 827 157 874 732 160 140 817 242 746 624 161 687 829 695 597 880 924 921 560 130 922 201 593 114 148 134 936 410 610 680 654 634 642 84
251 124 43 120 844 588 29 780 819 66 152 681 512 21 30 763 826 701 591 737 92 822 297 615 762 592 601 86 811 41 895 786 853 620 544 89 159 0 667 512 507 862 313 855 69 239 382 634 628 7 460 109 814 576 163 595 864 788 577 591 84 181 768 579 40 136 18 98 436 677 24 82 579 540 135 102 867 784 151 515 736 629 393 101 514 665 821 47 429 103 171 122 58 760 20 606 848 583 143 52 78 717 617 109 526 804 546 548 822 734 570 507 171 90 492 584 775 221 30 710 8 770 663 33 63 711 306 650 515 36 574 722 572 474 757 810 820 456 54 818 79 507 55 34 25 813 275 491 563 552 518 525 83
426 776 706 704 272 178 644 188 250 722 719 66 156 686 646 103 168 101 127 246 579 194 924 52 96 138 121 688 180 697 286 129 211 68 126 587 761 667 0 220 214 237 361 246 733 900 339 197 69 668 243 690 200 111 691 72 254 206 91 114 627 659 109 146 631 766 683 732 276 114 687 659 109 163 762 615 246 171 800 158 174 75 286 763 219 228 239 622 415 771 709 600 669 108 648 61 256 418 529 652 715 67 165 774 172 144 142 168 205 238 174 219 500 643 266 86 201 640 641 153 662 126 131 697 730 89 627 20 166 638 132 97 189 236 214 197 163 212 721 170 720 169 716 701 682 252 763 211 157 120 182 182 731
313 604 544 521 333 76 493 271 308 555 530 197 153 532 497 284 338 307 98 430 435 318 796 176 293 92 107 511 309 548 384 302 353 152 124 446 636 512 220 0 12 355 260 345 581 727 137 124 231 514 55 563 307 110 580 173 355 277 147 108 454 557 287 80 472 631 529 593 75 175 527 527 111 58 582 439 359 279 625 101 225 237 128 612 3 160 310 471 421 613 599 479 498 328 494 180 337 229 391 511 542 239 106 610 54 321 84 52 315 226 61 6 341 466 306 182 264 438 482 201 508 279 308 537 572 220 570 200 79 489 89 230 60 39 246 303 333 121 566 323 548 182 566 544 531 302 556 37 65 120 46 41 587
305 601 540 519 338 81 488 274 313 552 529 195 142 528 492 282 337 299 95 420 429 320 790 169 290 91 105 509 310 542 388 301 354 147 114 440 629 507 214 12 0 358 250 349 576 725 136 131 222 509 47 557 309 103 572 164 358 281 138 103 450 549 285 78 468 625 524 587 73 175 523 520 105 51 580 436 361 281 623 90 229 228 120 607 14 169 314 466 409 609 591 472 495 322 489 171 341 241 385 505 539 236 110 606 44 319 75 48 318 233 64 7 336 463 294 172 268 438 478 204 503 278 298 533 567 219 560 194 68 484 84 229 66 33 251 306 332 109 561 323 545 170 561 539 526 307 558 25 63 110 36 33 581
638 959 896 876 86 280 842 85 89 909 885 192 377 882 845 142 94 294 271 425 780 44 1137 274 161 270 262 866 57 896 52 118 40 253 332 790 974 862 237 355 358 0 575 29 930 1082 492 245 304 864 403 901 48 291 909 298 30 86 305 273 808 880 135 283 823 974 879 937 430 186 879 867 287 322 937 794 12 78 980 355 133 309 469 962 353 233 71 819 652 965 928 813 853 231 843 289 57 443 732 856 897 170 250 963 336 112 318 314 40 174 294 359 691 821 503 317 99 788 833 154 858 111 345 889 923 159 859 244 350 837 288 148 297 390 130 52 96 414 916 75 903 397 915 895 880 99 902 371 299 322 344 338 933
65 431 355 375 575 325 288 500 549 373 398 385 205 331 289 460 526 388 309 433 222 532 564 311 457 314 318 351 520 339 614 486 560 323 244 229 401 313 361 260 250 575 0 573 376 552 192 379 316 313 206 330 529 284 334 289 583 511 275 304 291 306 466 303 280 405 328 371 202 392 335 298 288 263 425 285 582 498 457 221 460 316 135 405 262 418 547 267 212 416 353 240 326 448 293 300 572 436 171 293 372 417 351 422 249 503 259 276 536 479 305 254 163 310 195 275 500 359 290 433 307 474 350 345 376 417 311 346 228 281 291 429 313 221 490 526 520 161 365 521 376 195 359 348 325 545 478 227 289 254 245 253 371
636 949 889 865 57 269 835 75 61 900 873 195 379 876 839 157 117 311 266 446 775 55 1133 279 178 264 257 857 69 890 41 136 67 255 333 785 970 855 246 345 349 29 573 0 924 1073 481 231 314 857 395 898 46 289 907 303 9 69 307 270 799 879 151 276 816 969 872 932 421 181 872 863 286 316 927 784 21 77 971 353 120 320 463 955 343 215 45 813 659 957 926 810 844 251 837 294 28 420 728 850 888 179 239 955 330 133 315 307 41 152 285 349 684 812 511 323 83 774 826 145 851 123 360 881 916 163 863 250 346 831 284 153 286 381 110 49 119 412 909 95 894 401 908 888 873 72 887 364 292 322 338 331 928
312 96 52 146 913 657 89 849 888 64 174 748 577 48 87 829 893 763 659 792 154 890 231 681 828 660 669 119 879 37 963 853 921 687 610 147 114 69 733 581 576 930 376 924 0 187 452 703 691 67 529 98 883 644 152 661 933 857 643 659 145 183 835 648 109 80 52 54 506 745 59 97 647 609 129 163 935 853 121 582 805 692 461 31 584 735 890 111 470 43 152 158 105 823 87 672 917 650 205 86 91 784 686 64 595 871 614 617 890 804 639 576 240 145 547 649 844 268 99 779 73 838 724 53 26 778 315 716 583 95 643 790 641 543 827 879 887 523 18 885 87 571 17 42 51 882 296 560 632 618 587 593 32
490 124 197 210 1056 803 267 999 1031 179 211 908 747 224 266 992 1054 939 814 976 332 1044 239 848 993 813 824 216 1034 222 1111 1015 1077 849 775 328 250 239 900 727 725 1082 552 1073 187 0 592 845 864 241 680 276 1034 803 321 829 1082 1004 809 816 275 358 997 801 272 214 226 221 652 899 217 284 806 763 148 289 1086 1006 102 744 952 865 619 166 730 872 1036 286 657 144 314 345 232 996 259 839 1063 750 382 272 186 946 833 130 749 1033 772 769 1042 941 788 724 400 261 731 819 991 328 262 928 246 997 902 207 179 937 488 882 742 273 798 948 787 692 970 1030 1048 688 192 1044 180 744 204 206 232 1024 277 712 784 782 741 746 207
223 469 412 384 465 212 366 408 440 422 394 329 219 403 371 416 473 411 230 510 313 455 673 289 423 227 240 376 446 420 519 436 490 276 220 325 517 382 339 137 136 492 192 481 452 592 0 254 330 386 97 445 444 230 469 278 490 412 252 236 319 452 420 214 343 508 400 469 64 311 396 407 232 181 445 304 495 416 489 187 361 335 82 483 139 283 444 345 395 481 487 367 364 447 366 287 471 246 275 388 408 370 242 477 169 454 198 183 452 353 198 134 216 331 324 278 399 303 353 338 379 414 397 405 441 354 490 319 174 363 217 365 195 106 379 440 467 153 436 459 414 236 437 413 403 434 425 129 198 222 160 163 460
435 723 665 637 211 54 616 160 187 675 643 142 225 655 620 214 252 299 95 441 559 214 920 180 232 83 93 629 208 670 267 224 252 141 178 570 760 634 197 124 131 245 379 231 703 845 254 0 243 637 178 687 198 133 703 193 239 162 176 110 573 679 215 87 594 755 651 717 198 96 649 651 130 121 698 558 247 175 743 178 113 250 251 735 121 42 191 594 518 734 722 602 618 291 617 193 218 228 515 635 661 179 38 730 133 241 137 106 207 102 75 129 464 584 385 212 148 543 605 96 630 195 321 658 693 147 686 182 160 612 108 154 66 163 125 195 247 225 688 231 667 255 688 665 654 180 657 152 95 167 135 126 710
381 741 668 675 340 211 603 256 318 685 692 130 119 646 605 166 230 81 156 203 537 261 874 63 154 168 154 655 248 655 354 192 276 102 111 544 712 628 69 231 222 304 316 314 691 864 330 243 0 628 238 642 269 124 638 58 322 274 84 140 595 605 173 172 593 719 643 686 271 174 649 613 125 173 730 584 314 240 766 144 239 8 264 721 230 279 307 582 349 731 657 552 634 132 608 53 325 448 487 608 680 135 207 736 177 206 147 184 273 299 200 228 465 611 200 52 269 622 603 216 622 193 80 659 690 157 566 70 160 597 152 165 217 235 279 266 225 185 680 235 685 121 674 662 641 320 746 212 178 112 186 189 687
250 127 47 127 847 590 26 783 822 70 159 682 513 18 26 764 827 701 593 736 91 824 292 616 763 594 603 93 813 36 897 788 855 621 545 87 153 7 668 514 509 864 313 857 67 241 386 637 628 0 463 102 816 578 156 596 866 790 578 593 91 174 769 581 43 130 15 92 439 679 28 75 581 542 140 108 869 786 155 516 738 629 395 98 517 669 824 46 425 103 164 117 65 760 21 607 850 589 142 46 84 718 620 110 528 806 548 550 824 737 573 510 173 97 490 585 778 228 34 713 6 772 663 36 63 712 299 651 516 33 576 724 574 477 760 813 822 457 53 819 85 507 52 35 19 816 282 493 566 553 520 527 78
259 556 494 475 385 128 441 321 360 506 487 233 138 481 445 320 378 318 135 428 382 364 743 193 326 134 145 464 354 495 434 340 398 179 127 393 582 460 243 55 47 403 206 395 529 680 97 178 238 463 0 509 355 133 525 183 404 328 157 140 405 502 324 121 421 578 477 540 33 219 477 473 135 85 536 391 407 326 578 95 275 243 74 561 57 215 361 419 378 562 544 424 449 350 442 192 388 257 337 458 494 274 157 560 73 359 101 89 363 280 110 49 289 419 274 186 315 400 431 250 456 319 310 486 521 259 517 222 79 437 121 270 113 15 298 351 372 85 515 365 500 161 514 493 479 354 522 33 105 127 63 67 534
265 194 131 226 893 637 100 823 868 152 257 713 534 98 94 790 855 709 631 723 133 859 235 640 786 634 641 193 848 80 938 815 888 651 573 120 73 109 690 563 557 901 330 898 98 276 445 687 642 102 509 0 855 611 56 619 907 833 604 629 189 85 796 623 133 79 100 55 491 717 121 38 614 582 223 205 907 824 219 547 781 642 437 111 566 722 868 115 387 137 62 90 166 774 109 629 894 666 172 66 175 746 665 161 568 833 583 592 862 789 618 558 230 198 480 605 821 329 128 754 105 803 665 124 120 745 216 675 552 98 614 757 622 524 807 851 850 487 105 850 173 523 88 114 88 863 381 537 607 582 561 569 71
592 911 848 828 81 232 794 38 69 861 837 149 333 834 797 116 91 269 224 408 732 23 1090 233 139 222 214 818 31 848 87 98 59 209 288 742 927 814 200 307 309 48 529 46 883 1034 444 198 269 816 355 855 0 245 863 257 55 45 261 226 760 834 110 235 775 927 831 890 382 138 831 820 241 274 889 746 53 31 932 308 85 274 421 914 304 189 51 772 613 916 882 766 804 214 796 248 58 402 685 808 849 133 202 915 288 100 271 266 8 136 246 310 643 773 465 277 57 740 785 106 810 80 317 841 875 117 817 204 303 789 241 107 248 342 90 4 90 368 868 64 855 355 867 847 832 77 855 323 251 277 296 289 886
348 679 612 603 294 90 554 216 269 627 616 105 97 596 557 189 251 198 38 327 491 249 846 66 193 50 42 589 237 608 330 212 278 46 48 501 683 576 111 110 103 291 284 289 644 803 230 133 124 578 133 611 245 0 618 67 298 229 45 24 529 590 194 50 538 684 593 648 166 109 594 577 4 52 662 516 297 214 703 64 180 132 185 675 109 174 265 532 392 679 637 522 572 219 557 72 289 324 443 566 618 143 96 680 61 230 32 60 252 216 76 109 406 544 254 82 219 533 548 152 571 194 204 604 638 135 578 90 61 549 28 147 93 125 214 241 245 124 630 242 623 126 627 610 593 267 655 101 54 36 71 71 645
271 248 186 281 906 652 150 833 880 208 312 718 536 154 144 792 858 701 641 704 166 866 237 642 786 645 651 248 854 136 948 817 893 656 577 153 82 163 691 580 572 909 334 907 152 321 469 703 638 156 525 56 863 618 0 620 916 844 607 637 240 40 798 634 182 109 156 103 510 726 177 83 621 594 279 254 915 832 272 554 792 637 452 159 582 740 879 160 359 188 19 102 221 768 160 630 904 699 195 115 231 749 679 214 579 834 592 605 870 805 632 574 260 250 466 604 832 380 179 765 158 807 655 180 175 751 167 677 561 147 624 762 638 540 820 859 852 495 161 854 229 522 143 169 143 876 436 551 619 587 573 581 122
354 705 634 634 320 156 572 236 296 650 650 108 84 614 574 172 238 136 101 260 507 254 853 24 168 114 101 617 241 625 344 198 277 57 58 515 690 595 72 173 164 298 289 303 661 829 278 193 58 596 183 619 257 67 620 0 312 252 26 85 556 588 178 116 559 694 611 660 217 139 615 587 68 115 691 545 307 226 729 91 210 65 217 691 173 232 288 550 358 699 639 529 598 171 576 11 309 392 457 580 644 131 156 702 120 215 89 126 263 261 143 171 429 572 212 21 245 575 569 184 590 190 136 625 658 140 561 57 105 566 95 150 161 180 249 253 232 142 649 236 649 100 644 629 610 296 698 155 121 56 129 132 659
645 959 898 874 58 278 844 84 66 909 882 204 388 885 848 164 121 317 276 451 784 62 1142 288 185 273 266 866 76 899 32 142 69 264 342 794 980 864 254 355 358 30 583 9 933 1082 490 239 322 866 404 907 55 298 916 312 0 78 316 279 808 888 158 285 825 979 881 942 430 190 881 872 295 325 936 793 18 86 980 362 129 328 472 964 352 223 52 822 668 966 935 819 853 257 846 303 30 427 737 860 897 187 248 964 339 138 324 317 49 159 294 358 693 821 520 332 91 783 835 154 860 131 367 890 925 172 872 259 356 840 293 161 295 391 118 58 123 421 919 100 903 410 917 897 883 77 895 373 301 331 347 340 937
573 881 821 797 67 201 768 19 45 832 804 146 322 808 772 140 131 287 202 430 708 68 1068 230 164 199 193 788 70 823 107 129 104 199 275 719 906 788 206 277 281 86 511 69 857 1004 412 162 274 790 328 833 45 229 844 252 78 0 252 207 731 817 135 210 749 904 805 866 353 120 804 798 225 251 858 716 86 46 902 292 52 280 397 888 274 147 36 746 610 889 863 746 776 240 770 245 61 358 662 784 820 143 171 887 265 135 252 241 52 91 217 281 617 743 464 273 13 705 759 79 784 103 331 814 848 117 806 205 283 764 220 109 217 314 45 43 129 350 842 104 825 347 841 820 807 47 818 297 226 263 272 264 861
339 685 615 613 319 135 554 238 295 631 628 113 72 596 557 186 251 162 82 284 490 261 839 39 185 94 83 596 248 607 348 211 286 53 35 498 676 577 91 147 138 305 275 307 643 809 252 176 84 578 157 604 261 45 607 26 316 252 0 66 536 577 192 95 540 679 593 644 191 134 597 572 47 90 670 524 312 230 709 67 207 90 195 674 146 216 288 532 359 681 626 514 578 195 558 35 310 367 440 564 624 142 138 684 94 229 63 101 268 252 120 145 409 552 217 38 244 551 550 180 572 199 162 607 640 145 556 73 79 548 73 156 138 153 244 258 246 121 631 247 629 94 627 611 592 294 674 129 97 30 103 106 642
367 692 627 614 272 71 570 196 247 640 626 93 122 611 573 180 239 208 16 342 508 231 864 78 187 29 18 601 220 624 310 201 262 46 72 517 701 591 114 108 103 273 304 270 659 816 236 110 140 593 140 629 226 24 637 85 279 207 66 0 541 610 184 33 553 701 608 665 171 88 609 595 21 55 673 528 279 195 715 84 157 147 198 690 106 151 243 548 416 694 656 540 585 221 572 87 268 310 460 583 630 134 72 694 67 219 46 56 233 191 61 108 420 555 278 103 197 539 563 130 586 181 219 619 653 121 600 94 77 565 19 132 78 130 191 222 233 143 645 228 636 150 643 624 608 244 660 107 44 61 77 73 661
237 151 97 85 784 530 90 725 760 103 111 633 476 103 96 718 779 672 539 724 107 769 376 575 720 539 549 61 759 125 838 741 802 574 502 114 243 84 627 454 450 808 291 799 145 275 319 573 595 91 405 189 760 529 240 556 808 731 536 541 0 250 723 526 58 219 100 182 378 624 87 156 532 488 135 18 812 731 174 471 679 597 344 174 456 602 763 82 445 166 250 172 45 725 80 567 790 505 140 124 89 672 560 158 475 759 498 494 768 672 514 450 130 19 482 548 718 141 61 655 86 722 639 93 128 662 363 609 468 93 524 674 514 418 698 756 774 415 128 769 95 476 136 104 109 753 219 438 510 508 466 472 165
245 279 211 302 880 627 163 806 854 234 333 689 505 176 157 761 826 666 615 666 163 837 273 611 754 619 624 267 825 161 920 786 863 627 548 150 122 181 659 557 549 880 306 879 183 358 452 679 605 174 502 85 834 590 40 588 888 817 577 610 250 0 767 608 193 149 178 138 489 698 199 99 593 568 306 263 887 803 304 526 766 604 429 195 560 717 852 169 319 222 55 91 238 734 174 599 877 687 182 130 255 719 654 246 554 803 565 579 842 781 607 551 250 263 429 572 806 391 192 738 175 777 619 203 204 721 131 645 534 158 597 733 614 518 795 831 821 467 189 824 254 490 172 194 165 850 457 527 594 558 548 556 155
531 873 805 797 191 223 745 116 175 820 810 91 262 787 748 7 60 160 190 298 681 96 1030 156 29 195 181 783 82 799 187 20 104 148 225 690 867 768 109 287 285 135 466 151 835 997 420 215 173 769 324 796 110 194 798 178 158 135 192 184 723 767 0 207 730 871 784 836 355 121 787 764 191 239 856 710 146 90 896 253 132 177 379 865 285 228 159 723 521 871 817 706 765 105 748 168 168 442 632 755 811 51 198 873 251 37 226 237 112 204 229 289 598 737 372 195 138 723 740 128 763 32 210 797 830 70 736 121 255 740 203 61 239 314 164 108 54 312 822 63 817 277 818 802 784 181 843 291 223 216 261 257 834
363 677 614 596 272 40 559 202 246 626 607 117 138 600 563 204 259 241 19 375 498 243 857 111 214 13 27 585 233 614 316 223 277 78 91 509 695 579 146 80 78 283 303 276 648 801 214 87 172 581 121 623 235 50 634 116 285 210 95 33 526 608 207 0 540 693 596 656 150 98 596 587 48 40 656 512 287 205 699 91 158 180 187 679 78 129 245 537 431 682 653 535 570 253 561 119 271 276 452 574 615 159 51 681 54 241 50 32 243 180 28 81 408 539 298 132 199 517 551 132 575 200 252 606 641 140 606 127 76 555 22 151 45 109 187 231 253 144 634 245 621 168 632 612 597 242 636 89 16 81 61 55 651
219 151 75 121 805 548 33 741 780 94 152 643 476 61 39 725 788 667 552 708 66 783 335 579 725 553 562 87 772 79 855 749 815 582 506 68 192 40 631 472 468 823 280 816 109 272 343 594 593 43 421 133 775 538 182 559 825 749 540 553 58 193 730 540 0 172 57 134 397 638 56 99 541 501 153 72 828 746 178 477 696 594 355 140 475 626 782 26 409 141 193 118 56 724 26 570 809 546 112 67 96 679 578 144 487 767 508 509 783 695 531 468 132 71 463 548 736 199 10 671 37 732 630 66 100 673 309 613 477 36 536 684 532 435 718 772 783 419 94 779 99 472 95 72 62 774 270 452 524 514 479 486 121
340 163 131 226 963 706 143 895 938 144 253 787 610 116 138 865 930 787 703 802 196 932 166 716 862 705 713 199 921 94 1010 890 962 726 647 185 39 136 766 631 625 974 405 969 80 214 508 755 719 130 578 79 927 684 109 694 979 904 679 701 219 149 871 693 172 0 119 39 557 789 134 107 687 653 202 237 980 896 181 621 852 719 507 67 634 788 938 164 463 96 100 167 182 851 147 705 964 718 242 120 171 821 735 124 639 908 656 663 934 856 687 626 292 221 559 681 892 347 164 825 136 877 744 130 105 819 275 751 624 145 686 830 691 592 876 923 925 561 97 924 166 600 84 118 111 932 374 607 678 656 632 639 54
265 115 36 125 862 605 41 798 837 60 157 697 528 4 40 779 843 716 608 750 106 839 279 631 778 609 618 92 828 25 912 803 870 636 560 101 145 18 683 529 524 879 328 872 52 226 400 651 643 15 477 100 831 593 156 611 881 805 593 608 100 178 784 596 57 119 0 83 454 694 21 79 596 557 132 117 884 801 142 531 753 644 410 83 532 683 839 61 437 88 162 127 67 775 36 622 865 601 157 53 78 734 634 96 543 821 563 565 839 752 588 525 188 103 505 600 793 233 47 728 21 787 678 26 48 728 305 666 532 47 591 739 589 491 775 828 837 472 38 834 77 522 38 21 13 830 281 508 581 568 535 542 66
