NAME : X-n195-k51_SARP
COMMENT : Curated from VRPLIB to SARP
TYPE : SARP
DIMENSION : 195
EDGE_WEIGHT_TYPE : EXPLICIT
EDGE_WEIGHT_FORMAT : FULL_MATRIX
EDGE_WEIGHT_SECTION
0 352 474 152 290 185 199 341 359 570 238 280 87 89 175 395 335 121 453 200 237 370 177 687 214 470 426 521 328 289 215 460 331 387 258 339 458 413 602 488 447 454 237 318 290 159 289 269 479 423 316 298 491 344 403 436 460 197 295 285 437 476 310 355 276 461 568 146 260 255 361 484 473 354 487 427 524 342 307 119 701 321 327 475 459 156 662 290 473 353 479 164 501 396 501 285 324 325 344 254 165 318 195 376 663 141 159 285 354 661 628 532 635 586 386 276 508 446 475 370 526 431 285 252 389 233 179 393 601 392 30 587 568 138 290 388 501 376 499 125 365 630 513 310 631 236 345 187 340 282 346 422 486 401 290 486 564 239 509 422 263 383 156 580 668 261 399 562 413 340 488 576 108 247 495 87 326 510 527 379 562 682 424 458 575 436 529 362 256 222 412 263 350 230 387
352 0 781 353 602 537 155 554 553 689 589 273 270 309 190 508 665 305 371 508 586 480 256 755 347 650 80 760 673 622 458 210 329 685 243 45 123 307 679 394 112 104 571 90 624 206 640 592 236 277 555 465 290 187 390 301 303 155 645 627 226 278 342 269 162 243 920 479 581 194 165 835 260 564 487 668 215 254 180 273 764 656 602 823 281 215 716 224 800 666 726 457 541 263 410 194 547 662 597 556 233 222 213 666 746 237 276 131 349 742 733 869 699 654 505 621 508 126 695 256 271 194 313 298 713 124 173 206 695 288 322 705 735 270 64 675 817 685 691 453 669 979 252 463 730 566 594 177 253 421 493 512 605 277 329 279 579 369 859 773 100 734 411 597 779 612 250 602 276 690 359 712 324 596 279 277 533 836 227 122 657 736 133 659 666 188 652 386 283 528 70 607 701 227 243
474 781 0 429 505 341 632 679 303 923 330 750 557 477 640 415 461 589 918 501 372 780 528 1061 663 792 861 194 392 442 590 928 551 568 731 752 902 658 981 674 890 870 436 776 436 625 323 472 949 693 636 695 964 677 858 691 720 644 260 403 751 949 519 827 747 769 357 453 477 727 708 322 945 279 926 192 981 626 779 510 1076 439 588 218 932 625 1049 607 516 519 712 521 920 675 676 625 659 179 632 519 639 630 668 582 1029 613 630 750 814 1028 982 502 1019 975 786 386 580 896 750 652 838 766 527 520 496 685 628 865 969 649 499 938 353 611 718 115 570 539 291 349 112 451 982 381 990 451 638 606 625 703 377 447 859 668 750 959 986 681 262 339 715 323 562 999 491 327 688 548 683 340 707 914 571 366 787 559 676 538 879 840 468 1066 797 271 949 903 889 524 535 507 824 394 291 570 680
152 353 429 0 421 258 209 492 230 720 312 392 184 78 241 245 449 253 564 340 331 516 99 835 352 621 433 421 423 403 366 517 197 519 362 323 474 295 749 356 463 441 354 358 402 230 362 394 541 315 466 448 569 264 528 323 351 227 340 388 352 554 169 455 347 374 620 277 387 339 291 539 545 232 620 326 558 234 383 91 848 431 470 500 542 236 808 196 582 480 624 311 641 291 367 206 475 330 492 392 262 223 285 513 812 234 278 342 477 809 778 629 781 732 534 373 359 471 625 264 443 357 152 124 505 268 215 466 750 277 150 738 436 254 291 323 618 504 375 142 318 696 570 163 780 358 493 181 233 428 200 271 635 290 417 561 702 380 543 491 296 451 308 718 524 335 299 410 305 417 366 727 248 338 401 193 477 619 467 424 414 828 375 336 723 492 680 216 135 361 395 364 408 146 288
290 602 505 421 0 200 467 185 559 420 182 402 343 377 412 634 79 297 520 95 138 317 467 559 290 288 662 641 133 66 163 633 615 98 406 602 682 703 483 774 673 705 79 539 73 396 183 35 644 713 143 240 626 632 442 726 751 454 245 104 724 614 590 475 471 749 393 145 36 438 647 319 620 544 476 567 721 632 484 409 574 86 83 376 589 387 551 580 200 65 221 145 449 686 786 573 167 329 128 47 371 608 395 95 526 365 330 494 417 525 478 275 521 481 313 120 775 663 248 660 811 716 569 537 113 478 438 555 467 682 312 434 746 332 548 482 216 86 670 300 437 419 681 548 486 68 134 465 630 272 579 667 363 691 367 627 513 286 383 248 503 227 194 522 871 179 689 811 703 186 777 408 277 142 783 333 190 235 804 582 785 567 698 630 451 615 388 637 543 74 670 111 232 520 677
185 537 341 258 200 0 383 347 360 595 55 428 270 245 358 441 201 273 587 165 76 439 333 729 330 470 611 449 166 159 250 634 453 292 416 523 642 553 647 612 632 639 122 501 156 341 107 166 651 572 307 355 654 508 522 581 608 382 113 134 600 639 424 507 452 624 383 112 165 425 531 299 639 343 586 369 704 490 478 284 743 180 275 294 619 336 714 445 327 245 421 180 580 547 622 448 327 166 313 195 338 474 368 294 698 318 315 464 481 697 654 370 684 639 446 117 592 629 444 520 692 600 410 382 256 418 365 562 637 534 215 611 546 303 475 292 367 269 471 118 252 449 687 358 661 133 317 368 488 363 386 476 524 547 418 651 646 344 326 241 448 201 224 658 670 79 553 618 561 161 624 590 251 81 654 266 341 363 703 559 587 731 602 430 616 611 558 464 392 175 596 111 165 388 542
199 155 632 209 467 383 0 455 429 635 436 235 125 155 77 409 524 181 390 372 435 418 124 725 257 568 233 628 525 480 342 309 260 557 200 140 271 292 643 381 260 256 428 149 481 84 488 453 333 283 446 378 367 184 376 303 319 28 490 480 270 352 257 276 153 294 766 335 443 158 189 682 341 436 476 534 350 219 189 122 736 512 481 667 344 96 691 166 661 532 620 324 514 259 397 142 444 507 485 424 127 183 128 541 709 114 170 139 326 706 686 725 669 621 441 473 456 264 599 238 349 254 225 197 575 61 34 265 652 269 169 652 626 153 92 529 683 553 573 298 520 828 361 346 685 423 483 30 217 340 380 422 547 269 280 358 566 285 704 621 87 582 286 584 692 460 254 537 276 539 363 651 196 446 331 134 435 698 337 215 573 711 231 537 623 284 595 312 188 394 214 459 548 127 243
341 554 679 492 185 347 455 0 679 248 349 299 348 427 382 732 258 276 368 183 307 144 502 383 208 130 597 795 319 251 126 525 666 192 319 568 604 733 303 816 598 650 244 474 258 372 363 213 529 732 43 95 496 638 287 750 770 433 421 288 725 486 647 356 398 749 571 245 206 364 644 501 498 668 299 712 620 658 398 446 397 270 111 561 461 360 370 603 338 212 174 187 266 707 830 588 20 500 71 160 332 627 344 166 352 341 286 428 277 350 307 421 340 298 134 301 849 581 144 683 801 707 620 586 268 441 421 448 291 710 349 264 880 302 515 639 326 213 806 410 598 583 565 645 314 228 64 464 656 141 680 761 180 714 248 500 328 186 568 431 457 413 186 336 994 353 705 902 724 371 808 245 267 314 786 336 21 364 776 498 895 387 673 764 271 511 211 701 587 173 624 289 416 547 693
359 553 303 230 559 360 429 679 0 920 395 621 411 306 470 114 557 475 793 503 432 729 306 1044 572 808 631 210 507 518 558 737 264 652 591 515 676 365 958 371 665 624 481 577 514 460 428 526 762 403 645 653 795 408 754 397 425 451 375 488 468 780 235 684 574 483 609 437 524 568 441 545 770 25 844 127 767 347 611 319 1057 534 628 467 769 466 1020 343 667 604 779 492 860 388 374 369 660 313 661 547 491 360 515 654 1018 464 505 566 704 1016 980 688 992 944 743 469 282 678 795 369 550 490 253 258 610 490 441 692 955 359 369 938 209 480 497 192 714 629 145 269 223 699 789 93 984 491 664 399 346 641 76 148 839 379 643 787 923 598 516 524 516 489 506 939 315 410 403 273 394 475 407 922 465 434 496 419 667 700 600 642 227 1040 534 108 930 712 881 227 274 520 579 467 443 326 397
570 689 923 720 420 595 635 248 920 0 594 417 554 648 558 964 480 477 371 431 551 217 711 140 382 134 707 1043 547 486 362 583 875 384 450 716 698 926 79 1014 695 767 488 600 492 553 603 452 576 917 288 272 521 817 313 938 953 608 664 524 894 517 861 431 528 916 772 492 447 500 815 714 536 911 242 959 679 852 511 659 155 498 337 789 494 541 141 797 513 424 265 430 175 893 1029 776 268 745 292 404 509 818 508 362 106 527 469 559 343 105 60 590 113 95 194 540 1067 672 202 873 957 870 832 798 470 601 601 521 52 903 571 17 1124 492 668 887 479 414 1051 653 845 761 604 879 66 473 286 652 850 299 915 991 88 903 363 529 191 353 787 649 607 638 415 185 1234 596 888 1129 910 602 998 35 476 558 954 542 255 525 916 597 1131 153 820 1010 53 580 41 917 796 420 754 530 650 747 877
238 589 330 312 182 55 436 349 395 594 0 466 321 300 408 483 163 317 619 174 44 456 388 731 363 465 662 460 116 127 268 679 506 263 457 576 692 607 652 664 682 692 107 551 122 391 52 147 695 626 307 371 695 563 550 635 662 435 76 94 655 680 476 546 498 679 330 139 150 470 586 246 681 376 608 387 752 545 523 339 746 140 263 250 659 386 719 500 279 214 400 203 595 601 674 503 329 151 305 190 384 529 414 270 699 367 359 512 512 698 653 318 689 645 459 74 638 679 430 574 747 655 463 436 215 469 417 606 639 588 268 610 570 348 528 300 322 237 494 170 255 394 731 402 660 122 310 422 543 386 427 518 529 602 451 692 661 374 278 186 499 146 253 673 699 24 608 659 616 106 677 586 294 41 709 316 347 314 758 607 621 736 656 454 620 657 559 514 446 177 650 75 113 443 596
280 273 750 392 402 428 235 299 621 417 466 0 210 315 164 626 477 161 174 322 443 207 341 494 112 380 302 798 509 445 239 233 493 463 36 299 305 523 414 614 300 359 403 185 449 168 508 406 242 509 312 205 230 408 141 530 543 207 539 464 479 216 488 79 111 501 777 328 394 84 402 695 220 621 241 703 324 452 100 306 505 476 374 717 193 159 458 400 599 459 472 275 281 487 629 375 298 589 355 355 130 416 111 440 481 157 121 142 91 477 464 677 438 391 232 466 690 282 433 469 540 453 456 425 514 190 205 154 427 501 260 434 828 143 252 669 602 472 765 404 644 816 279 552 461 392 351 259 450 158 588 644 332 498 56 228 331 119 741 625 191 592 219 349 910 484 479 768 503 545 592 439 180 455 538 203 279 631 500 199 794 479 403 726 398 216 380 544 418 336 340 451 573 360 469
87 270 557 184 343 270 125 348 411 554 321 210 0 106 88 425 399 76 384 248 315 342 157 660 174 470 341 589 403 355 227 373 322 434 183 263 372 385 575 468 361 374 303 231 357 71 371 328 393 385 334 284 408 295 344 403 423 116 382 358 386 393 308 279 190 411 651 211 318 171 306 567 388 410 436 494 436 310 222 106 672 388 361 562 377 69 631 255 536 408 505 201 460 360 482 241 335 412 369 300 84 280 112 419 639 57 95 197 293 636 610 601 605 556 362 351 513 359 491 335 470 374 278 244 450 148 98 309 579 362 59 571 619 70 211 466 558 429 555 208 447 709 427 346 611 299 368 123 308 256 383 447 467 367 233 403 520 204 596 503 178 465 168 537 707 344 359 580 377 420 460 565 82 326 446 12 330 573 461 291 594 651 356 516 551 349 513 363 242 270 334 337 434 198 347
89 309 477 78 377 245 155 427 306 648 300 315 106 0 170 321 417 176 488 289 310 441 91 760 276 554 388 490 403 371 300 454 242 475 286 287 426 325 674 399 415 406 319 299 371 157 353 354 476 337 404 376 500 264 450 349 374 167 344 362 357 485 221 380 278 381 625 233 346 266 286 541 478 306 542 394 504 255 313 39 773 401 416 517 471 162 732 205 554 440 568 253 564 311 411 204 410 353 433 343 186 233 210 465 737 158 201 276 399 735 705 608 706 657 459 350 422 419 563 284 448 355 196 162 472 208 152 398 676 304 78 665 513 176 246 378 585 463 450 146 365 693 508 241 707 320 434 132 253 353 278 345 562 314 339 493 625 304 557 486 238 446 240 641 601 324 315 481 327 406 400 656 172 318 413 115 410 591 458 364 490 752 358 411 649 429 607 274 166 311 361 339 407 146 303
175 190 640 241 412 358 77 382 470 558 408 164 88 170 0 465 475 116 329 318 400 341 178 650 181 493 257 659 484 432 275 288 330 497 130 192 285 369 567 458 275 294 382 143 435 17 458 402 309 360 377 303 330 261 305 380 396 51 470 439 344 315 324 216 108 367 737 290 391 98 263 653 308 473 404 564 348 295 143 150 661 466 417 650 302 25 616 241 610 477 550 267 440 336 473 218 373 499 417 367 51 260 53 479 633 47 96 110 255 630 610 679 594 545 364 433 527 272 526 315 419 325 292 261 523 66 43 228 575 346 146 575 673 83 137 545 628 496 615 294 529 793 342 394 609 376 414 97 293 264 430 481 470 345 205 323 494 209 683 588 93 551 223 511 749 430 331 604 353 505 440 574 135 411 405 92 362 646 399 203 632 636 293 577 546 263 518 380 254 338 258 419 520 197 320
395 508 415 245 634 441 409 732 114 964 483 626 425 321 465 0 642 497 794 566 517 761 288 1080 597 861 582 296 598 600 607 707 187 730 593 467 629 272 994 264 618 565 559 549 597 458 522 602 733 314 702 693 773 341 765 303 330 435 474 574 385 759 168 681 561 396 720 500 598 562 373 653 746 139 860 231 723 273 598 321 1093 620 695 578 752 467 1053 286 761 685 849 546 885 303 265 315 713 420 723 614 497 295 515 729 1057 470 520 547 714 1054 1022 788 1026 978 779 556 169 634 858 289 459 411 195 215 697 470 429 672 995 272 396 982 227 495 460 305 805 709 196 335 336 809 756 87 1025 567 725 379 273 673 56 36 880 292 657 764 945 625 627 627 491 591 550 961 284 501 320 177 305 572 304 970 493 520 403 435 718 795 517 612 169 1073 465 178 968 683 924 136 228 585 521 552 545 288 316
335 665 461 449 79 201 524 258 557 480 163 477 399 417 475 642 0 363 599 160 126 394 507 620 365 346 729 613 69 46 240 708 646 108 480 662 750 740 548 805 742 769 98 607 47 458 141 74 719 753 216 319 703 678 521 765 791 514 206 69 772 691 618 552 542 796 315 190 85 509 696 243 697 538 553 546 794 672 557 452 635 23 148 309 667 450 616 622 138 59 251 211 523 727 816 619 241 292 193 124 437 650 462 123 586 428 398 563 495 585 536 204 585 548 389 88 792 733 293 701 860 766 600 570 56 540 497 630 530 719 360 493 731 398 609 453 169 79 655 315 406 340 756 559 545 100 200 518 670 351 586 677 431 730 444 704 586 363 311 173 567 158 264 594 861 150 732 819 743 124 813 465 342 123 829 390 265 175 859 653 784 630 754 616 515 689 451 661 578 143 731 90 173 563 720
121 305 589 253 297 273 181 276 475 477 317 161 76 176 116 497 363 0 332 204 301 266 233 585 100 395 366 642 379 323 161 362 398 381 144 308 388 458 499 543 379 408 274 245 325 102 363 290 379 456 265 208 381 362 282 474 494 163 386 333 450 367 384 238 184 475 640 186 278 154 370 556 366 472 369 548 439 383 206 182 597 356 302 566 347 91 556 328 497 362 439 153 388 431 557 311 264 430 304 252 74 351 101 364 563 70 42 202 233 561 533 567 530 481 286 330 590 372 420 407 530 435 355 321 409 181 148 289 503 435 106 495 684 35 253 508 513 380 617 244 483 689 415 416 534 266 302 188 381 179 453 521 390 439 170 378 449 128 594 488 205 453 107 466 777 337 429 655 448 406 532 489 22 312 511 64 257 532 513 294 666 576 408 577 475 340 437 440 319 224 373 315 428 273 417
453 371 918 564 520 587 390 368 793 371 619 174 384 488 329 794 599 332 0 458 591 228 506 400 257 394 363 971 643 574 363 216 649 557 202 410 342 662 336 753 342 424 541 286 579 336 656 533 206 640 398 284 150 541 81 663 670 362 695 601 596 146 648 114 240 614 911 480 522 232 527 833 165 794 133 877 309 596 206 476 406 603 469 867 123 329 357 549 702 567 522 418 198 621 768 520 376 752 437 477 302 560 280 531 398 330 294 263 107 394 400 784 346 309 247 606 844 316 467 607 639 565 616 587 624 334 366 170 359 641 434 384 1000 317 377 840 694 574 938 575 814 938 233 722 392 528 431 418 594 248 758 810 306 634 169 157 217 246 886 761 323 732 366 234 1078 635 611 928 636 685 724 403 349 601 650 377 352 730 582 256 960 376 502 899 333 218 345 702 578 466 424 591 720 517 602
200 508 501 340 95 165 372 183 503 431 174 322 248 289 318 566 160 204 458 0 137 281 377 564 211 308 570 612 188 123 96 550 530 188 322 508 591 613 482 688 582 611 84 448 127 302 201 86 562 622 144 197 551 538 384 636 660 360 250 144 631 537 506 399 382 655 457 66 75 349 553 376 542 490 435 530 634 542 398 319 579 156 130 411 514 293 549 489 293 160 284 51 421 595 700 481 163 323 158 54 278 516 303 176 534 271 239 404 351 533 490 364 519 475 285 148 698 573 292 570 717 621 484 451 205 384 343 473 472 592 220 447 700 239 454 456 311 181 626 235 416 495 599 480 496 71 161 370 540 215 513 598 359 600 295 550 487 214 429 305 409 275 105 499 818 184 597 741 612 228 688 427 183 147 690 238 177 328 709 493 724 567 603 584 451 530 393 556 455 22 575 134 263 429 585
237 586 372 331 138 76 435 307 432 551 44 443 315 310 400 517 126 301 591 137 0 418 399 689 337 421 656 504 93 85 233 662 527 221 437 576 684 625 610 687 674 689 64 541 81 383 65 103 677 642 265 334 673 574 519 652 679 431 114 58 667 659 498 522 484 691 339 116 106 454 595 255 661 414 572 430 739 560 506 347 703 104 219 276 637 376 677 513 252 173 357 173 557 616 697 514 287 194 261 147 371 542 400 227 657 357 342 501 483 656 610 299 647 604 420 42 668 669 386 590 757 664 483 455 180 463 413 587 597 606 266 566 612 334 525 344 291 197 536 193 299 394 714 434 618 79 266 424 558 352 461 551 487 618 424 671 623 345 298 189 492 152 226 634 739 47 622 693 632 106 697 542 278 11 722 309 305 288 764 594 659 694 661 496 578 641 517 539 463 138 648 36 130 455 610
370 480 780 516 317 439 418 144 729 217 456 207 342 441 341 761 394 266 228 281 418 0 498 319 168 178 507 873 449 379 189 407 661 336 237 504 505 710 233 798 500 565 359 392 385 337 480 338 406 701 180 85 366 601 148 721 736 392 531 412 679 357 649 240 318 701 709 327 329 288 599 636 371 722 158 783 504 635 305 448 332 403 252 687 331 325 292 581 482 354 295 260 140 677 813 559 156 603 215 281 292 601 291 310 297 312 254 349 152 294 269 565 265 216 25 422 855 480 243 656 745 655 619 585 410 386 384 334 237 687 366 234 936 277 454 724 469 356 866 471 688 725 440 678 269 344 208 436 634 88 715 786 129 687 151 370 207 138 699 565 393 542 226 219 1038 465 672 921 694 498 781 234 269 427 739 330 131 508 707 400 930 312 609 824 209 398 177 705 582 281 547 409 539 531 660
177 256 528 99 467 333 124 502 306 711 388 341 157 91 178 288 507 233 506 377 399 498 0 814 330 626 336 508 493 461 378 432 165 563 307 224 379 237 729 315 367 342 410 271 461 173 440 444 456 246 483 441 491 176 482 260 284 148 426 452 268 476 151 393 274 292 707 322 436 274 200 625 465 313 579 415 465 165 311 58 826 492 501 593 467 182 783 115 644 530 651 337 610 220 328 115 487 425 516 431 214 143 229 553 794 189 245 263 431 791 766 698 759 710 518 440 357 377 642 194 359 268 121 88 562 185 141 388 734 215 158 728 502 221 195 420 675 553 449 225 417 779 483 222 767 410 515 94 163 412 257 304 623 224 376 482 667 359 635 572 210 532 317 684 572 412 224 429 236 494 312 722 237 408 323 169 484 681 374 337 454 803 279 413 706 407 670 208 85 399 296 429 492 56 212
687 755 1061 835 559 729 725 383 1044 140 731 494 660 760 650 1080 620 585 400 564 689 319 814 0 486 274 759 1175 687 625 489 615 976 524 529 788 741 1017 86 1107 741 820 625 665 632 648 741 590 602 1003 424 391 540 902 365 1025 1037 697 802 663 971 540 966 487 601 992 910 623 585 578 896 853 561 1036 270 1089 705 944 576 766 15 638 476 929 520 637 44 891 649 564 399 559 215 981 1122 867 403 882 431 542 604 908 597 501 36 626 569 630 408 35 88 724 56 104 301 679 1171 715 338 962 1026 944 935 902 609 684 693 566 92 994 684 127 1250 593 745 1020 612 553 1178 780 980 895 624 997 76 610 425 746 942 407 1033 1105 206 992 445 550 183 456 927 788 684 778 537 167 1355 734 973 1240 997 742 1086 160 587 696 1029 649 388 659 976 649 1248 32 888 1136 114 618 172 1022 898 556 815 669 790 844 963
214 347 663 352 290 330 257 208 572 382 363 112 174 276 181 597 365 100 257 211 337 168 330 486 0 312 392 731 399 333 127 344 493 355 119 361 403 546 400 633 396 443 293 268 337 173 402 294 354 539 211 122 340 441 195 559 576 232 438 354 524 327 481 188 194 548 667 224 282 159 443 586 332 568 274 639 433 471 199 281 498 365 266 612 303 161 457 416 487 348 380 165 289 515 647 396 201 495 254 243 130 437 137 332 465 146 88 222 151 462 437 565 431 382 189 357 687 382 350 493 597 504 451 417 402 235 222 265 405 522 204 400 781 110 308 591 493 362 713 328 562 704 391 515 437 281 250 271 469 84 552 620 294 524 88 339 351 30 634 515 250 483 111 367 876 379 511 754 532 436 619 396 107 348 585 163 187 520 569 299 766 477 466 672 377 326 342 537 414 224 416 341 467 365 499
470 650 792 621 288 470 568 130 808 134 465 380 470 554 493 861 346 395 394 308 421 178 626 274 312 0 682 919 413 353 255 584 791 251 407 670 682 853 205 938 677 739 358 564 359 485 470 320 583 850 164 190 539 753 318 869 887 544 532 391 837 531 773 418 489 860 640 372 316 457 756 581 547 797 287 838 682 778 480 571 289 364 204 655 506 473 272 723 385 290 145 317 230 825 952 705 149 615 161 276 442 746 448 228 240 455 398 520 329 239 190 464 242 210 154 408 976 657 81 802 908 816 746 712 336 546 534 512 184 830 476 147 1008 417 618 761 355 280 934 539 718 634 616 775 199 343 155 581 776 231 810 890 107 833 324 544 277 285 654 515 558 504 314 279 1123 465 822 1031 842 468 927 121 389 427 897 458 144 400 876 577 1025 286 775 892 173 576 108 828 711 295 719 398 517 668 810
426 80 861 433 662 611 233 597 631 707 662 302 341 388 257 582 729 366 363 570 656 507 336 759 392 682 0 839 741 688 512 167 398 741 278 116 47 361 688 443 37 61 638 124 690 274 713 655 191 326 603 504 253 249 397 349 346 229 720 695 263 245 414 276 199 275 993 547 644 233 221 908 224 643 489 747 143 318 202 352 766 721 655 899 254 281 718 296 862 726 771 519 548 317 458 267 593 740 646 616 292 289 268 720 753 301 333 171 364 750 746 933 704 662 532 690 567 61 734 315 283 227 387 374 775 193 246 193 707 345 396 722 809 331 143 755 876 743 767 531 749 1050 197 540 741 631 642 256 318 458 569 583 626 331 358 242 578 411 935 844 164 806 469 596 847 685 301 664 327 761 403 732 387 667 306 347 576 898 220 110 725 737 156 736 678 152 672 455 359 589 73 676 775 305 297
521 760 194 421 641 449 628 795 210 1043 460 798 589 490 659 296 613 642 971 612 504 873 508 1175 731 919 839 0 549 585 688 937 471 719 772 724 884 567 1092 558 873 834 564 778 579 647 471 607 961 607 756 791 989 618 923 598 625 648 407 548 675 974 444 868 767 689 551 553 608 756 651 512 966 196 1005 95 973 556 802 512 1190 590 721 410 961 651 1157 553 691 669 859 617 1011 594 557 578 775 322 761 643 673 570 699 728 1146 645 677 762 875 1144 1103 686 1128 1082 883 528 438 884 889 577 753 698 463 468 656 688 636 886 1084 564 538 1059 163 655 703 160 743 691 116 404 207 645 990 303 1109 578 765 599 555 788 281 319 969 584 811 982 1076 755 456 519 716 496 646 1090 298 466 610 385 598 502 599 1039 628 500 698 595 788 717 808 843 292 1176 744 119 1061 912 1005 428 484 624 788 533 457 534 605
328 673 392 423 133 166 525 319 507 547 116 509 403 403 484 598 69 379 643 188 93 449 493 687 399 413 741 549 0 70 280 735 619 176 508 665 766 718 614 778 757 777 107 623 64 468 80 111 749 735 276 369 738 667 567 745 772 519 142 46 760 725 590 587 562 784 269 194 121 531 687 190 729 487 607 486 817 653 581 440 702 50 212 243 702 460 682 607 163 128 320 235 582 710 788 607 301 227 258 169 452 635 480 192 653 440 418 581 537 653 604 206 651 612 446 53 754 751 362 683 850 757 575 547 108 549 501 659 596 699 357 561 672 413 614 390 208 146 596 283 343 310 786 517 613 118 264 515 651 397 542 633 495 711 482 737 646 401 250 118 577 94 291 655 804 97 715 774 725 55 789 533 357 85 815 396 323 198 856 673 733 697 752 558 581 715 517 629 556 177 737 66 104 548 704
289 622 442 403 66 159 480 251 518 486 127 445 355 371 432 600 46 323 574 123 85 379 461 625 333 353 688 585 70 0 212 673 600 136 445 618 711 694 550 760 702 726 52 567 6 416 118 42 685 707 208 300 673 633 498 719 745 470 182 39 726 660 572 521 503 750 337 145 52 471 650 259 665 500 537 514 757 626 520 406 640 33 149 310 636 408 618 576 184 87 275 173 514 681 771 573 233 267 194 99 396 604 423 144 592 387 359 524 469 591 543 246 587 547 377 57 748 694 309 655 815 720 555 524 102 498 453 596 534 673 315 500 697 357 566 425 215 111 621 271 378 372 723 516 552 57 200 473 624 327 544 634 430 684 415 672 578 334 319 187 525 163 228 587 825 119 686 777 697 120 767 474 301 86 783 347 255 221 814 615 745 633 710 581 517 653 454 616 532 110 688 52 165 517 674
215 458 590 366 163 250 342 126 558 362 268 239 227 300 275 607 240 161 363 96 233 189 378 489 127 255 512 688 280 212 0 471 540 229 246 466 527 611 404 692 519 559 179 387 217 262 297 171 481 613 106 105 463 521 288 630 651 323 344 237 611 451 521 312 316 635 548 138 160 281 530 469 457 549 340 601 560 537 325 321 503 242 144 508 427 250 469 482 360 221 278 71 330 587 706 468 110 414 143 117 227 507 246 209 461 230 182 341 257 459 421 438 440 393 196 244 722 507 265 563 691 596 495 461 275 338 309 393 399 589 223 379 763 192 411 536 367 235 690 292 499 580 518 521 426 165 141 347 535 119 556 635 283 594 204 464 396 123 524 398 359 370 61 409 872 279 586 776 604 323 686 365 147 243 671 215 111 393 673 424 771 488 568 648 375 453 322 575 462 103 528 229 360 424 574
460 210 928 517 633 634 309 525 737 583 679 233 373 454 288 707 708 362 216 550 662 407 432 615 344 584 167 937 735 673 471 0 535 695 228 255 134 516 552 602 137 224 629 161 677 303 725 635 26 485 542 430 87 397 272 508 508 290 747 689 426 80 544 169 183 440 1001 546 624 209 374 917 58 745 348 843 98 463 156 427 621 706 606 927 95 304 572 429 831 692 695 501 413 472 618 398 526 784 585 586 297 430 266 672 614 318 321 178 255 610 614 909 562 524 430 689 717 110 648 466 450 392 514 493 746 249 303 78 574 498 432 596 930 331 248 832 835 704 880 581 817 1045 54 652 608 618 580 339 462 385 685 714 510 486 277 75 432 351 957 848 222 814 446 448 984 699 458 810 484 766 565 612 385 673 472 373 505 864 383 96 862 590 321 845 547 25 553 592 480 565 238 674 790 419 452
331 329 551 197 615 453 260 666 264 875 506 493 322 242 330 187 646 398 649 530 527 661 165 976 493 791 398 471 619 600 540 535 0 713 458 285 446 109 892 160 435 378 550 381 598 329 555 589 560 142 645 606 607 154 634 141 170 288 525 584 204 594 33 534 409 220 799 470 582 418 186 722 579 283 734 391 541 86 444 220 988 627 658 670 590 340 944 106 779 675 810 495 769 125 171 136 650 498 675 583 373 109 383 705 957 350 407 389 584 954 930 823 921 872 682 569 197 453 805 105 288 227 46 80 702 315 288 510 898 98 318 893 414 384 288 436 815 699 381 336 451 881 580 174 930 553 676 234 86 576 190 185 788 117 534 597 823 523 716 680 330 640 480 841 450 529 140 280 132 609 172 887 402 534 235 334 648 815 337 440 329 964 278 357 870 511 835 57 80 552 335 561 596 133 134
387 685 568 519 98 292 557 192 652 384 263 463 434 475 497 730 108 381 557 188 221 336 563 524 355 251 741 719 176 136 229 695 713 0 474 689 756 800 456 872 748 787 171 617 141 482 248 128 703 809 160 275 678 726 476 823 847 542 313 171 818 666 688 531 545 843 390 243 133 510 740 330 676 635 490 650 787 729 553 506 538 130 90 408 641 472 523 676 146 50 143 233 452 783 884 668 182 399 121 134 452 703 474 27 489 451 409 570 461 489 438 229 493 459 325 191 873 736 189 757 903 808 667 635 85 562 526 617 435 778 407 396 833 415 634 559 139 30 757 396 512 393 740 645 448 164 128 556 727 316 675 764 346 787 420 680 510 344 404 265 585 259 274 516 960 254 785 907 799 230 874 366 363 222 878 423 206 173 893 653 878 537 787 717 424 679 359 735 640 165 754 188 280 616 773
258 243 731 362 406 416 200 319 591 450 457 36 183 286 130 593 480 144 202 322 437 237 307 529 119 407 278 772 508 445 246 228 458 474 0 267 286 488 449 579 279 333 401 157 449 135 501 407 241 473 328 226 238 372 176 495 508 171 528 462 445 224 453 97 82 467 774 321 396 50 367 691 224 592 276 677 315 416 80 274 540 477 385 707 204 127 494 365 605 466 493 273 316 451 594 339 315 574 371 359 100 381 78 451 516 128 102 112 126 512 498 682 473 426 262 462 655 264 456 433 508 420 421 391 519 154 170 151 461 465 236 467 798 120 218 646 612 480 736 383 623 817 278 520 495 391 366 224 415 180 557 611 364 462 87 235 367 134 734 621 157 588 217 384 878 476 444 734 468 540 556 471 165 448 504 177 298 639 470 181 761 514 371 697 432 209 412 509 383 337 311 447 566 325 434
339 45 752 323 602 523 140 568 515 716 576 299 263 287 192 467 662 308 410 508 576 504 224 788 361 670 116 724 665 618 466 255 285 689 267 0 162 262 710 350 152 119 567 124 620 207 628 590 280 234 566 482 334 142 423 257 261 148 628 620 186 322 299 304 189 205 906 474 580 216 121 822 304 527 522 633 256 209 212 249 797 651 609 804 324 217 749 181 799 667 739 458 573 219 366 152 560 640 607 558 239 177 225 671 777 238 285 158 380 773 762 865 731 686 529 613 463 168 711 211 241 157 272 258 712 128 165 248 725 244 310 733 693 275 55 644 818 687 651 432 641 969 297 424 759 562 604 156 209 439 453 469 631 233 354 323 614 386 842 761 112 722 415 632 735 600 206 557 232 679 317 738 326 586 242 272 548 835 208 166 614 769 105 620 696 233 679 342 243 529 74 600 687 190 199
458 123 902 474 682 642 271 604 676 698 692 305 372 426 285 629 750 388 342 591 684 505 379 741 403 682 47 884 766 711 527 134 446 756 286 162 0 407 674 488 11 92 662 144 713 302 742 677 155 372 613 510 220 296 385 394 390 263 753 720 306 214 461 267 211 317 1022 572 666 246 268 937 192 688 472 792 96 366 206 392 748 744 669 932 227 308 699 343 882 744 777 540 533 363 503 314 601 776 656 635 315 337 288 735 738 327 352 187 357 734 734 955 687 647 529 716 614 26 738 362 319 271 434 420 795 225 280 177 694 392 428 712 856 354 184 797 893 760 813 567 789 1076 156 586 728 654 652 295 365 464 615 630 619 377 359 208 559 419 967 872 194 835 488 576 894 715 348 711 373 789 447 724 410 695 346 376 583 917 250 106 773 718 198 782 666 125 664 502 405 609 117 702 805 350 343
413 307 658 295 703 553 292 733 365 926 607 523 385 325 369 272 740 458 662 613 625 710 237 1017 546 853 361 567 718 694 611 516 109 800 488 262 407 0 934 91 398 326 643 379 693 373 657 679 542 42 717 664 596 122 661 33 62 319 631 681 117 584 142 550 425 125 907 558 671 442 142 829 567 386 762 492 503 75 457 295 1027 722 738 778 585 385 982 130 875 765 887 574 804 44 107 150 720 607 751 668 418 109 420 790 1001 400 458 400 613 998 978 923 960 912 732 667 208 421 875 55 187 149 145 171 795 334 325 507 944 23 395 943 489 437 285 543 908 788 468 437 560 987 555 278 977 644 751 274 77 630 289 258 838 30 571 585 853 575 824 784 340 744 551 871 499 630 60 307 36 712 75 941 466 633 131 397 715 912 247 428 380 1002 215 449 915 495 886 139 162 636 290 658 701 187 64
602 679 981 749 483 647 643 303 958 79 652 414 575 674 567 994 548 499 336 482 610 233 729 86 400 205 688 1092 614 550 404 552 892 456 449 710 674 934 0 1024 672 749 546 589 556 564 664 513 541 922 345 305 482 821 291 943 956 615 723 587 893 480 881 413 522 914 846 540 507 498 816 785 500 950 203 1005 645 861 500 681 99 564 402 856 459 553 68 808 589 493 342 475 141 899 1039 784 323 803 356 463 520 826 514 433 67 542 485 552 331 63 68 667 38 27 216 602 1087 648 279 880 950 866 850 817 542 603 610 497 32 912 599 77 1165 509 666 938 556 485 1093 695 899 838 566 911 58 531 350 663 860 321 947 1019 123 910 364 491 130 371 857 719 605 706 452 120 1269 656 893 1154 916 668 1004 112 502 617 951 563 306 603 903 578 1163 85 812 1051 33 552 98 937 813 475 741 591 715 761 882
488 394 674 356 774 612 381 816 371 1014 664 614 468 399 458 264 805 543 753 688 687 798 315 1107 633 938 443 558 778 760 692 602 160 872 579 350 488 91 1024 0 480 403 710 469 758 461 712 749 628 117 798 750 684 212 752 94 102 409 680 744 185 673 188 641 516 181 949 629 741 533 229 874 654 395 853 494 583 163 547 372 1117 787 815 815 674 473 1072 217 938 835 966 651 895 132 16 240 802 645 830 741 506 198 510 863 1090 487 545 490 704 1087 1067 982 1050 1002 820 728 145 504 957 146 223 220 205 237 861 425 414 597 1033 113 472 1032 457 524 376 560 974 858 450 495 584 1032 640 297 1066 713 830 362 165 717 296 239 926 119 661 673 944 662 862 835 431 796 632 962 443 686 145 244 118 766 49 1029 550 693 168 480 798 974 298 516 332 1092 292 439 1004 582 974 156 233 709 371 720 751 270 152
447 112 890 463 673 632 260 598 665 695 682 300 361 415 275 618 742 379 342 582 674 500 367 741 396 677 37 873 757 702 519 137 435 748 279 152 11 398 672 480 0 87 653 134 704 292 732 668 159 363 606 504 224 286 383 386 382 252 742 711 298 216 450 264 203 309 1012 563 657 238 258 927 195 677 471 781 106 356 200 381 748 735 662 922 228 298 699 332 873 736 771 531 532 354 495 303 595 765 649 626 305 326 279 727 737 318 344 179 354 733 732 946 686 646 525 707 604 27 732 352 314 263 423 409 786 214 269 175 692 382 417 709 845 344 172 786 885 752 802 556 778 1067 162 575 726 645 645 284 355 458 604 620 616 368 354 212 559 413 957 863 184 825 479 576 884 705 339 701 364 780 439 721 401 685 339 366 577 908 246 101 763 718 191 771 664 126 661 492 394 601 109 692 795 339 334
454 104 870 441 705 639 256 650 624 767 692 359 374 406 294 565 769 408 424 611 689 565 342 820 443 739 61 834 777 726 559 224 378 787 333 119 92 326 749 403 87 0 676 176 728 310 743 696 247 288 654 559 311 225 458 310 302 258 746 731 219 303 398 337 252 227 1022 583 685 286 193 938 282 638 550 745 181 294 260 368 828 760 703 922 314 319 779 282 904 769 823 561 609 283 417 256 644 759 696 659 335 270 314 767 815 340 378 222 424 811 807 973 765 723 590 725 534 115 789 285 226 183 374 366 817 228 276 255 768 313 424 782 792 373 164 761 920 787 756 551 759 1083 248 532 802 670 693 274 294 513 558 562 685 297 415 299 640 464 960 876 203 837 513 657 821 715 266 632 291 793 360 792 428 700 255 381 629 940 160 171 700 798 111 727 739 212 732 433 351 631 46 711 804 303 264
237 571 436 354 79 122 428 244 481 488 107 403 303 319 382 559 98 274 541 84 64 359 410 625 293 358 638 564 107 52 179 629 550 171 401 567 662 643 546 710 653 676 0 518 53 365 121 45 642 656 201 276 633 580 467 668 693 419 177 61 674 619 523 481 456 698 374 93 44 424 598 293 623 465 515 488 711 574 475 354 640 85 157 329 596 357 614 524 236 127 300 129 497 630 721 521 224 257 198 84 347 552 375 172 593 337 312 476 435 592 546 298 584 541 360 65 703 646 325 603 762 668 505 474 153 447 402 552 533 622 263 503 668 308 514 405 266 152 592 226 361 416 679 473 554 16 203 420 572 298 503 592 424 633 378 632 562 297 345 222 475 191 184 573 792 109 634 736 646 144 716 479 252 71 731 295 243 273 762 567 708 631 657 551 514 609 453 568 481 78 637 50 181 465 622
318 90 776 358 539 501 149 474 577 600 551 185 231 299 143 549 607 245 286 448 541 392 271 665 268 564 124 778 623 567 387 161 381 617 157 124 144 379 589 469 134 176 518 0 570 160 600 534 185 355 479 383 226 257 300 378 384 132 613 577 311 212 388 180 76 330 879 429 523 110 242 795 198 584 398 683 207 317 90 269 674 601 531 793 209 165 626 276 740 603 648 397 451 337 485 246 469 641 522 493 171 282 145 596 656 184 210 47 259 652 643 812 609 564 417 573 571 129 613 325 361 281 357 334 652 91 147 129 605 359 289 616 770 210 95 676 752 619 719 434 664 933 212 492 640 511 518 178 316 337 525 557 516 350 241 216 490 288 826 729 62 692 346 508 828 573 326 660 352 646 438 623 267 552 366 235 453 775 316 66 707 646 222 684 576 136 563 438 322 467 155 558 663 260 317
290 624 436 402 73 156 481 258 514 492 122 449 357 371 435 597 47 325 579 127 81 385 461 632 337 359 690 579 64 6 217 677 598 141 449 620 713 693 556 758 704 728 53 570 0 418 112 47 689 707 215 305 677 633 503 718 744 472 176 32 726 664 571 526 507 750 332 146 57 474 651 253 669 496 543 509 760 625 524 406 646 31 155 304 640 410 624 576 183 92 280 176 520 681 769 573 239 262 200 105 399 604 426 149 598 389 363 527 474 598 550 245 594 553 383 51 746 697 315 654 815 721 553 523 103 500 455 600 540 673 316 506 692 360 567 419 216 115 616 268 373 368 726 513 558 59 207 474 623 333 541 631 436 684 420 677 584 339 313 182 527 157 231 593 820 113 685 774 697 114 766 480 303 81 783 348 261 220 815 618 741 640 711 576 523 657 460 614 531 114 690 47 159 517 673
159 206 625 230 396 341 84 372 460 553 391 168 71 157 17 458 458 102 336 302 383 337 173 648 173 485 274 647 468 416 262 303 329 482 135 207 302 373 564 461 292 310 365 160 418 0 440 386 324 366 365 294 343 268 309 385 402 62 453 422 353 328 322 225 122 377 720 273 375 109 272 636 322 462 407 552 365 299 156 141 659 449 403 633 314 12 615 244 594 461 538 252 440 341 476 223 362 483 404 352 45 264 57 465 630 32 87 127 258 627 606 662 592 543 359 416 526 289 516 320 430 336 290 258 507 82 49 242 572 350 130 570 664 70 152 531 612 480 605 278 514 776 357 386 605 359 402 99 297 257 422 476 465 351 205 337 495 202 666 571 110 533 208 512 743 413 337 601 358 488 445 569 120 393 414 74 352 630 412 220 626 635 306 566 543 279 513 378 252 323 274 402 503 197 326
289 640 323 362 183 107 488 363 428 603 52 508 371 353 458 522 141 363 656 201 65 480 440 741 402 470 713 471 80 118 297 725 555 248 501 628 742 657 664 712 732 743 121 600 112 440 0 151 740 677 320 397 737 615 584 685 713 486 65 80 707 723 524 587 546 731 280 180 157 517 638 195 725 408 635 407 800 595 569 391 756 118 266 211 701 435 732 552 240 199 390 238 618 652 721 555 343 151 310 203 432 580 462 260 709 416 404 561 549 708 661 270 702 660 481 63 681 729 427 625 799 707 512 486 187 520 468 651 650 639 319 617 593 395 579 312 287 220 517 220 265 342 777 443 669 137 316 474 594 416 466 558 543 652 489 735 684 410 233 134 549 94 291 694 725 28 659 697 666 55 726 591 340 55 760 366 363 273 810 655 654 748 709 478 632 703 570 561 496 199 701 73 65 495 648
269 592 472 394 35 166 453 213 526 452 147 406 328 354 402 602 74 290 533 86 103 338 444 590 294 320 655 607 111 42 171 635 589 128 407 590 677 679 513 749 668 696 45 534 47 386 151 0 647 691 170 258 633 612 456 704 729 442 212 75 706 620 563 481 468 730 378 122 11 435 629 301 625 510 496 532 720 610 484 388 605 71 116 350 596 377 581 559 208 86 255 137 473 665 760 554 194 295 160 57 363 586 389 127 557 356 325 490 428 557 510 278 551 510 336 89 746 659 282 638 793 698 543 512 122 468 425 558 498 658 293 466 712 324 537 447 232 110 636 269 402 411 684 517 518 36 165 448 608 286 547 636 392 668 375 633 537 293 361 229 494 204 191 547 837 145 668 779 681 160 753 441 268 108 764 319 215 245 789 579 752 597 684 595 481 616 418 609 518 70 659 78 204 499 656
479 236 949 541 644 651 333 529 762 576 695 242 393 476 309 733 719 379 206 562 677 406 456 602 354 583 191 961 749 685 481 26 560 703 241 280 155 542 541 628 159 247 642 185 689 324 740 647 0 511 548 435 66 423 267 534 533 313 764 703 451 62 569 173 203 465 1015 561 635 226 400 932 41 769 338 866 104 489 173 450 607 718 613 944 82 324 559 455 840 701 697 513 403 498 643 424 531 803 591 597 315 456 285 679 603 338 337 200 255 599 605 919 550 514 429 703 743 132 649 491 473 417 539 518 756 273 326 90 565 524 452 588 955 349 273 854 842 713 905 601 838 1057 37 677 598 631 586 363 488 390 710 740 505 512 283 54 419 360 973 862 246 828 458 435 1010 715 484 836 510 781 590 606 401 688 496 393 509 872 405 121 888 577 346 870 538 50 547 618 505 577 262 688 806 445 478
423 277 693 315 713 572 283 732 403 917 626 509 385 337 360 314 753 456 640 622 642 701 246 1003 539 850 326 607 735 707 613 485 142 809 473 234 372 42 922 117 363 288 656 355 707 366 677 691 511 0 719 660 567 101 644 23 38 309 654 697 75 556 174 530 406 83 932 569 682 426 113 853 537 424 744 530 467 82 436 303 1013 737 744 806 558 378 967 133 890 776 890 580 789 26 133 145 720 634 754 676 410 106 410 797 989 394 452 379 597 985 968 941 946 899 724 683 247 387 876 52 147 108 172 192 809 319 317 481 932 44 402 934 531 433 263 578 921 799 510 457 593 1010 522 315 966 656 753 269 84 623 328 300 829 26 558 556 836 568 852 806 321 766 553 854 540 650 30 346 11 732 84 934 466 650 93 398 713 927 205 400 422 987 177 490 903 465 877 179 181 644 255 673 724 192 40
316 555 636 466 143 307 446 43 645 288 307 312 334 404 377 702 216 265 398 144 265 180 483 424 211 164 603 756 276 208 106 542 645 160 328 566 613 717 345 798 606 654 201 479 215 365 320 170 548 719 0 115 520 627 317 736 757 426 378 244 716 509 625 375 405 740 531 208 163 370 635 460 519 633 338 674 636 643 408 426 439 228 72 518 484 353 413 588 305 173 173 156 307 693 812 574 25 458 43 117 327 613 343 134 393 333 282 433 302 392 348 387 383 341 173 258 824 592 159 669 795 700 599 565 230 438 413 464 332 695 327 304 844 294 512 599 297 177 770 376 557 545 585 615 354 186 39 453 641 158 650 732 223 700 265 522 370 194 525 389 457 370 166 379 960 310 692 874 710 328 792 283 253 272 777 321 49 332 774 508 864 430 669 728 313 527 252 678 567 132 625 246 373 531 680
