NAME : X-n134-k13_SARP
COMMENT : Curated from VRPLIB to SARP
TYPE : SARP
DIMENSION : 133
EDGE_WEIGHT_TYPE : EXPLICIT
EDGE_WEIGHT_FORMAT : FULL_MATRIX
EDGE_WEIGHT_SECTION
0 706 225 704 273 672 709 296 322 295 329 292 182 273 98 408 662 211 231 272 206 283 263 277 241 516 201 256 195 207 222 800 377 401 228 636 282 438 648 472 469 111 305 254 87 252 232 275 307 278 655 409 296 221 338 258 628 204 721 372 259 271 433 203 470 242 297 99 203 296 640 293 288 300 223 202 201 239 279 267 342 391 264 327 380 338 425 279 176 193 496 207 750 340 689 149 258 351 268 352 271 159 43 286 586 375 668 239 248 228 233 121 755 640 862 306 705 454 734 168 250 699 202 739 180 225 104 338 218 610 284 604 242
706 0 613 112 453 50 4 430 453 598 398 555 585 665 610 539 63 528 512 458 501 483 464 481 561 473 519 735 590 503 560 125 343 572 577 77 654 271 59 360 277 680 582 522 659 616 478 478 420 457 230 308 500 484 403 449 119 568 31 618 576 442 305 520 252 565 442 610 640 410 68 437 418 436 604 584 511 561 469 474 371 324 452 437 460 457 281 463 537 538 398 508 55 445 54 665 452 455 476 405 489 576 745 637 128 349 48 508 632 574 473 664 247 85 181 443 11 257 29 586 543 24 551 36 677 505 608 385 503 95 468 108 511
225 613 0 578 173 569 617 316 162 71 337 79 66 75 207 187 558 293 116 166 185 130 164 342 52 304 263 125 47 172 60 681 274 177 38 536 75 351 561 298 340 121 81 92 138 30 185 137 324 164 498 379 116 213 211 219 510 63 620 149 44 280 309 136 361 48 174 167 31 250 546 320 265 332 10 46 161 53 335 145 323 295 282 176 186 164 357 154 151 118 304 158 646 173 582 334 263 171 142 209 125 106 237 70 485 266 568 116 34 40 214 106 594 534 739 170 609 361 638 81 70 600 87 640 73 286 224 337 270 523 147 505 110
704 112 578 0 436 79 114 456 417 552 427 512 562 621 613 474 75 550 491 440 498 453 447 514 528 391 535 694 564 498 531 103 328 508 545 99 608 271 128 297 241 661 534 491 647 576 472 451 447 436 128 341 463 487 377 449 78 542 88 559 538 459 276 507 234 531 419 606 607 413 112 464 428 466 570 556 504 528 500 452 393 313 470 404 407 415 293 440 529 522 323 499 95 405 61 688 465 411 453 372 460 560 741 590 130 331 87 485 593 542 474 645 137 82 161 416 101 253 111 566 510 88 529 105 648 525 614 413 521 141 441 120 486
273 453 173 436 0 414 458 169 76 191 180 148 132 241 193 226 403 196 60 7 82 61 10 217 124 289 165 298 140 74 113 536 111 242 135 379 235 184 398 208 197 227 181 85 210 187 56 44 173 16 382 208 95 93 65 68 362 117 464 254 149 136 161 71 205 129 28 175 194 84 386 176 107 188 162 134 75 122 205 29 157 130 144 69 149 100 186 27 98 86 243 68 492 92 429 303 123 114 33 83 56 124 307 221 328 106 411 57 201 132 83 211 481 380 596 45 451 197 480 133 107 443 98 484 227 177 200 177 162 360 41 347 63
672 50 569 79 414 0 54 405 408 552 374 509 544 619 577 489 13 502 471 418 466 440 424 460 518 423 491 690 548 467 517 135 302 523 533 36 608 234 50 311 231 640 535 479 622 571 441 436 395 416 185 285 455 451 360 414 69 526 51 570 531 414 261 482 210 522 401 575 596 376 38 412 387 413 560 542 475 517 447 433 344 285 424 393 413 411 249 422 501 498 348 470 79 399 22 640 422 409 435 361 446 537 711 590 86 308 8 467 587 531 439 625 215 36 196 400 42 219 70 546 499 31 510 71 635 478 576 361 476 71 425 67 469
709 4 617 114 458 54 0 433 457 603 401 559 589 669 613 543 67 531 516 462 505 488 468 484 566 477 523 739 594 507 564 124 347 576 581 82 658 275 62 365 281 684 586 526 663 620 482 482 423 461 234 312 504 488 407 453 123 572 31 623 580 446 309 524 256 569 447 614 644 414 72 440 422 439 608 588 515 565 472 478 374 328 456 442 465 461 284 467 541 542 402 511 53 449 57 668 455 460 480 409 493 580 749 641 132 353 52 512 636 578 476 668 249 89 179 447 14 261 26 590 547 27 555 34 681 508 611 388 507 99 472 112 515
296 430 316 456 169 405 433 0 241 353 34 314 255 390 199 394 399 98 207 176 133 230 171 63 278 440 95 432 272 144 259 540 177 412 283 370 388 191 372 331 263 313 346 245 280 338 133 213 11 185 449 122 264 104 199 103 378 253 451 422 306 36 234 180 239 282 191 216 327 92 369 9 65 19 306 270 155 275 48 196 63 174 36 229 311 264 163 197 171 199 378 158 480 253 426 235 53 277 200 224 223 223 338 377 327 183 400 210 349 281 102 303 542 380 602 208 432 210 459 245 265 429 229 466 346 75 191 46 78 337 211 341 218
322 453 162 417 76 408 457 241 0 150 247 105 151 214 255 153 396 272 91 72 154 40 80 292 111 214 241 282 149 144 116 520 124 174 128 376 204 200 402 151 178 253 136 76 247 164 131 49 244 62 343 255 48 169 59 144 348 129 459 196 123 210 148 126 202 115 50 228 191 150 386 249 177 260 154 141 141 111 279 61 217 146 219 17 73 24 215 53 158 131 175 133 485 18 420 373 198 37 59 48 51 163 351 187 325 115 407 84 180 125 160 236 441 372 578 34 448 206 477 160 93 439 123 479 231 253 265 241 238 365 42 345 81
295 598 71 552 191 552 603 353 150 0 369 45 127 69 273 121 540 347 147 184 229 134 186 389 78 243 315 145 109 216 100 655 274 107 80 521 56 350 550 260 322 190 18 108 209 44 221 148 359 178 460 397 105 255 208 251 489 114 602 80 49 318 295 180 350 74 182 233 96 275 533 359 295 371 74 104 206 81 379 162 348 296 322 167 145 142 363 166 203 166 255 200 627 155 562 400 301 143 158 198 136 167 306 39 471 265 552 144 55 81 253 176 552 516 711 172 593 357 622 144 88 583 134 623 133 336 289 367 320 513 154 491 136
329 398 337 427 180 374 401 34 247 369 0 328 279 411 232 400 368 131 224 187 157 241 184 87 296 437 129 456 294 168 279 508 166 420 303 339 407 167 339 321 245 343 361 261 310 358 152 224 23 195 426 89 275 130 198 119 349 274 419 435 324 62 219 202 217 301 198 247 350 97 337 39 74 39 327 292 179 293 74 209 40 159 66 233 313 269 137 207 197 221 371 181 448 257 394 268 79 281 213 223 236 249 372 396 297 174 368 227 369 300 125 332 517 349 570 214 399 186 427 270 282 397 251 433 372 109 225 14 112 305 221 311 234
292 555 79 512 148 509 559 314 105 45 328 0 113 110 255 116 497 316 111 141 195 89 144 353 53 227 284 182 98 181 76 615 229 115 65 478 99 305 506 224 279 196 33 69 207 66 184 105 319 135 424 352 59 219 163 211 447 94 559 109 35 279 251 148 306 52 137 218 109 233 489 320 254 332 75 91 173 56 343 119 305 250 284 122 110 98 318 123 175 137 226 167 584 111 520 383 263 101 115 153 93 147 310 82 428 219 509 106 82 64 216 180 519 473 671 127 550 312 579 129 54 540 108 580 151 303 270 325 286 469 110 447 98
182 585 66 562 132 544 589 255 151 127 279 113 0 140 145 228 533 227 72 126 122 111 122 277 60 334 197 177 19 111 40 663 242 226 49 509 141 316 530 300 320 101 131 76 99 94 128 110 263 128 494 330 116 151 185 163 489 23 595 208 82 219 286 77 334 61 143 107 72 198 517 258 209 270 58 23 100 57 270 111 269 261 220 160 199 163 317 122 86 57 317 98 622 167 558 273 202 174 109 191 102 40 204 136 458 236 542 77 100 49 154 85 592 509 722 146 581 328 611 17 68 574 34 614 97 221 161 280 205 492 121 478 75
273 665 75 621 241 619 669 390 214 69 411 110 140 0 274 181 607 367 187 234 259 190 233 417 117 304 337 75 121 247 132 724 335 158 108 588 15 412 615 329 389 162 87 157 191 54 259 201 398 230 529 449 166 288 269 292 557 138 670 112 93 355 361 211 415 112 237 233 76 321 599 395 338 406 85 121 236 119 410 212 395 356 357 230 215 209 422 219 226 193 323 232 695 221 630 397 337 211 209 262 189 179 274 32 538 326 619 186 41 111 288 152 621 583 780 230 660 419 689 154 134 651 162 690 94 361 291 410 345 579 209 558 179
98 610 207 613 193 577 613 199 255 273 232 255 145 274 0 368 568 121 165 193 116 218 184 187 202 462 106 284 164 120 179 707 288 369 194 542 279 344 552 400 382 138 276 199 99 236 144 206 210 201 572 312 240 126 257 164 536 162 626 353 227 174 347 128 379 204 219 41 198 201 544 197 191 204 201 169 118 199 187 194 244 300 167 255 321 274 329 205 97 127 430 125 655 272 595 128 161 288 196 275 206 108 140 277 492 287 573 173 239 193 139 135 671 547 769 232 609 361 638 129 203 604 149 643 195 131 17 241 122 514 213 510 179
408 539 187 474 226 489 543 394 153 121 400 116 228 181 368 0 476 415 211 219 292 168 226 442 168 123 383 254 213 280 190 576 261 34 180 463 166 327 497 179 271 308 107 171 322 165 275 185 397 210 367 400 136 313 205 294 422 208 536 87 149 362 255 251 309 167 203 332 216 303 477 401 330 413 187 206 274 171 430 202 369 280 370 167 92 131 350 199 281 245 155 266 558 143 495 495 348 120 198 183 178 261 423 150 417 251 491 204 176 180 306 293 452 454 627 186 531 327 558 244 165 520 219 558 254 399 382 393 383 464 185 436 197
662 63 558 75 403 13 67 399 396 540 368 497 533 607 568 476 0 495 460 407 456 429 413 454 506 410 483 678 537 457 506 141 292 510 522 28 596 225 54 298 219 630 523 467 612 559 432 424 389 405 174 280 444 442 349 405 56 515 62 557 520 406 249 471 199 510 390 565 585 367 38 406 379 407 549 530 465 506 441 422 337 274 417 382 400 399 241 411 491 488 335 460 89 387 27 633 414 397 424 349 435 527 701 578 76 297 17 456 576 519 430 614 209 24 203 389 55 209 82 536 488 44 499 83 623 471 568 354 468 68 414 58 458
211 528 293 550 196 502 531 98 272 347 131 316 227 367 121 415 495 0 206 201 123 247 193 66 269 485 32 392 246 135 246 636 250 426 268 467 368 281 469 392 343 255 344 248 217 320 142 231 108 211 533 220 279 103 248 134 472 234 548 423 298 92 310 168 326 272 224 151 294 152 466 92 128 95 285 248 143 266 69 214 158 253 80 265 345 296 257 220 144 181 434 150 577 288 522 138 91 310 218 272 237 188 253 362 422 253 497 212 327 266 113 249 629 476 698 241 529 300 557 213 262 526 212 563 303 25 109 143 35 434 233 437 220
231 512 116 491 60 471 516 207 91 147 224 111 72 187 165 211 460 206 0 54 84 53 50 243 72 297 174 240 80 71 56 591 170 220 79 437 183 244 457 241 250 171 142 42 159 133 74 44 213 56 428 264 77 109 114 105 418 57 522 220 100 171 215 40 262 76 72 137 135 135 445 212 151 224 105 75 63 69 232 39 208 189 175 96 155 110 246 51 71 39 266 56 550 109 486 288 154 123 38 123 41 73 261 171 386 163 469 8 146 77 106 154 527 437 651 77 509 256 538 76 59 501 38 542 167 192 177 223 176 420 53 405 14
272 458 166 440 7 418 462 176 72 184 187 141 126 234 193 219 407 201 54 0 84 54 9 223 117 285 169 291 134 75 107 540 116 236 128 384 228 190 403 207 200 223 174 77 207 180 59 37 180 10 384 215 88 97 66 74 366 111 469 247 142 143 164 69 209 122 26 173 187 91 391 183 114 195 156 128 75 115 211 22 164 135 150 66 144 95 192 21 97 82 240 68 497 88 433 305 129 109 26 82 49 121 305 214 332 110 416 51 194 126 88 207 483 384 600 41 455 202 485 128 100 448 92 488 221 182 201 184 166 366 35 352 56
206 501 185 498 82 466 505 133 154 229 157 195 122 259 116 292 456 123 84 84 0 126 75 160 151 368 90 299 139 13 130 594 172 303 153 430 258 231 443 289 266 190 225 126 162 208 28 109 141 94 456 218 157 28 144 52 421 122 516 303 180 97 230 49 264 155 110 109 194 92 434 136 93 148 175 138 23 148 151 94 153 185 98 150 226 177 221 101 41 66 325 28 544 171 483 221 80 191 97 164 115 92 245 249 380 170 462 90 218 151 33 177 555 434 656 125 500 248 529 113 142 494 98 534 215 108 121 160 92 406 113 398 98
283 483 130 453 61 440 488 230 40 134 241 89 111 190 218 168 429 247 53 54 126 0 59 275 78 246 215 254 111 114 78 555 146 182 93 407 182 223 431 191 212 213 122 38 207 137 107 17 234 46 382 263 34 145 81 128 383 90 491 193 97 196 180 90 231 82 48 190 156 145 416 237 168 249 120 103 109 77 263 34 217 167 203 49 103 57 232 34 123 92 214 101 518 57 453 339 182 70 30 81 12 123 311 166 356 137 439 45 152 91 138 196 481 405 614 41 479 232 509 120 59 471 82 511 195 230 229 237 215 394 21 376 41
263 464 164 447 10 424 468 171 80 186 184 144 122 233 184 226 413 193 50 9 75 59 0 217 117 293 161 289 130 66 105 546 122 241 127 389 228 194 409 216 207 217 177 78 200 179 51 41 176 18 392 216 93 89 74 69 372 108 475 251 142 137 172 61 215 121 35 165 185 89 396 178 110 190 154 125 66 115 205 25 163 140 144 75 152 103 195 27 89 75 249 59 503 96 439 296 123 117 29 91 52 114 297 215 338 116 422 48 193 124 81 201 491 390 607 50 461 207 490 123 100 454 88 494 217 174 192 181 159 371 41 357 54
277 481 342 514 217 460 484 63 292 389 87 353 277 417 187 442 454 66 243 223 160 275 217 0 311 498 85 449 296 173 290 594 240 457 313 425 417 253 423 392 326 317 384 284 280 367 170 258 69 232 511 174 309 134 255 149 437 280 504 462 340 84 297 209 302 315 242 214 348 150 422 54 121 48 333 296 183 308 15 241 124 238 74 282 364 316 224 243 191 225 438 188 533 306 481 188 95 329 245 280 267 240 319 408 384 245 454 247 376 311 138 310 604 436 656 259 483 272 510 265 301 482 257 517 360 59 175 101 73 390 258 397 255
241 561 52 528 124 518 566 278 111 78 296 53 60 117 202 168 506 269 72 117 151 78 117 311 0 275 237 176 47 138 24 631 223 167 17 485 112 300 509 253 289 151 76 41 157 63 146 86 285 114 451 332 67 178 159 177 459 40 569 155 29 242 257 102 309 4 123 165 79 205 494 283 223 295 43 39 128 3 302 96 278 244 246 125 145 116 307 104 126 88 264 123 595 124 530 330 226 124 92 157 74 94 261 99 434 215 517 70 77 15 177 135 548 482 689 119 557 309 586 76 19 549 57 589 120 258 217 295 242 472 95 454 63
516 473 304 391 289 423 477 440 214 243 437 227 334 304 462 123 410 485 297 285 368 246 293 498 275 0 454 377 322 357 294 488 274 149 290 402 289 319 441 132 240 423 227 264 432 285 344 260 440 275 271 412 223 382 242 353 354 312 464 204 262 414 242 336 284 275 261 431 334 349 419 449 377 459 302 314 354 277 484 274 400 288 424 219 142 191 350 267 368 336 81 346 482 197 424 585 404 177 272 217 257 360 536 273 364 266 426 289 297 289 372 407 345 389 533 244 464 311 488 348 266 452 317 485 374 464 474 427 450 414 255 381 284
201 519 263 535 165 491 523 95 241 315 129 284 197 337 106 383 483 32 174 169 90 215 161 85 237 454 0 365 216 103 215 624 226 393 237 456 338 264 461 365 321 232 312 215 196 289 110 199 106 179 512 214 247 72 219 105 457 203 539 391 266 77 287 136 307 241 193 130 266 128 456 92 108 98 254 217 111 234 82 183 148 232 67 235 314 264 243 188 112 149 405 117 568 257 510 154 71 278 186 242 205 159 244 331 409 228 486 180 297 235 83 225 609 463 686 210 520 283 548 183 230 516 181 554 276 26 97 139 17 425 202 425 188
256 735 125 694 298 690 739 432 282 145 456 182 177 75 284 254 678 392 240 291 299 254 289 449 176 377 365 0 162 288 184 798 399 229 163 658 90 476 684 404 460 151 163 217 188 119 305 262 440 289 604 504 235 327 335 339 629 184 741 178 159 396 430 254 483 172 299 245 106 373 668 435 386 446 135 166 277 177 444 271 445 420 397 298 290 280 483 279 261 234 399 275 766 291 701 396 379 284 268 330 250 210 246 107 607 391 689 241 103 166 331 149 697 654 854 295 730 485 759 186 195 721 207 761 90 390 301 457 376 647 272 627 235
195 590 47 564 140 548 594 272 149 109 294 98 19 121 164 213 537 246 80 134 139 111 130 296 47 322 216 162 0 127 33 665 248 209 33 514 122 323 536 296 323 105 114 73 110 75 143 113 280 134 492 342 110 168 188 177 492 23 599 189 65 236 289 92 339 47 148 125 56 211 523 275 224 287 39 8 116 45 289 116 283 268 237 160 191 158 326 127 104 73 310 114 626 164 562 292 219 168 114 192 103 59 214 116 463 241 547 83 81 34 170 88 589 513 724 148 587 335 616 35 59 579 45 619 87 239 180 295 224 498 123 483 79
207 503 172 498 74 467 507 144 144 216 168 181 111 247 120 280 457 135 71 75 13 114 66 173 138 357 103 288 127 0 117 594 170 290 141 432 245 233 446 282 263 183 211 113 157 195 26 98 152 85 452 225 144 41 138 57 421 109 517 290 167 109 227 36 263 142 102 108 183 96 436 148 101 160 162 126 11 135 164 83 161 184 110 141 215 166 225 91 34 54 316 15 546 161 484 230 91 180 86 157 103 82 244 236 381 168 464 77 206 138 43 170 551 435 656 116 502 249 531 103 128 496 85 535 205 121 126 170 105 408 103 400 85
222 560 60 531 113 517 564 259 116 100 279 76 40 132 179 190 506 246 56 107 130 78 105 290 24 294 215 184 33 117 0 633 218 191 24 484 129 295 506 263 290 138 100 40 139 79 127 82 266 105 459 320 78 158 157 160 460 18 568 179 52 223 257 81 308 27 118 142 81 191 492 264 206 276 49 25 107 21 281 87 263 239 226 127 160 125 299 97 103 66 278 102 595 131 530 307 206 135 85 159 71 71 244 119 432 211 516 56 90 21 157 121 556 482 692 117 556 305 585 54 28 548 34 588 118 236 193 278 220 468 92 452 51
800 125 681 103 536 135 124 540 520 655 508 615 663 724 707 576 141 636 591 540 594 555 546 594 631 488 624 798 665 594 633 0 426 610 647 169 712 364 176 399 343 762 638 593 746 680 569 553 530 536 218 420 566 581 478 543 174 644 95 661 641 547 377 606 332 634 520 702 710 506 172 547 519 548 673 658 601 631 582 552 478 410 558 506 511 518 381 541 627 621 424 596 71 508 114 774 555 514 554 474 562 660 838 694 215 430 141 586 696 645 569 746 181 161 62 517 118 346 101 667 613 115 630 91 750 612 707 495 609 205 542 199 588
377 343 274 328 111 302 347 177 124 274 166 229 242 335 288 261 292 250 170 116 172 146 122 240 223 274 226 399 248 170 218 426 0 288 237 268 326 77 288 155 95 338 260 182 320 282 145 137 174 114 287 141 170 166 66 126 252 225 353 318 242 161 61 180 94 227 101 278 299 98 275 187 123 195 265 242 176 222 225 132 127 22 173 107 168 138 91 121 202 196 205 171 381 124 318 379 159 144 134 80 149 235 414 310 216 10 300 165 298 234 152 322 385 269 487 105 339 87 369 244 205 332 208 372 335 225 291 155 215 250 128 236 169
401 572 177 508 242 523 576 412 174 107 420 115 226 158 369 34 510 426 220 236 303 182 241 457 167 149 393 229 209 290 191 610 288 0 177 496 144 356 530 213 303 297 97 179 315 151 288 200 415 227 400 426 149 326 229 310 456 208 570 55 144 379 286 259 341 166 222 332 203 323 511 419 348 431 179 203 283 170 446 217 391 308 386 189 121 153 378 215 288 250 188 276 592 167 529 497 364 145 213 209 191 262 414 130 450 278 524 214 160 177 320 283 485 487 661 206 565 357 592 242 168 554 222 592 239 411 384 414 395 497 201 469 206
228 577 38 545 135 533 581 283 128 80 303 65 49 108 194 180 522 268 79 128 153 93 127 313 17 290 237 163 33 141 24 647 237 177 0 500 105 314 524 270 305 135 82 55 142 55 151 100 290 126 468 342 84 181 174 184 475 34 584 160 33 247 273 104 325 15 137 156 63 214 510 288 230 299 28 26 130 17 305 108 287 258 250 141 162 133 320 117 124 88 281 126 611 141 546 322 230 142 105 174 88 87 246 95 449 229 532 79 67 3 181 118 565 498 706 134 573 324 602 66 35 564 56 604 103 258 209 302 242 486 110 469 73
636 77 536 99 379 36 82 370 376 521 339 478 509 588 542 463 28 467 437 384 430 407 389 425 485 402 456 658 514 432 484 169 268 496 500 0 577 199 42 285 199 606 504 445 587 539 406 402 361 382 182 251 423 416 326 379 54 492 86 542 499 378 228 447 176 489 367 539 563 341 19 378 352 379 527 508 439 484 412 399 309 250 389 361 383 379 213 388 465 464 325 435 114 367 55 605 386 378 401 328 413 502 675 559 51 274 32 432 555 498 403 590 228 20 231 367 72 183 102 512 466 64 476 105 601 443 541 326 440 41 392 32 435
282 654 75 608 235 608 658 388 204 56 407 99 141 15 279 166 596 368 183 228 258 182 228 417 112 289 338 90 122 245 129 712 326 144 105 577 0 403 605 316 377 172 74 150 199 50 256 194 395 223 516 443 157 286 260 288 545 137 658 98 86 352 350 209 405 107 230 238 82 317 588 393 334 404 84 121 235 114 409 206 390 347 355 220 202 197 414 212 226 192 309 231 683 210 618 403 335 199 202 252 181 181 286 18 527 317 608 182 41 107 286 161 607 572 767 222 649 410 677 156 128 639 160 679 105 361 296 406 345 568 202 547 174
438 271 351 271 184 234 275 191 200 350 167 305 316 412 344 327 225 281 244 190 231 223 194 253 300 319 264 476 323 233 295 364 77 356 314 199 403 0 215 188 87 409 336 259 388 359 207 214 184 189 258 102 246 218 143 180 193 301 284 390 319 189 77 249 50 304 177 340 375 143 204 200 157 205 341 317 241 299 239 208 129 56 201 183 235 212 35 198 267 267 241 237 313 198 252 418 194 216 210 153 226 305 476 386 149 86 231 240 375 311 205 394 351 203 425 182 269 19 298 317 282 263 282 303 411 256 344 154 250 177 205 167 244
648 59 561 128 398 50 62 372 402 550 339 506 530 615 552 497 54 469 457 403 443 431 409 423 509 441 461 684 536 446 506 176 288 530 524 42 605 215 0 322 229 624 533 469 603 565 421 425 361 402 223 250 450 427 350 391 96 513 81 574 525 384 255 464 200 513 389 552 587 352 23 378 360 378 551 530 454 508 411 420 313 269 394 386 415 408 223 409 480 482 363 451 110 395 71 607 393 407 422 354 436 520 688 588 80 295 42 453 581 521 415 609 263 60 235 390 60 202 87 531 490 60 496 94 623 446 549 326 445 38 415 61 457
472 360 298 297 208 311 365 331 151 260 321 224 300 329 400 179 298 392 241 207 289 191 216 392 253 132 365 404 296 282 263 399 155 213 270 285 316 188 322 0 108 401 242 224 397 290 262 198 329 199 201 285 186 295 146 259 243 278 358 262 255 310 112 273 152 255 181 377 329 244 301 340 272 349 292 288 282 254 378 207 282 165 322 146 114 138 220 195 303 280 53 275 379 134 316 510 304 128 205 125 202 314 501 298 242 148 313 234 306 268 283 384 295 275 453 168 353 180 379 310 237 342 273 379 371 369 408 310 357 291 189 260 231
469 277 340 241 197 231 281 263 178 322 245 279 320 389 382 271 219 343 250 200 266 212 207 326 289 240 321 460 323 263 290 343 95 303 305 199 377 87 229 108 0 421 305 251 407 341 239 210 258 195 192 189 225 261 136 221 170 301 281 345 301 252 36 268 44 292 178 370 368 192 211 272 215 279 331 316 268 288 311 211 204 90 264 164 186 180 122 199 293 282 160 262 306 169 242 474 252 179 212 132 220 320 504 360 150 96 230 244 357 302 248 404 290 195 402 175 271 74 300 325 271 262 288 302 408 318 386 232 309 195 200 170 245
111 680 121 661 227 640 684 313 253 190 343 196 101 162 138 308 630 255 171 223 190 213 217 317 151 423 232 151 105 183 138 762 338 297 135 606 172 409 624 401 421 0 202 177 38 146 207 211 323 226 595 408 215 215 285 240 588 123 691 264 161 281 386 160 431 150 242 103 95 279 612 314 283 324 121 113 173 150 314 210 342 356 278 262 296 263 405 222 149 142 415 175 719 268 656 245 264 273 209 292 204 104 116 177 554 333 638 177 140 136 223 17 693 607 822 247 677 423 707 95 165 670 133 710 69 258 154 348 245 586 222 574 176
305 582 81 534 181 535 586 346 136 18 361 33 131 87 276 107 523 344 142 174 225 122 177 384 76 227 312 163 114 211 100 638 260 97 82 504 74 336 533 242 305 202 0 101 218 58 215 138 352 168 442 385 91 250 194 243 472 115 585 79 49 311 279 177 334 73 170 238 109 266 516 352 287 364 82 108 202 79 374 152 338 281 316 153 128 126 350 156 202 164 237 196 609 139 545 404 295 126 148 183 126 169 318 56 455 250 535 137 70 83 247 187 534 499 693 159 576 341 605 148 83 566 134 606 148 332 292 358 316 497 143 474 129
254 522 92 491 85 479 526 245 76 108 261 69 76 157 199 171 467 248 42 77 126 38 78 284 41 264 215 217 73 113 40 593 182 179 55 445 150 259 469 224 251 177 101 0 174 103 114 45 251 73 419 292 42 150 119 143 421 54 529 178 64 210 218 80 269 45 82 167 118 167 454 251 187 263 83 66 105 40 273 55 241 203 215 87 126 86 266 63 110 74 242 98 556 91 492 325 194 98 52 119 33 96 279 136 394 174 477 36 117 52 146 160 517 443 652 78 518 269 547 87 23 509 53 549 157 234 212 259 218 431 55 414 28
87 659 138 647 210 622 663 280 247 209 310 207 99 191 99 322 612 217 159 207 162 207 200 280 157 432 196 188 110 157 139 746 320 315 142 587 199 388 603 397 407 38 218 174 0 166 182 202 290 212 587 380 215 185 272 214 572 122 672 286 172 249 372 140 414 157 229 66 118 254 592 280 254 289 136 117 148 155 278 198 313 337 245 254 298 261 382 210 123 125 416 152 700 264 638 209 233 272 197 282 196 87 105 201 536 316 619 166 163 143 194 40 686 589 807 236 657 403 687 87 167 651 124 691 102 222 116 316 210 565 212 555 167
252 616 30 576 187 571 620 338 164 44 358 66 94 54 236 165 559 320 133 180 208 137 179 367 63 285 289 119 75 195 79 680 282 151 55 539 50 359 565 290 341 146 58 103 166 0 206 147 345 176 491 395 116 236 217 239 511 87 622 120 40 302 311 159 365 58 184 196 51 267 550 343 285 354 36 72 185 65 359 158 341 304 305 179 176 162 368 165 177 142 291 181 647 172 583 363 285 166 155 212 135 134 262 41 488 274 571 132 16 57 236 132 585 536 737 178 611 368 640 110 80 602 110 642 90 312 253 357 296 528 156 508 125
232 478 185 472 56 441 482 133 131 221 152 184 128 259 144 275 432 142 74 59 28 107 51 170 146 344 110 305 143 26 127 569 145 288 151 406 256 207 421 262 239 207 215 114 182 206 0 89 139 69 428 203 139 38 116 35 395 122 492 292 174 97 203 51 238 150 84 134 199 72 411 138 81 150 175 140 34 143 159 73 141 159 101 125 203 154 199 78 60 71 298 32 520 147 458 248 80 168 76 137 97 104 270 245 356 143 438 78 217 148 32 193 527 409 630 100 476 223 505 122 133 470 98 510 224 124 149 153 108 383 92 374 86
275 478 137 451 44 436 482 213 49 148 224 105 110 201 206 185 424 231 44 37 109 17 41 258 86 260 199 262 113 98 82 553 137 200 100 402 194 214 425 198 210 211 138 45 202 147 89 0 217 30 385 249 51 128 76 110 380 91 487 210 108 179 176 78 226 91 37 180 162 128 411 219 151 231 128 106 94 85 246 17 201 158 186 52 117 69 221 18 110 82 224 86 513 67 449 325 164 83 13 81 13 117 304 179 351 130 434 36 162 97 121 195 484 401 612 36 474 224 504 117 68 466 79 506 199 213 216 221 198 387 10 370 35
307 420 324 447 173 395 423 11 244 359 23 319 263 398 210 397 389 108 213 180 141 234 176 69 285 440 106 440 280 152 266 530 174 415 290 361 395 184 361 329 258 323 352 251 290 345 139 217 0 189 442 111 268 113 199 108 369 261 441 427 313 44 230 188 233 289 194 226 335 94 359 17 67 21 314 278 163 282 55 201 55 170 45 231 312 267 155 201 180 207 377 166 470 255 416 245 61 279 205 224 228 232 349 384 317 181 390 216 356 288 110 313 535 370 592 210 421 203 449 254 271 419 237 455 355 86 203 35 89 327 215 332 224
278 457 164 436 16 416 461 185 62 178 195 135 128 230 201 210 405 211 56 10 94 46 18 232 114 275 179 289 134 85 105 536 114 227 126 382 223 189 402 199 195 226 168 73 212 176 69 30 189 0 377 220 80 107 60 84 362 111 467 240 137 152 160 76 206 118 18 181 186 99 389 192 122 204 154 128 84 112 220 18 171 134 159 56 134 85 194 12 105 87 231 77 494 78 430 314 138 99 21 74 42 125 311 209 330 108 414 51 190 123 98 210 476 381 596 32 453 201 483 131 96 446 94 486 221 192 209 191 176 364 26 350 55
655 230 498 128 382 185 234 449 343 460 426 424 494 529 572 367 174 533 428 384 456 382 392 511 451 271 512 604 492 452 459 218 287 400 468 182 516 258 223 201 192 595 442 419 587 491 428 385 442 377 0 353 384 452 318 413 129 472 212 454 455 442 227 453 209 453 359 557 528 384 201 458 405 463 491 484 456 451 496 390 387 280 454 334 315 335 290 378 480 464 213 449 223 328 176 665 443 327 390 305 392 501 688 498 175 287 191 421 506 466 439 578 99 163 262 351 220 240 236 502 434 207 464 231 570 508 577 412 500 214 375 179 420
409 308 379 341 208 285 312 122 255 397 89 352 330 449 312 400 280 220 264 215 218 263 216 174 332 412 214 504 342 225 320 420 141 426 342 251 443 102 250 285 189 408 385 292 380 395 203 249 111 220 353 0 294 194 197 168 265 320 330 451 357 138 173 253 151 337 215 321 398 131 248 128 126 128 369 338 236 330 161 237 68 124 147 239 309 273 67 231 259 273 337 235 359 260 306 357 151 282 241 217 262 307 451 429 211 151 280 264 409 340 185 395 439 262 482 227 310 118 337 325 315 308 297 344 426 197 307 76 197 216 243 223 270
296 500 116 463 95 455 504 264 48 105 275 59 116 166 240 136 444 279 77 88 157 34 93 309 67 223 247 235 110 144 78 566 170 149 84 423 157 246 450 186 225 215 91 42 215 116 139 51 268 80 384 294 0 178 104 162 395 94 506 160 76 230 195 117 249 70 79 208 145 178 434 271 202 283 108 102 138 68 297 68 250 191 237 64 84 49 259 68 148 113 201 131 532 57 467 364 216 58 64 96 42 138 320 140 372 160 455 69 132 82 171 198 481 420 623 68 495 253 525 129 51 486 95 526 187 263 252 271 247 413 54 392 62
221 484 213 487 93 451 488 104 169 255 130 219 151 288 126 313 442 103 109 97 28 145 89 134 178 382 72 327 168 41 158 581 166 326 181 416 286 218 427 295 261 215 250 150 185 236 38 128 113 107 452 194 178 0 149 39 410 150 501 328 207 69 226 77 254 182 121 127 222 75 419 108 69 119 203 167 51 175 124 111 128 175 70 162 241 192 204 117 68 95 333 55 529 185 469 216 51 206 115 171 136 119 261 276 366 166 447 114 246 179 13 203 550 420 643 138 484 235 513 141 167 479 126 518 243 85 127 133 70 389 130 384 122
338 403 211 377 65 360 407 199 59 208 198 163 185 269 257 205 349 248 114 66 144 81 74 255 159 242 219 335 188 138 157 478 66 229 174 326 260 143 350 146 136 285 194 119 272 217 116 76 199 60 318 197 104 149 0 114 304 166 411 255 177 172 101 135 151 163 43 239 237 106 335 207 135 218 201 182 140 158 241 75 165 87 182 42 115 76 156 63 163 147 186 133 438 63 374 364 163 85 76 25 86 185 371 244 275 57 359 108 233 171 137 268 417 325 538 40 399 151 428 190 141 391 152 431 275 226 264 190 212 312 65 295 110
258 449 219 449 68 414 453 103 144 251 119 211 163 292 164 294 405 134 105 74 52 128 69 149 177 353 105 339 177 57 160 543 126 310 184 379 288 180 391 259 221 240 243 143 214 239 35 110 108 84 413 168 162 39 114 0 371 157 464 319 205 69 186 86 215 181 93 161 233 39 382 109 47 121 209 174 67 174 136 94 106 136 76 134 216 167 169 95 92 106 300 67 493 158 432 254 54 181 98 138 121 139 297 277 329 126 411 108 251 181 26 227 511 383 605 110 448 197 477 157 163 442 133 482 259 112 166 118 98 354 109 347 115
628 119 510 78 362 69 123 378 348 489 349 447 489 557 536 422 56 472 418 366 421 383 372 437 459 354 457 629 492 421 460 174 252 456 475 54 545 193 96 243 170 588 472 421 572 511 395 380 369 362 129 265 395 410 304 371 0 471 115 504 471 381 203 432 158 463 346 529 538 335 73 386 350 389 502 485 428 459 423 379 315 237 392 335 347 349 215 367 453 448 279 423 138 338 74 609 387 346 380 302 389 486 665 528 56 256 72 412 527 473 397 572 186 37 235 344 111 175 136 493 441 99 456 136 578 447 537 335 443 86 369 53 414
204 568 63 542 117 526 572 253 129 114 274 94 23 138 162 208 515 234 57 111 122 90 108 280 40 312 203 184 23 109 18 644 225 208 34 492 137 301 513 278 301 123 115 54 122 87 122 91 261 111 472 320 94 150 166 157 471 0 577 194 66 217 267 73 316 42 125 125 78 189 500 257 203 269 53 18 98 38 272 93 261 245 219 139 177 140 303 104 90 55 295 95 604 145 540 290 200 151 91 171 82 54 227 128 441 219 524 60 96 33 151 106 570 491 703 127 564 312 594 36 46 556 24 597 110 225 177 275 209 476 101 460 57
721 31 620 88 464 51 31 451 459 602 419 559 595 670 626 536 62 548 522 469 516 491 475 504 569 464 539 741 599 517 568 95 353 570 584 86 658 284 81 358 281 691 585 529 672 622 492 487 441 467 212 330 506 501 411 464 115 577 0 618 582 461 311 532 261 572 452 625 647 426 82 458 436 458 611 593 525 568 491 484 391 335 472 444 461 461 297 473 551 549 392 521 29 450 41 686 470 459 486 411 497 588 761 640 137 359 53 518 638 582 488 676 220 86 154 451 23 269 24 597 550 22 561 21 686 525 625 406 523 114 476 118 520
372 618 149 559 254 570 623 422 196 80 435 109 208 112 353 87 557 423 220 247 303 193 251 462 155 204 391 178 189 290 179 661 318 55 160 542 98 390 574 262 345 264 79 178 286 120 292 210 427 240 454 451 160 328 255 319 504 194 618 0 127 387 325 256 380 152 239 313 169 338 555 428 361 440 153 184 281 158 452 226 409 339 393 213 160 180 409 228 281 243 241 275 640 194 577 481 372 174 222 238 199 246 380 88 494 308 571 215 124 161 325 251 539 534 713 225 612 393 639 224 162 601 213 639 200 411 369 431 395 540 214 514 207
259 576 44 538 149 531 580 306 123 49 324 35 82 93 227 149 520 298 100 142 180 97 142 340 29 262 266 159 65 167 52 641 242 144 33 499 86 319 525 255 301 161 49 64 172 40 174 108 313 137 455 357 76 207 177 205 471 66 582 127 0 271 271 131 325 25 144 189 75 231 509 312 250 324 40 59 157 32 331 120 305 263 275 139 142 123 329 126 154 117 260 152 608 133 543 355 254 128 116 171 96 120 275 72 448 233 531 97 56 34 205 145 550 496 698 137 571 327 600 99 42 562 86 602 117 287 242 322 271 488 116 468 90
271 442 280 459 136 414 446 36 210 318 62 279 219 355 174 362 406 92 171 143 97 196 137 84 242 414 77 396 236 109 223 547 161 379 247 378 352 189 384 310 252 281 311 210 249 302 97 179 44 152 442 138 230 69 172 69 381 217 461 387 271 0 221 144 234 246 160 186 291 67 379 41 39 53 270 234 120 239 70 162 72 162 12 199 281 233 166 163 137 163 356 122 490 223 433 229 17 246 166 197 189 188 314 341 332 165 409 174 313 245 66 270 537 386 609 177 443 208 471 210 230 439 193 477 311 67 169 68 62 348 178 348 182
433 305 309 276 161 261 309 234 148 295 219 251 286 361 347 255 249 310 215 164 230 180 172 297 257 242 287 430 289 227 257 377 61 286 273 228 350 77 255 112 36 386 279 218 372 311 203 176 230 160 227 173 195 226 101 186 203 267 311 325 271 221 0 232 56 261 143 334 336 159 238 243 183 251 300 282 232 257 282 176 178 60 233 133 166 153 109 164 257 247 165 226 338 140 273 440 219 153 177 100 186 285 468 333 177 60 260 209 327 270 212 369 325 225 436 141 300 72 330 291 239 292 253 332 375 285 351 206 276 218 166 197 211
203 520 136 507 71 482 524 180 126 180 202 148 77 211 128 251 471 168 40 69 49 90 61 209 102 336 136 254 92 36 81 606 180 259 104 447 209 249 464 273 268 160 177 80 140 159 51 78 188 76 453 253 117 77 135 86 432 73 532 256 131 144 232 0 274 106 94 105 148 122 453 184 132 196 126 90 26 99 200 66 192 197 146 127 194 146 246 77 32 20 301 22 560 144 497 249 127 160 68 150 79 56 236 199 396 176 479 48 169 102 78 145 552 448 667 105 518 264 547 71 94 511 49 551 173 156 139 203 140 426 85 415 54
470 252 361 234 205 210 256 239 202 350 217 306 334 415 379 309 199 326 262 209 264 231 215 302 309 284 307 483 339 263 308 332 94 341 325 176 405 50 200 152 44 431 334 269 414 365 238 226 233 206 209 151 249 254 151 215 158 316 261 380 325 234 56 274 0 313 191 371 387 181 185 248 199 254 352 332 270 308 287 223 178 79 246 186 221 208 85 212 295 290 204 265 288 195 224 461 237 209 225 153 237 329 507 388 125 99 208 257 381 322 241 415 303 175 393 191 248 34 278 337 291 240 300 280 425 301 381 203 294 164 216 144 259
242 565 48 531 129 522 569 282 115 74 301 52 61 112 204 167 510 272 76 122 155 82 121 315 4 275 241 172 47 142 27 634 227 166 15 489 107 304 513 255 292 150 73 45 157 58 150 91 289 118 453 337 70 182 163 181 463 42 572 152 25 246 261 106 313 0 127 167 76 209 498 287 227 299 39 39 132 7 306 100 283 248 250 128 147 119 312 108 129 92 265 127 599 127 534 332 230 127 97 161 78 96 261 95 437 219 520 74 72 14 181 133 550 486 692 123 561 314 590 77 23 552 60 593 117 262 219 299 245 476 100 457 67
297 442 174 419 28 401 447 191 50 182 198 137 143 237 219 203 390 224 72 26 110 48 35 242 123 261 193 299 148 102 118 520 101 222 137 367 230 177 389 181 178 242 170 82 229 184 84 37 194 18 359 215 79 121 43 93 346 125 452 239 144 160 143 94 191 127 0 199 198 101 375 199 127 210 164 141 102 122 229 33 171 121 168 41 122 74 184 21 123 105 214 94 479 65 415 331 147 87 34 56 49 143 329 215 315 93 399 66 199 134 111 226 458 366 580 17 439 188 468 147 105 431 110 471 235 204 227 193 189 351 28 335 68
99 610 167 606 175 575 614 216 228 233 247 218 107 233 41 332 565 151 137 173 109 190 165 214 165 431 130 245 125 108 142 702 278 332 156 539 238 340 552 377 370 103 238 167 66 196 134 180 226 181 557 321 208 127 239 161 529 125 625 313 189 186 334 105 371 167 199 0 158 200 543 215 196 224 161 130 102 162 212 171 253 292 181 231 291 247 330 182 77 98 404 108 653 246 592 167 171 260 172 255 178 72 136 236 489 276 571 145 198 155 138 98 656 543 764 210 608 356 638 90 168 603 114 642 156 156 57 254 144 515 189 507 149
203 640 31 607 194 596 644 327 191 96 350 109 72 76 198 216 585 294 135 187 194 156 185 348 79 334 266 106 56 183 81 710 299 203 63 563 82 375 587 329 368 95 109 118 118 51 199 162 335 186 528 398 145 222 237 233 538 78 647 169 75 291 336 148 387 76 198 158 0 267 572 330 280 341 37 60 171 80 341 168 339 320 292 204 217 194 380 178 157 128 335 169 674 203 609 322 274 201 165 237 151 107 211 83 512 292 595 136 45 66 225 82 624 561 768 196 636 386 665 83 98 627 101 667 42 290 215 351 275 549 172 532 132
296 410 250 413 84 376 414 92 150 275 97 233 198 321 201 303 367 152 135 91 92 145 89 150 205 349 128 373 211 96 191 506 98 323 214 341 317 143 352 244 192 279 266 167 254 267 72 128 94 99 384 131 178 75 106 39 335 189 426 338 231 67 159 122 181 209 101 200 267 0 344 101 28 112 240 207 106 203 135 113 73 104 78 137 219 173 130 111 131 142 289 104 454 162 394 282 61 185 117 132 140 177 335 304 291 101 372 135 280 211 63 266 481 345 568 117 409 160 438 194 189 404 166 443 295 127 201 92 117 315 124 309 142
640 68 546 112 386 38 72 369 386 533 337 489 517 599 544 477 38 466 445 391 434 416 396 422 494 419 456 668 523 436 492 172 275 511 510 19 588 204 23 301 211 612 516 454 592 550 411 411 359 389 201 248 434 419 335 382 73 500 82 555 509 379 238 453 185 498 375 543 572 344 0 376 353 376 537 516 444 493 410 407 308 256 389 371 396 391 215 396 470 470 342 440 112 378 61 604 388 390 409 338 421 508 679 571 62 282 32 440 566 507 406 597 244 38 233 376 65 189 95 519 476 60 483 99 610 442 543 324 440 33 400 42 443
293 437 320 464 176 412 440 9 249 359 39 320 258 395 197 401 406 92 212 183 136 237 178 54 283 449 92 435 275 148 264 547 187 419 288 378 393 200 378 340 272 314 352 251 280 343 138 219 17 192 458 128 271 108 207 109 386 257 458 428 312 41 243 184 248 287 199 215 330 101 376 0 73 12 310 274 159 280 39 203 71 184 38 237 319 272 172 204 174 202 387 162 487 261 433 228 58 285 207 232 230 225 336 382 334 193 407 215 353 285 107 304 551 387 609 215 438 219 466 248 271 436 233 472 348 71 189 52 75 344 218 349 223
288 418 265 428 107 387 422 65 177 295 74 254 209 338 191 330 379 128 151 114 93 168 110 121 223 377 108 386 224 101 206 519 123 348 230 352 334 157 360 272 215 283 287 187 254 285 81 151 67 122 405 126 202 69 135 47 350 203 436 361 250 39 183 132 199 227 127 196 280 28 353 73 0 84 255 221 112 220 107 135 60 125 51 164 246 200 138 134 134 152 317 112 465 189 406 261 37 212 139 160 162 183 329 322 304 127 383 153 297 227 60 270 502 358 581 143 418 176 447 203 208 414 179 452 305 103 189 72 95 323 148 321 161
300 436 332 466 188 413 439 19 260 371 39 332 270 406 204 413 407 95 224 195 148 249 190 48 295 459 98 446 287 160 276 548 195 431 299 379 404 205 378 349 279 324 364 263 289 354 150 231 21 204 463 128 283 119 218 121 389 269 458 440 324 53 251 196 254 299 210 224 341 112 376 12 84 0 322 286 171 292 34 215 76 191 49 248 330 284 175 215 185 214 397 174 487 273 434 229 69 296 219 243 242 236 342 394 336 202 408 227 365 297 118 314 555 389 610 227 438 224 465 259 283 436 245 472 359 76 195 53 82 344 230 350 235
223 604 10 570 162 560 608 306 154 74 327 75 58 85 201 187 549 285 105 156 175 120 154 333 43 302 254 135 39 162 49 673 265 179 28 527 84 341 551 292 331 121 82 83 136 36 175 128 314 154 491 369 108 203 201 209 502 53 611 153 40 270 300 126 352 39 164 161 37 240 537 310 255 322 0 37 152 43 325 135 313 286 272 167 181 157 347 144 142 108 299 148 637 165 573 328 253 164 132 200 116 98 236 77 476 257 559 106 43 30 204 106 587 525 731 161 600 351 629 74 61 591 77 631 79 277 217 327 261 514 137 496 100
202 584 46 556 134 542 588 270 141 104 292 91 23 121 169 206 530 248 75 128 138 103 125 296 39 314 217 166 8 126 25 658 242 203 26 508 121 317 530 288 316 113 108 66 117 72 140 106 278 128 484 338 102 167 182 174 485 18 593 184 59 234 282 90 332 39 141 130 60 207 516 274 221 286 37 0 115 37 288 110 279 262 236 153 183 150 321 120 105 72 302 112 619 156 555 297 217 160 108 184 96 63 222 114 456 235 540 77 80 26 168 97 582 507 717 141 580 329 609 40 51 572 42 612 93 240 184 293 224 492 116 476 73
201 511 161 504 75 475 515 155 141 206 179 173 100 236 118 274 465 143 63 75 23 109 66 183 128 354 111 277 116 11 107 601 176 283 130 439 235 241 454 282 268 173 202 105 148 185 34 94 163 84 456 236 138 51 140 67 428 98 525 281 157 120 232 26 270 132 102 102 171 106 444 159 112 171 152 115 0 125 174 80 172 191 121 139 211 163 233 89 26 43 315 8 553 159 491 231 102 177 82 158 98 72 238 225 389 173 472 70 195 128 54 160 555 442 662 115 509 256 539 92 119 503 75 543 194 130 125 181 114 417 100 407 77
239 561 53 528 122 517 565 275 111 81 293 56 57 119 199 171 506 266 69 115 148 77 115 308 3 277 234 177 45 135 21 631 222 170 17 484 114 299 508 254 288 150 79 40 155 65 143 85 282 112 451 330 68 175 158 174 459 38 568 158 32 239 257 99 308 7 122 162 80 203 493 280 220 292 43 37 125 0 299 94 276 243 243 124 147 116 306 102 123 85 265 120 594 124 530 327 223 125 91 157 73 91 259 102 433 214 516 67 79 14 174 133 548 482 689 118 556 308 586 73 18 548 54 588 120 255 214 292 239 471 94 453 60
