NAME : X-n101-k25_SARP
COMMENT : Curated from VRPLIB to SARP
TYPE : SARP
DIMENSION : 101
EDGE_WEIGHT_TYPE : EXPLICIT
EDGE_WEIGHT_FORMAT : FULL_MATRIX
EDGE_WEIGHT_SECTION
0 799 526 600 464 525 574 806 606 670 156 650 290 329 482 402 201 734 356 419 486 269 347 340 359 481 153 564 423 410 248 656 547 448 308 270 874 644 342 578 626 649 168 340 367 278 441 629 290 257 268 257 583 343 518 237 435 419 660 216 429 462 642 660 565 560 364 234 325 428 210 554 381 227 338 591 576 503 483 304 566 519 261 467 639 648 171 645 595 224 675 520 433 348 753 147 752 297 430 275 486
799 0 305 713 381 674 802 252 815 677 868 636 928 526 317 1199 931 197 1143 383 517 1055 888 1138 750 833 828 677 660 389 558 731 328 351 500 1040 160 774 1141 779 582 160 937 458 922 803 357 798 706 581 924 679 427 462 750 572 406 381 648 763 386 383 173 345 724 781 989 574 475 760 698 831 438 586 503 720 669 407 316 988 280 330 971 342 628 701 765 658 660 627 907 289 375 549 61 937 65 1092 524 828 313
526 305 0 456 76 399 718 288 742 448 626 407 715 339 106 916 634 210 881 124 435 767 583 863 590 706 592 412 536 152 316 489 282 141 271 787 349 726 864 508 352 145 647 207 617 608 137 738 523 363 621 482 413 238 654 331 102 167 421 551 98 77 132 189 456 696 684 332 208 626 483 550 249 300 314 459 409 332 106 765 41 33 738 69 612 672 466 423 407 330 643 173 100 244 248 653 246 808 227 523 97
600 713 456 0 402 79 1058 532 1088 91 754 105 885 663 536 847 552 529 899 496 822 702 367 839 870 1003 742 47 867 526 571 56 720 548 575 846 667 1095 832 79 142 575 603 519 386 833 539 1095 788 636 476 739 841 568 992 580 399 553 103 762 449 402 560 375 40 1037 470 579 491 929 711 148 612 456 646 13 47 747 537 904 458 423 861 478 1013 1059 435 82 54 407 194 616 474 320 653 640 648 756 259 376 530
464 381 76 402 0 339 716 343 742 408 574 368 673 321 134 847 561 273 820 108 445 697 507 798 569 691 543 357 528 142 275 441 318 152 242 729 419 734 798 448 315 221 577 173 541 573 144 741 495 331 545 451 444 215 650 290 29 165 382 512 60 1 208 211 397 694 608 291 163 611 446 485 241 236 298 404 356 354 135 719 108 57 688 75 631 686 393 381 357 258 584 213 81 167 324 586 322 740 158 447 127
525 674 399 79 339 0 980 515 1009 148 678 139 808 586 471 791 490 499 833 427 748 643 320 777 791 924 665 39 789 456 492 134 653 481 498 776 645 1018 771 109 146 528 539 444 345 754 471 1018 709 557 421 660 771 493 913 502 333 483 145 683 382 339 513 349 59 959 429 500 415 850 632 157 538 377 570 75 53 676 472 829 407 367 786 413 939 984 363 126 74 328 245 552 406 242 613 573 609 696 188 316 466
574 802 718 1058 716 980 0 968 32 1096 470 1062 391 400 614 839 770 878 690 609 293 776 911 748 215 116 443 1013 192 575 488 1109 483 578 489 593 949 90 762 1069 1016 738 723 552 935 307 582 61 290 423 842 334 377 505 67 479 701 555 1075 360 656 715 744 908 1035 23 938 480 576 146 375 1069 475 606 421 1055 1018 407 613 451 752 739 476 656 210 151 717 1068 1029 664 1191 569 637 739 796 681 798 771 809 833 623
806 252 288 532 343 515 968 0 987 474 913 437 1003 617 373 1184 889 90 1163 411 675 1032 792 1138 866 973 880 505 798 436 604 535 489 414 558 1072 140 959 1138 607 390 231 912 495 824 893 414 976 804 650 857 766 614 522 908 620 372 444 447 838 385 344 224 172 553 946 901 621 496 895 770 669 524 579 592 542 494 561 372 1054 247 289 1026 356 824 893 721 462 479 595 721 400 389 483 211 925 206 1077 424 749 364
606 815 742 1088 742 1009 32 987 0 1124 501 1090 419 428 637 867 802 897 717 634 313 806 943 777 247 143 474 1042 220 600 517 1139 500 601 517 621 965 71 790 1099 1044 757 754 580 967 338 606 37 322 452 874 365 389 532 96 509 727 579 1103 391 682 741 763 931 1065 50 970 510 604 178 407 1100 500 636 449 1084 1048 426 636 478 774 763 504 680 209 143 749 1096 1058 695 1222 589 662 768 811 713 814 800 837 865 646
670 677 448 91 408 148 1096 474 1124 0 822 42 949 697 540 935 636 485 980 510 845 788 456 924 917 1049 806 109 904 543 612 64 725 559 608 923 613 1126 917 165 98 551 686 547 477 888 550 1129 835 678 564 787 851 596 1029 623 411 568 29 817 461 407 536 332 131 1074 561 622 521 973 763 234 635 505 677 104 95 761 540 973 442 416 931 482 1034 1085 510 28 75 464 250 617 485 361 618 721 613 842 287 461 532
156 868 626 754 574 678 470 913 501 822 0 800 134 351 561 393 314 835 284 506 464 307 493 308 265 363 42 717 359 488 314 810 576 521 369 176 964 551 318 734 773 731 260 422 509 164 517 529 224 288 399 218 577 407 425 299 547 490 811 135 529 573 727 781 720 460 491 297 418 330 180 710 430 348 369 746 728 516 561 152 667 625 115 561 580 571 327 796 747 364 831 579 526 485 829 214 829 308 569 427 567
650 636 407 105 368 139 1062 437 1090 42 800 0 926 662 499 930 629 445 969 472 808 782 458 915 886 1017 783 105 870 504 580 98 684 519 573 908 575 1090 909 184 56 509 676 511 481 860 511 1094 805 645 561 757 811 560 995 592 372 530 14 790 422 368 494 291 140 1040 565 591 486 941 734 253 598 476 642 118 89 722 500 952 400 375 911 442 996 1048 495 25 66 439 284 576 446 331 577 709 572 835 254 455 492
290 928 715 885 673 808 391 1003 419 949 134 926 0 403 637 448 440 920 301 592 469 402 626 358 224 276 143 846 335 569 400 940 616 596 446 201 1039 479 372 867 896 805 381 508 641 132 594 452 228 356 528 250 586 483 361 384 647 565 937 167 622 672 803 883 851 386 617 384 511 271 234 844 493 460 426 877 857 545 638 68 756 720 85 648 541 516 461 923 874 487 965 641 615 603 897 333 898 387 687 561 645
329 526 339 663 321 586 400 617 428 697 351 662 403 0 245 720 516 530 634 218 178 596 584 645 251 370 310 617 209 187 109 713 226 204 89 527 639 431 652 682 616 406 495 152 615 280 204 433 188 72 554 154 256 106 334 109 304 174 675 238 262 321 405 525 644 378 646 112 176 290 174 691 94 229 25 661 622 174 245 463 377 353 447 271 363 400 395 669 632 295 811 238 246 344 494 475 495 620 410 505 253
482 317 106 536 134 471 614 373 637 540 561 499 637 245 0 882 619 285 829 68 329 739 603 821 494 605 523 490 433 73 246 574 185 41 193 729 404 621 824 580 446 171 622 142 638 522 43 632 432 282 621 395 313 155 550 262 139 73 513 471 94 134 167 295 530 591 695 263 158 526 403 613 151 271 220 538 489 228 1 692 138 131 669 58 507 567 458 514 491 319 716 80 72 271 272 620 271 775 286 535 9
402 1199 916 847 847 791 839 1184 867 935 393 930 448 720 882 0 305 1120 168 817 854 153 484 91 652 724 432 827 751 810 650 898 944 849 709 247 1265 926 77 793 926 1046 272 741 472 547 842 900 617 649 371 607 963 745 804 638 818 821 936 527 821 846 1038 1024 807 833 398 635 724 710 565 739 782 617 733 836 843 893 883 394 954 904 363 862 971 957 465 917 865 590 832 923 828 702 1151 263 1150 108 772 476 886
201 931 634 552 561 490 770 889 802 636 314 629 440 516 619 305 0 831 351 551 682 153 208 288 556 671 332 528 624 552 420 604 719 593 475 320 980 843 280 506 622 773 62 487 212 466 584 827 490 445 93 458 772 505 717 412 533 568 636 411 545 560 763 725 512 757 178 409 463 625 411 461 551 348 521 541 543 686 620 426 670 618 379 589 840 849 169 617 565 305 569 673 556 406 879 111 877 206 471 176 621
734 197 210 529 273 499 878 90 897 485 835 445 920 530 285 1120 831 0 1090 329 584 969 751 1070 778 883 800 496 708 351 522 542 399 327 474 996 152 869 1071 599 392 141 849 414 784 807 328 887 718 565 806 680 526 438 818 538 302 358 456 754 307 274 134 154 544 855 858 539 417 805 686 657 436 508 505 537 486 471 285 972 169 217 946 274 736 804 662 468 475 530 722 310 308 427 144 858 139 1013 379 702 277
356 1143 881 899 820 833 690 1163 717 980 284 969 301 634 829 168 351 1090 0 770 744 218 557 89 519 574 326 871 625 756 585 953 860 792 643 109 1228 779 105 856 955 999 296 688 555 417 787 751 499 568 439 501 859 681 662 571 791 762 977 414 784 819 993 1015 860 686 496 569 677 571 464 812 709 584 652 888 885 800 830 239 921 875 218 820 839 817 476 959 907 575 918 857 786 697 1101 260 1100 170 775 525 835
419 383 124 496 108 427 609 411 634 510 506 472 592 218 68 817 551 329 770 0 338 673 537 758 468 587 471 450 421 34 193 539 228 55 147 672 459 625 761 533 420 231 555 85 572 483 45 633 399 239 553 357 345 114 543 209 99 58 486 427 49 108 224 307 486 586 628 210 93 508 359 561 133 204 193 497 451 251 69 643 165 135 617 56 525 578 389 483 455 251 669 137 28 210 335 554 334 710 239 467 70
486 517 435 822 445 748 293 675 313 845 464 808 469 178 329 854 682 584 744 338 0 745 762 772 254 317 423 776 149 304 287 869 191 297 257 635 659 292 781 848 757 445 654 304 793 337 303 305 246 241 727 247 118 255 236 287 436 280 822 331 387 445 451 623 806 271 821 289 333 248 290 863 211 406 186 821 779 114 328 536 465 459 535 377 191 241 571 818 786 472 980 277 365 509 505 628 508 761 564 682 338
269 1055 767 702 697 643 776 1032 806 788 307 782 402 596 739 153 153 969 218 673 745 0 346 141 572 666 340 680 659 669 516 754 815 708 574 228 1116 858 131 653 775 901 120 600 341 470 701 836 522 525 229 503 848 609 732 505 668 681 788 434 674 696 892 872 662 766 278 502 581 637 457 603 649 470 607 691 695 771 740 366 805 754 323 716 881 877 312 769 717 439 704 785 682 550 1006 122 1005 54 619 327 743
347 888 583 367 507 320 911 792 943 456 493 458 626 584 603 484 208 751 557 537 762 346 0 487 698 824 499 353 741 551 476 415 747 589 517 528 903 973 478 309 464 728 269 500 35 624 580 962 621 524 118 579 830 535 851 476 484 574 462 558 513 506 715 620 326 894 111 473 470 766 536 257 586 364 580 354 369 735 604 623 610 558 576 558 941 964 196 441 391 299 361 674 532 340 830 316 827 401 372 80 602
340 1138 863 839 798 777 748 1138 777 924 308 915 358 645 821 91 288 1070 89 758 772 141 487 0 563 633 349 815 664 749 583 892 871 787 642 156 1212 835 16 792 906 989 240 679 482 459 780 809 532 576 369 525 883 679 714 570 769 757 922 443 767 796 981 984 799 742 417 567 665 621 484 743 713 563 660 828 830 817 822 303 902 854 272 806 883 867 431 903 852 544 845 856 772 662 1092 215 1091 88 737 463 826
359 750 590 870 569 791 215 866 247 917 265 886 224 251 494 652 556 778 519 468 254 572 698 563 0 133 233 826 111 438 307 924 424 454 327 413 878 288 575 873 845 648 510 395 721 104 455 270 83 243 627 131 371 355 161 294 548 425 899 145 510 568 650 775 844 200 723 296 411 69 165 867 343 414 276 865 834 347 495 292 628 603 301 522 321 306 505 889 847 466 990 475 496 556 728 471 729 573 633 621 503
481 833 706 1003 691 924 116 973 143 1049 363 1017 276 370 605 724 671 883 574 587 317 666 824 633 133 0 340 959 175 556 438 1057 505 566 452 477 971 206 647 1006 976 748 620 520 846 205 569 177 216 372 747 264 422 476 105 426 672 539 1030 266 632 690 752 893 977 115 843 427 538 80 297 1000 457 547 394 998 966 426 605 335 742 722 361 639 299 255 634 1021 979 600 1123 574 615 688 818 577 820 658 764 749 614
153 828 592 742 543 665 443 880 474 806 42 783 143 310 523 432 332 800 326 471 423 340 499 349 233 340 0 703 321 452 278 798 535 484 331 218 927 521 358 726 753 694 281 386 517 136 480 501 185 248 411 177 535 369 394 262 515 452 794 96 495 541 690 751 709 431 506 261 384 299 138 705 390 321 329 734 714 474 524 177 633 592 146 526 543 537 323 780 731 344 827 540 492 462 791 239 791 345 546 429 530
564 677 412 47 357 39 1013 505 1042 109 717 105 846 617 490 827 528 496 871 450 776 680 353 815 826 959 703 0 822 480 525 97 674 502 528 814 638 1048 808 103 123 535 577 473 376 791 493 1049 744 591 457 695 794 521 946 535 353 507 109 720 403 357 520 343 48 992 460 534 444 884 668 164 565 412 600 47 16 701 491 867 416 380 825 432 967 1013 402 89 39 365 232 570 428 274 616 612 612 733 213 352 484
423 660 536 867 528 789 192 798 220 904 359 870 335 209 433 751 624 708 625 421 149 659 741 664 111 175 321 822 0 388 298 918 332 395 297 517 796 234 675 880 825 573 585 361 768 208 398 229 137 234 685 166 263 314 125 290 512 370 883 226 468 527 576 725 845 170 781 292 384 101 213 883 288 418 231 864 827 253 433 403 571 554 409 470 222 225 546 876 838 479 1005 399 449 548 643 550 645 666 617 662 442
410 389 152 526 142 456 575 436 600 543 488 504 569 187 73 810 552 351 756 34 304 669 551 749 438 556 452 480 388 0 174 570 203 40 123 657 475 592 752 561 453 243 552 69 585 457 32 600 371 214 560 330 315 87 510 190 132 27 518 403 83 141 239 338 515 553 638 191 89 476 335 587 100 205 162 527 481 221 74 622 192 166 598 84 492 545 394 515 486 258 697 124 61 232 344 549 344 704 268 479 79
248 558 316 571 275 492 488 604 517 612 314 580 400 109 246 650 420 522 585 193 287 516 476 583 307 438 278 525 298 174 0 622 301 208 59 483 649 529 587 582 538 417 406 109 507 299 203 527 228 66 450 181 358 97 421 16 250 177 593 237 222 274 413 486 548 467 540 17 112 361 171 588 134 123 105 567 531 268 247 450 357 320 424 248 471 504 288 584 543 187 709 274 215 252 517 394 517 545 326 396 253
656 731 489 56 441 134 1109 535 1139 64 810 98 940 713 574 898 604 542 953 539 869 754 415 892 924 1057 798 97 918 570 622 0 759 590 624 901 673 1144 884 110 150 600 657 567 432 888 581 1146 841 688 527 793 883 616 1043 633 440 596 89 816 491 440 584 388 93 1088 515 631 539 982 766 178 658 509 695 65 91 790 575 960 486 456 917 516 1059 1107 491 74 84 462 187 653 515 371 672 695 667 808 305 429 568
547 328 282 720 318 653 483 489 500 725 576 684 616 226 185 944 719 399 860 228 191 815 747 871 424 505 535 674 332 203 301 759 0 173 245 753 468 470 877 760 630 258 708 246 780 486 183 488 388 295 742 368 133 216 427 311 321 177 698 457 272 319 266 459 712 461 826 313 277 432 398 789 169 386 211 721 673 79 184 680 303 312 668 243 339 406 576 699 676 448 896 109 247 436 314 693 316 842 466 671 192
448 351 141 548 152 481 578 414 601 559 521 519 596 204 41 849 593 327 792 55 297 708 589 787 454 566 484 502 395 40 208 590 173 0 153 692 444 588 790 587 467 210 592 108 624 480 10 598 391 241 600 353 293 114 513 223 149 32 533 430 99 151 207 330 540 555 677 225 130 486 362 616 110 245 178 549 502 203 42 651 176 162 629 80 480 537 435 532 506 298 723 84 75 265 309 588 308 743 293 518 50
308 500 271 575 242 498 489 558 517 608 369 573 446 89 193 709 475 474 643 147 257 574 517 642 327 452 331 528 297 123 59 624 245 153 0 540 596 520 646 594 528 363 464 68 549 336 149 522 254 92 500 211 313 38 422 72 221 121 587 280 184 241 359 450 555 467 588 75 87 373 213 606 76 153 72 572 533 219 193 500 312 280 476 203 446 487 335 580 543 219 725 215 172 256 460 453 460 604 321 438 199
270 1040 787 846 729 776 593 1072 621 923 176 908 201 527 729 247 320 996 109 672 635 228 528 156 413 477 218 814 517 657 483 901 753 692 540 0 1131 680 171 811 889 900 259 589 532 309 687 654 391 463 413 392 750 579 560 469 700 660 917 305 689 728 895 929 808 587 487 467 580 467 356 774 605 494 545 836 828 692 730 148 827 783 116 724 733 714 413 900 848 494 887 753 689 617 1000 212 1000 198 698 481 735
874 160 349 667 419 645 949 140 965 613 964 575 1039 639 404 1265 980 152 1228 459 659 1116 903 1212 878 971 927 638 796 475 649 673 468 444 596 1131 0 927 1214 741 527 234 996 542 936 920 447 949 826 684 958 793 578 558 894 665 448 476 585 873 446 420 237 296 686 928 1010 666 551 896 805 801 547 649 615 676 627 546 403 1095 311 362 1072 407 784 856 811 599 613 677 858 404 442 577 154 1003 151 1158 531 854 397
644 774 726 1095 734 1018 90 959 71 1126 551 1090 479 431 621 926 843 869 779 625 292 858 973 835 288 206 521 1048 234 592 529 1144 470 588 520 680 927 0 849 1111 1042 728 798 579 999 387 594 35 355 466 911 394 349 530 127 522 722 569 1104 433 674 733 736 915 1074 93 1007 524 605 221 438 1116 494 651 449 1092 1053 400 620 540 757 750 564 668 151 79 778 1098 1062 712 1237 566 653 775 775 759 778 855 840 894 630
342 1141 864 832 798 771 762 1138 790 917 318 909 372 652 824 77 280 1071 105 761 781 131 478 16 575 647 358 808 675 752 587 884 877 790 646 171 1214 849 0 784 900 991 235 683 471 471 784 823 542 582 360 534 891 683 727 574 769 761 916 453 768 797 984 983 792 756 405 572 667 633 493 734 718 564 667 821 823 824 825 318 903 854 286 808 895 880 428 897 845 543 835 861 774 661 1095 214 1094 77 734 456 829
578 779 508 79 448 109 1069 607 1099 165 734 184 867 682 580 793 506 599 856 533 848 653 309 792 873 1006 726 103 880 561 582 110 760 587 594 811 741 1111 784 0 219 636 561 545 324 826 578 1109 790 647 424 742 876 593 1003 591 441 588 181 755 489 448 620 446 55 1048 406 589 514 935 710 70 639 463 667 67 114 781 581 881 515 476 836 522 1039 1081 408 161 129 407 136 660 513 339 718 602 714 707 295 332 574
626 582 352 142 315 146 1016 390 1044 98 773 56 896 616 446 926 622 392 955 420 757 775 464 906 845 976 753 123 825 453 538 150 630 467 528 889 527 1042 900 219 0 454 666 464 490 825 459 1047 765 603 560 717 758 512 949 551 322 479 69 755 371 315 438 238 168 994 574 550 441 898 697 285 549 441 595 152 108 669 446 925 344 320 885 389 945 998 479 76 90 409 331 522 394 295 522 696 518 828 213 452 438
649 160 145 575 221 528 738 231 757 551 731 509 805 406 171 1046 773 141 999 231 445 901 728 989 648 748 694 535 573 243 417 600 258 210 363 900 234 728 991 636 454 0 782 312 762 686 214 746 593 450 764 559 385 324 679 432 246 242 522 638 228 222 16 233 581 716 828 434 324 671 571 683 313 430 381 581 529 331 170 861 123 171 839 185 595 663 606 529 523 468 768 174 218 388 106 784 104 939 368 667 165
168 937 647 603 577 539 723 912 754 686 260 676 381 495 622 272 62 849 296 555 654 120 269 240 510 620 281 577 585 552 406 657 708 592 464 259 996 798 235 561 666 782 0 485 274 417 585 780 449 423 155 421 750 497 672 397 548 566 683 366 554 576 773 752 564 710 237 394 464 578 374 519 540 352 503 592 591 668 623 365 685 634 318 597 804 809 194 665 613 319 629 670 564 430 887 49 886 166 501 229 625
340 458 207 519 173 444 552 495 580 547 422 511 508 152 142 741 487 414 688 85 304 600 500 679 395 520 386 473 361 69 109 567 246 108 68 589 542 579 683 545 464 312 485 0 534 402 101 583 322 158 500 278 339 49 486 125 153 82 525 344 116 172 306 382 503 530 581 126 32 440 276 563 95 142 131 518 476 243 143 559 248 213 533 140 495 541 333 519 484 202 678 186 107 206 414 480 413 635 261 425 147
367 922 617 386 541 345 935 824 967 477 509 481 641 615 638 472 212 784 555 572 793 341 35 482 721 846 517 376 768 585 507 432 780 624 549 532 936 999 471 324 490 762 274 534 0 645 614 987 645 554 119 605 862 568 876 506 518 608 484 580 548 540 749 652 346 919 84 503 503 790 561 267 619 397 612 374 392 768 639 634 644 592 587 592 970 992 223 463 414 332 363 708 567 374 864 322 861 394 405 111 637
278 803 608 833 573 754 307 893 338 888 164 860 132 280 522 547 466 807 417 483 337 470 624 459 104 205 136 791 208 457 299 888 486 480 336 309 920 387 471 826 825 686 417 402 645 0 480 366 98 244 543 127 455 370 261 284 549 449 873 71 518 572 685 784 803 296 638 284 411 166 129 813 373 384 305 826 800 414 522 199 648 616 201 539 424 410 438 861 815 425 937 518 508 530 774 374 775 469 612 550 530
441 357 137 539 144 471 582 414 606 550 517 511 594 204 43 842 584 328 787 45 303 701 580 780 455 569 480 493 398 32 203 581 183 10 149 687 447 594 784 578 459 214 585 101 614 480 0 604 391 238 591 352 302 111 518 218 140 30 525 427 90 143 210 326 530 560 668 220 121 489 360 606 112 237 179 540 493 211 44 648 174 157 625 74 487 543 426 523 497 289 713 94 65 255 314 581 313 736 283 508 51
629 798 738 1095 741 1018 61 976 37 1129 529 1094 452 433 632 900 827 887 751 633 305 836 962 809 270 177 501 1049 229 600 527 1146 488 598 522 654 949 35 823 1109 1047 746 780 583 987 366 604 0 342 463 896 383 371 535 112 519 729 578 1108 416 682 741 753 927 1074 70 993 521 608 202 426 1112 500 647 452 1092 1055 416 632 512 769 760 537 677 181 111 767 1102 1065 708 1234 581 661 776 796 740 799 831 843 884 641
290 706 523 788 495 709 290 804 322 835 224 805 228 188 432 617 490 718 499 399 246 522 621 532 83 216 185 744 137 371 228 841 388 391 254 391 826 355 542 790 765 593 449 322 645 98 391 342 0 165 556 48 362 285 230 214 473 360 818 90 438 494 593 704 761 273 652 215 335 147 85 785 282 332 213 783 751 317 432 294 562 533 290 454 359 360 427 808 765 384 908 423 426 474 679 413 680 530 552 543 441
257 581 363 636 331 557 423 650 452 678 288 645 356 72 282 649 445 565 568 239 241 525 524 576 243 372 248 591 234 214 66 688 295 241 92 463 684 466 582 647 603 450 423 158 554 244 238 463 165 0 487 120 327 127 356 56 308 209 658 189 275 330 448 541 613 402 580 58 170 295 121 650 143 185 84 632 597 246 282 411 404 371 390 295 417 445 331 650 609 246 771 292 264 318 545 403 545 548 392 444 289
268 924 621 476 545 421 842 857 874 564 399 561 528 554 621 371 93 806 439 553 727 229 118 369 627 747 411 457 685 560 450 527 742 600 500 413 958 911 360 424 560 764 155 500 119 543 591 896 556 487 0 519 808 526 785 446 519 579 566 483 539 544 752 689 436 827 97 443 472 696 473 374 575 358 555 464 472 718 622 518 653 600 471 584 896 910 167 546 495 302 479 683 554 381 869 204 866 283 433 110 622
257 679 482 739 451 660 334 766 365 787 218 757 250 154 395 607 458 680 501 357 247 503 579 525 131 264 177 695 166 330 181 793 368 353 211 392 793 394 534 742 717 559 421 278 605 127 352 383 48 120 519 0 358 244 272 167 428 322 770 89 395 450 558 661 713 316 616 168 290 193 48 738 246 284 178 734 703 302 395 312 522 491 300 413 383 391 384 760 717 336 861 392 383 426 648 389 649 515 504 501 403
583 427 413 841 444 771 377 614 389 851 577 811 586 256 313 963 772 526 859 345 118 848 830 883 371 422 535 794 263 315 358 883 133 293 313 750 578 349 891 876 758 385 750 339 862 455 302 371 362 327 808 358 0 297 329 362 442 288 825 445 392 444 395 592 830 356 898 365 371 359 399 900 246 466 253 841 795 97 312 654 435 442 652 369 210 279 646 825 799 532 1011 241 367 542 426 728 429 866 583 751 321
343 462 238 568 215 493 505 522 532 596 407 560 483 106 155 745 505 438 681 114 255 609 535 679 355 476 369 521 314 87 97 616 216 114 38 579 558 530 683 593 512 324 497 49 568 370 111 535 285 127 526 244 297 0 438 110 197 83 573 316 156 214 321 420 551 483 611 112 78 396 249 609 51 171 84 566 525 201 155 537 278 249 514 169 446 492 360 568 533 236 725 177 141 254 422 488 422 640 310 458 162
518 750 654 992 650 913 67 908 96 1029 425 995 361 334 550 804 717 818 662 543 236 732 851 714 161 105 394 946 125 510 421 1043 427 513 422 560 894 127 727 1003 949 679 672 486 876 261 518 112 230 356 785 272 329 438 0 412 635 490 1008 306 590 650 684 844 969 46 882 414 509 95 315 1004 410 540 355 988 952 350 550 425 688 674 445 591 194 156 656 1001 963 599 1126 508 571 672 741 632 743 730 742 772 559
237 572 331 580 290 502 479 620 509 623 299 592 384 109 262 638 412 538 571 209 287 505 476 570 294 426 262 535 290 190 16 633 311 223 72 469 665 522 574 591 551 432 397 125 506 284 218 519 214 56 446 167 362 110 412 0 266 192 605 221 238 289 428 501 557 458 537 3 127 350 155 594 144 129 109 576 542 274 262 434 373 335 408 264 468 499 286 596 554 192 716 287 231 263 531 383 531 534 338 396 268
435 406 102 399 29 333 701 372 727 411 547 372 647 304 139 818 533 302 791 99 436 668 484 769 548 672 515 353 512 132 250 440 321 149 221 700 448 722 769 441 322 246 548 153 518 549 140 729 473 308 519 428 442 197 635 266 0 157 386 487 50 28 234 236 392 679 583 266 139 593 421 474 228 207 281 401 353 350 140 692 136 86 661 82 624 677 365 384 357 230 577 219 75 144 350 557 348 711 147 422 134
419 381 167 553 165 483 555 444 579 568 490 530 565 174 73 821 568 358 762 58 280 681 574 757 425 539 452 507 370 27 177 596 177 32 121 660 476 569 761 588 479 242 566 82 608 449 30 578 360 209 579 322 288 83 490 192 157 0 544 398 107 165 239 355 542 532 659 194 107 459 330 614 82 222 149 553 508 194 73 619 204 184 597 101 467 521 413 541 513 279 723 105 85 259 340 561 340 715 295 501 81
660 648 421 103 382 145 1075 447 1103 29 811 14 937 675 513 936 636 456 977 486 822 788 462 922 899 1030 794 109 883 518 593 89 698 533 587 917 585 1104 916 181 69 522 683 525 484 873 525 1108 818 658 566 770 825 573 1008 605 386 544 0 802 436 382 507 303 140 1053 568 604 500 954 747 251 612 489 655 116 94 736 514 962 414 389 921 456 1010 1062 504 21 71 451 276 590 460 344 589 717 584 842 267 461 506
216 763 551 762 512 683 360 838 391 817 135 790 167 238 471 527 411 754 414 427 331 434 558 443 145 266 96 720 226 403 237 816 457 430 280 305 873 433 453 755 755 638 366 344 580 71 427 416 90 189 483 89 445 316 306 221 487 398 802 0 459 511 636 723 732 346 579 221 349 214 68 743 327 315 260 755 729 391 471 225 591 556 212 482 448 445 370 791 744 354 866 475 451 460 731 328 731 440 543 483 478
429 386 98 449 60 382 656 385 682 461 529 422 622 262 94 821 545 307 784 49 387 674 513 767 510 632 495 403 468 83 222 491 272 99 184 689 446 674 768 489 371 228 554 116 548 518 90 682 438 275 539 395 392 156 590 238 50 107 436 459 0 59 218 266 440 634 608 238 112 552 392 520 181 204 238 450 403 300 95 670 138 98 642 45 574 628 379 434 407 240 625 173 25 177 334 558 332 714 194 447 91
462 383 77 402 1 339 715 344 741 407 573 368 672 321 134 846 560 274 819 108 445 696 506 796 568 690 541 357 527 141 274 440 319 151 241 728 420 733 797 448 315 222 576 172 540 572 143 741 494 330 544 450 444 214 650 289 28 165 382 511 59 0 210 212 397 693 606 290 162 611 444 484 241 235 297 404 355 354 135 717 110 58 687 76 631 685 391 381 357 257 583 214 80 166 326 584 323 738 157 445 128
642 173 132 560 208 513 744 224 763 536 727 494 803 405 167 1038 763 134 993 224 451 892 715 981 650 752 690 520 576 239 413 584 266 207 359 895 237 736 984 620 438 16 773 306 749 685 210 753 593 448 752 558 395 321 684 428 234 239 507 636 218 210 0 218 566 722 816 430 317 674 569 668 312 422 381 565 513 337 166 858 108 157 835 176 604 672 596 514 507 458 752 177 210 376 116 776 114 931 354 655 160
660 345 189 375 211 349 908 172 931 332 781 291 883 525 295 1024 725 154 1015 307 623 872 620 984 775 893 751 343 725 338 486 388 459 330 450 929 296 915 983 446 238 233 752 382 652 784 326 927 704 541 689 661 592 420 844 501 236 355 303 723 266 212 218 0 392 885 730 501 374 814 656 505 437 436 500 383 333 517 295 927 158 172 895 254 796 858 559 314 321 441 568 352 279 322 286 769 282 919 256 580 285
565 724 456 40 397 59 1035 553 1065 131 720 140 851 644 530 807 512 544 860 486 806 662 326 799 844 977 709 48 845 515 548 93 712 540 555 808 686 1074 792 55 168 581 564 503 346 803 530 1074 761 613 436 713 830 551 969 557 392 542 140 732 440 397 566 392 0 1015 430 555 473 904 683 117 597 431 627 29 60 735 531 869 461 423 825 472 998 1042 399 119 78 379 188 610 465 299 663 602 659 716 247 336 524
560 781 696 1037 694 959 23 946 50 1074 460 1040 386 378 591 833 757 855 686 586 271 766 894 742 200 115 431 992 170 553 467 1088 461 555 467 587 928 93 756 1048 994 716 710 530 919 296 560 70 273 402 827 316 356 483 46 458 679 532 1053 346 634 693 722 885 1015 0 923 460 554 132 358 1049 453 586 399 1034 997 385 591 448 729 716 471 633 196 143 700 1047 1008 645 1172 546 614 718 774 669 777 762 787 816 600
364 989 684 470 608 429 938 901 970 561 491 565 617 646 695 398 178 858 496 628 821 278 111 417 723 843 506 460 781 638 540 515 826 677 588 487 1010 1007 405 406 574 828 237 581 84 638 668 993 652 580 97 616 898 611 882 537 583 659 568 579 608 606 816 730 430 923 0 534 552 792 570 346 661 440 645 458 476 807 696 602 713 661 556 653 991 1007 253 547 499 380 434 762 626 440 932 287 929 330 480 161 695
234 574 332 579 291 500 480 621 510 622 297 591 384 112 263 635 409 539 569 210 289 502 473 567 296 427 261 534 292 191 17 631 313 225 75 467 666 524 572 589 550 434 394 126 503 284 220 521 215 58 443 168 365 112 414 3 266 194 604 221 238 290 430 501 555 460 534 0 128 351 155 592 147 127 112 575 540 277 264 433 374 336 407 265 471 501 283 594 553 189 713 289 232 261 533 380 533 531 337 393 270
325 475 208 491 163 415 576 496 604 521 418 486 511 176 158 724 463 417 677 93 333 581 470 665 411 538 384 444 384 89 112 539 277 130 87 580 551 605 667 514 441 324 464 32 503 411 121 608 335 170 472 290 371 78 509 127 139 107 500 349 112 162 317 374 473 554 552 128 0 459 282 531 127 116 156 489 448 275 159 558 249 209 530 144 525 569 306 493 457 172 647 212 109 175 428 462 427 617 234 395 162
428 760 626 929 611 850 146 895 178 973 330 941 271 290 526 710 625 805 571 508 248 637 766 621 69 80 299 884 101 476 361 982 432 486 373 467 896 221 633 935 898 671 578 440 790 166 489 202 147 295 696 193 359 396 95 350 593 459 954 214 552 611 674 814 904 132 792 351 459 0 231 931 377 474 314 925 891 354 526 337 663 642 353 559 272 247 573 945 904 528 1054 497 535 612 743 538 745 635 687 689 535
210 698 483 711 446 632 375 770 407 763 180 734 234 174 403 565 411 686 464 359 290 457 536 484 165 297 138 668 213 335 171 766 398 362 213 356 805 438 493 710 697 571 374 276 561 129 360 426 85 121 473 48 399 249 315 155 421 330 747 68 392 444 569 656 683 358 570 155 282 231 0 703 261 258 195 706 677 336 404 291 524 489 273 415 430 438 342 736 691 305 826 410 383 403 664 342 665 470 484 458 411
554 831 550 148 485 157 1069 669 1100 234 710 253 844 691 613 739 461 657 812 561 863 603 257 743 867 1000 705 164 883 587 588 178 789 616 606 774 801 1116 734 70 285 683 519 563 267 813 606 1112 785 650 374 738 900 609 1004 594 474 614 251 743 520 484 668 505 117 1049 346 592 531 931 703 0 658 466 678 135 177 803 614 853 561 518 807 556 1053 1091 383 230 195 405 123 693 544 357 770 562 766 657 328 292 608
381 438 249 612 241 538 475 524 500 635 430 598 493 94 151 782 551 436 709 133 211 649 586 713 343 457 390 565 288 100 134 658 169 110 76 605 547 494 718 639 549 313 540 95 619 373 112 500 282 143 575 246 246 51 410 144 228 82 612 327 181 241 312 437 597 453 661 147 127 377 261 658 0 222 69 611 568 150 151 551 286 266 532 182 402 450 409 607 575 287 773 149 162 301 404 527 404 678 353 509 160
227 586 300 456 236 377 606 579 636 505 348 476 460 229 271 617 348 508 584 204 406 470 364 563 414 547 321 412 418 205 123 509 386 245 153 494 649 651 564 463 441 430 352 142 397 384 237 647 332 185 358 284 466 171 540 129 207 222 489 315 204 235 422 436 431 586 440 127 116 474 258 466 222 0 221 451 420 371 272 497 339 291 462 246 593 626 191 478 434 66 587 327 212 146 536 354 534 509 228 287 274
338 503 314 646 298 570 421 592 449 677 369 642 426 25 220 733 521 505 652 193 186 607 580 660 276 394 329 600 231 162 105 695 211 178 72 545 615 449 667 667 595 381 503 131 612 305 179 452 213 84 555 178 253 84 355 109 281 149 655 260 238 297 381 500 627 399 645 112 156 314 195 678 69 221 0 644 604 166 220 485 352 328 468 246 375 414 393 649 613 287 797 215 221 328 471 485 472 632 391 501 228
591 720 459 13 404 75 1055 542 1084 104 746 118 877 661 538 836 541 537 888 497 821 691 354 828 865 998 734 47 864 527 567 65 721 549 572 836 676 1092 821 67 152 581 592 518 374 826 540 1092 783 632 464 734 841 566 988 576 401 553 116 755 450 404 565 383 29 1034 458 575 489 925 706 135 611 451 644 0 52 747 539 896 462 427 852 480 1012 1058 426 95 63 401 187 618 475 317 660 630 655 745 259 365 532
576 669 409 47 356 53 1018 494 1048 95 728 89 857 622 489 843 543 486 885 451 779 695 369 830 834 966 714 16 827 481 531 91 673 502 533 828 627 1053 823 114 108 529 591 476 392 800 493 1055 751 597 472 703 795 525 952 542 353 508 94 729 403 355 513 333 60 997 476 540 448 891 677 177 568 420 604 52 0 702 490 879 411 376 837 431 969 1017 415 74 23 375 239 569 428 280 608 626 604 748 215 368 483
503 407 332 747 354 676 407 561 426 761 516 722 545 174 228 893 686 471 800 251 114 771 735 817 347 426 474 701 253 221 268 790 79 203 219 692 546 400 824 781 669 331 668 243 768 414 211 416 317 246 718 302 97 201 350 274 350 194 736 391 300 354 337 517 735 385 807 277 275 354 336 803 150 371 166 747 702 0 227 610 359 359 602 281 280 341 554 734 706 436 915 166 276 446 392 649 395 793 489 657 236
483 316 106 537 135 472 613 372 636 540 561 500 638 245 1 883 620 285 830 69 328 740 604 822 495 605 524 491 433 74 247 575 184 42 193 730 403 620 825 581 446 170 623 143 639 522 44 632 432 282 622 395 312 155 550 262 140 73 514 471 95 135 166 295 531 591 696 264 159 526 404 614 151 272 220 539 490 227 0 692 138 132 669 59 507 566 458 514 492 320 717 79 73 272 271 621 270 776 287 535 9
304 988 765 904 719 829 451 1054 478 973 152 952 68 463 692 394 426 972 239 643 536 366 623 303 292 335 177 867 403 622 450 960 680 651 500 148 1095 540 318 881 925 861 365 559 634 199 648 512 294 411 518 312 654 537 425 434 692 619 962 225 670 717 858 927 869 448 602 433 558 337 291 853 551 497 485 896 879 610 692 0 807 767 47 698 608 581 472 948 898 516 971 700 665 636 955 316 955 344 720 564 699
566 280 41 458 108 407 752 247 774 442 667 400 756 377 138 954 670 169 921 165 465 805 610 902 628 742 633 416 571 192 357 486 303 176 312 827 311 757 903 515 344 123 685 248 644 648 174 769 562 404 653 522 435 278 688 373 136 204 414 591 138 110 108 158 461 729 713 374 249 663 524 561 286 339 352 462 411 359 138 807 0 52 779 109 638 700 501 418 407 366 648 195 141 273 220 692 217 846 245 553 129
519 330 33 423 57 367 739 289 763 416 625 375 720 353 131 904 618 217 875 135 459 754 558 854 603 722 592 380 554 166 320 456 312 162 280 783 362 750 854 476 320 171 634 213 592 616 157 760 533 371 600 491 442 249 674 335 86 184 389 556 98 58 157 172 423 716 661 336 209 642 489 518 266 291 328 427 376 359 132 767 52 0 738 83 639 697 449 391 374 315 611 203 108 221 272 642 269 796 197 500 123
261 971 738 861 688 786 476 1026 504 931 115 911 85 447 669 363 379 946 218 617 535 323 576 272 301 361 146 825 409 598 424 917 668 629 476 116 1072 564 286 836 885 839 318 533 587 201 625 537 290 390 471 300 652 514 445 408 661 597 921 212 642 687 835 895 825 471 556 407 530 353 273 807 532 462 468 852 837 602 669 47 779 738 0 672 621 599 428 906 856 477 925 682 638 599 935 269 935 305 683 517 675
467 342 69 478 75 413 656 356 680 482 561 442 648 271 58 862 589 274 820 56 377 716 558 806 522 639 526 432 470 84 248 516 243 80 203 724 407 668 808 522 389 185 597 140 592 539 74 677 454 295 584 413 369 169 591 264 82 101 456 482 45 76 176 254 472 633 653 265 144 559 415 556 182 246 246 480 431 281 59 698 109 83 672 0 560 617 424 456 433 285 658 138 35 220 290 600 289 755 229 492 52
639 628 612 1013 631 939 210 824 209 1034 580 996 541 363 507 971 840 736 839 525 191 881 941 883 321 299 543 967 222 492 471 1059 339 480 446 733 784 151 895 1039 945 595 804 495 970 424 487 181 359 417 896 383 210 446 194 468 624 467 1010 448 574 631 604 796 998 196 991 471 525 272 430 1053 402 593 375 1012 969 280 507 608 638 639 621 560 0 74 747 1007 976 658 1171 443 551 700 633 771 636 888 754 861 516
648 701 672 1059 686 984 151 893 143 1085 571 1048 516 400 567 957 849 804 817 578 241 877 964 867 306 255 537 1013 225 545 504 1107 406 537 487 714 856 79 880 1081 998 663 809 541 992 410 543 111 360 445 910 391 279 492 156 499 677 521 1062 445 628 685 672 858 1042 143 1007 501 569 247 438 1091 450 626 414 1058 1017 341 566 581 700 697 599 617 74 0 768 1058 1024 691 1210 507 605 742 704 772 708 879 802 884 576
171 765 466 435 393 363 717 721 749 510 327 495 461 395 458 465 169 662 476 389 571 312 196 431 505 634 323 402 546 394 288 491 576 435 335 413 811 778 428 408 479 606 194 333 223 438 426 767 427 331 167 384 646 360 656 286 365 413 504 370 379 391 596 559 399 700 253 283 306 573 342 383 409 191 393 426 415 554 458 472 501 449 428 424 747 768 0 487 436 139 504 518 392 238 712 218 710 360 307 116 459
645 658 423 82 381 126 1068 462 1096 28 796 25 923 669 514 917 617 468 959 483 818 769 441 903 889 1021 780 89 876 515 584 74 699 532 580 900 599 1098 897 161 76 529 665 519 463 861 523 1102 808 650 546 760 825 568 1001 596 384 541 21 791 434 381 514 314 119 1047 547 594 493 945 736 230 607 478 649 95 74 734 514 948 418 391 906 456 1007 1058 487 0 52 438 259 591 458 334 599 699 594 822 259 442 506
595 660 407 54 357 74 1029 479 1058 75 747 66 874 632 491 865 565 475 907 455 786 717 391 852 847 979 731 39 838 486 543 84 676 506 543 848 613 1062 845 129 90 523 613 484 414 815 497 1065 765 609 495 717 799 533 963 554 357 513 71 744 407 357 507 321 78 1008 499 553 457 904 691 195 575 434 613 63 23 706 492 898 407 374 856 433 976 1024 436 52 0 391 248 570 431 292 599 647 595 771 223 390 484
224 627 330 407 258 328 664 595 695 464 364 439 487 295 319 590 305 530 575 251 472 439 299 544 466 600 344 365 479 258 187 462 448 298 219 494 677 712 543 407 409 468 319 202 332 425 289 708 384 246 302 336 532 236 599 192 230 279 451 354 240 257 458 441 379 645 380 189 172 528 305 405 287 66 287 401 375 436 320 516 366 315 477 285 658 691 139 438 391 0 527 382 253 123 574 330 572 483 206 223 320
675 907 643 194 584 245 1191 721 1222 250 831 284 965 811 716 832 569 722 918 669 980 704 361 845 990 1123 827 232 1005 697 709 187 896 723 725 887 858 1237 835 136 331 768 629 678 363 937 713 1234 908 771 479 861 1011 725 1126 716 577 723 276 866 625 583 752 568 188 1172 434 713 647 1054 826 123 773 587 797 187 239 915 717 971 648 611 925 658 1171 1210 504 259 248 527 0 796 649 472 847 674 842 758 431 408 710
520 289 173 616 213 552 569 400 589 617 579 576 641 238 80 923 673 310 857 137 277 785 674 856 475 574 540 570 399 124 274 653 109 84 215 753 404 566 861 660 522 174 670 186 708 518 94 581 423 292 683 392 241 177 508 287 219 105 590 475 173 214 177 352 610 546 762 289 212 497 410 693 149 327 215 618 569 166 79 700 195 203 682 138 443 507 518 591 570 382 796 0 149 347 256 663 257 817 366 602 86
433 375 100 474 81 406 637 389 662 485 526 446 615 246 72 828 556 308 786 28 365 682 532 772 496 615 492 428 449 61 215 515 247 75 172 689 442 653 774 513 394 218 564 107 567 508 65 661 426 264 554 383 367 141 571 231 75 85 460 451 25 80 210 279 465 614 626 232 109 535 383 544 162 212 221 475 428 276 73 665 141 108 638 35 551 605 392 458 431 253 649 149 0 199 324 565 322 721 219 464 70
348 549 244 320 167 242 739 483 768 361 485 331 603 344 271 702 406 427 697 210 509 550 340 662 556 688 462 274 548 232 252 371 436 265 256 617 577 775 661 339 295 388 430 206 374 530 255 776 474 318 381 426 542 254 672 263 144 259 344 460 177 166 376 322 299 718 440 261 175 612 403 357 301 146 328 317 280 446 272 636 273 221 599 220 700 742 238 334 292 123 472 347 199 0 491 447 489 596 84 280 268
753 61 248 653 324 613 796 211 811 618 829 577 897 494 272 1151 879 144 1101 335 505 1006 830 1092 728 818 791 616 643 344 517 672 314 309 460 1000 154 775 1095 718 522 106 887 414 864 774 314 796 679 545 869 648 426 422 741 531 350 340 589 731 334 326 116 286 663 774 932 533 428 743 664 770 404 536 471 660 608 392 271 955 220 272 935 290 633 704 712 599 599 574 847 256 324 491 0 889 5 1044 465 771 267
147 937 653 640 586 573 681 925 713 721 214 709 333 475 620 263 111 858 260 554 628 122 316 215 471 577 239 612 550 549 394 695 693 588 453 212 1003 759 214 602 696 784 49 480 322 374 581 740 413 403 204 389 728 488 632 383 557 561 717 328 558 584 776 769 602 669 287 380 462 538 342 562 527 354 485 630 626 649 621 316 692 642 269 600 771 772 218 699 647 330 674 663 565 447 889 0 887 155 522 270 624
752 65 246 648 322 609 798 206 814 613 829 572 898 495 271 1150 877 139 1100 334 508 1005 827 1091 729 820 791 612 645 344 517 667 316 308 460 1000 151 778 1094 714 518 104 886 413 861 775 313 799 680 545 866 649 429 422 743 531 348 340 584 731 332 323 114 282 659 777 929 533 427 745 665 766 404 534 472 655 604 395 270 955 217 269 935 289 636 708 710 594 595 572 842 257 322 489 5 887 0 1043 461 768 266
297 1092 808 756 740 696 771 1077 800 842 308 835 387 620 775 108 206 1013 170 710 761 54 401 88 573 658 345 733 666 704 545 808 842 743 604 198 1158 855 77 707 828 939 166 635 394 469 736 831 530 548 283 515 866 640 730 534 711 715 842 440 714 738 931 919 716 762 330 531 617 635 470 657 678 509 632 745 748 793 776 344 846 796 305 755 888 879 360 822 771 483 758 817 721 596 1044 155 1043 0 668 381 779
430 524 227 259 158 188 809 424 837 287 569 254 687 410 286 772 471 379 775 239 564 619 372 737 633 764 546 213 617 268 326 305 466 293 321 698 531 840 734 295 213 368 501 261 405 612 283 843 552 392 433 504 583 310 742 338 147 295 267 543 194 157 354 256 247 787 480 337 234 687 484 328 353 228 391 259 215 489 287 720 245 197 683 229 754 802 307 259 223 206 431 366 219 84 465 522 461 668 0 325 281
