NAME : X-n190-k8_SARP
COMMENT : Curated from VRPLIB to SARP
TYPE : SARP
DIMENSION : 189
EDGE_WEIGHT_TYPE : EXPLICIT
EDGE_WEIGHT_FORMAT : FULL_MATRIX
EDGE_WEIGHT_SECTION
0 1065 1066 550 499 1072 386 983 1123 1009 562 867 598 1093 1058 601 495 923 818 960 819 647 899 934 473 609 1028 517 963 644 969 654 670 1049 1172 923 1085 1018 627 919 557 587 532 1099 1035 957 1052 978 251 534 542 1080 999 724 945 1157 1116 418 931 921 546 1059 1006 1040 1066 1090 568 1013 898 552 1064 486 1021 926 1009 903 926 1011 1108 913 678 386 1068 807 546 1135 1010 1003 738 862 993 644 1022 995 1005 928 1178 1035 1066 1099 893 1053 1014 682 635 613 1075 1112 962 992 966 985 905 753 486 595 1052 941 979 1013 900 1028 420 1008 1047 1208 585 503 529 636 561 576 933 1035 1026 1129 963 911 1098 975 916 1202 881 430 958 972 925 911 883 1120 953 1066 1046 492 1149 507 545 992 1058 956 580 1028 942 469 632 1003 881 944 1054 1061 1005 1063 1008 945 1008 1055 936 1048 1009 1138 1033 1085 957 845 488 1025 1067 437 1002
1065 0 29 528 566 143 679 82 93 72 509 207 480 59 70 464 573 180 261 122 273 440 173 131 594 513 43 620 126 436 239 433 402 42 124 153 35 50 443 147 517 497 533 96 33 110 13 128 874 531 524 93 87 373 248 130 197 684 161 216 520 20 177 176 30 28 504 84 183 539 125 586 185 182 56 192 172 62 45 151 401 702 69 275 566 119 137 110 341 218 166 420 162 75 136 167 138 43 37 35 205 132 60 452 489 473 188 119 102 73 133 131 200 319 579 472 22 130 137 71 164 73 652 137 40 247 480 562 536 482 520 490 138 30 254 99 101 160 63 91 206 146 201 639 160 95 150 154 275 123 134 84 116 579 93 558 519 141 95 132 485 96 122 622 434 62 194 121 124 86 72 145 67 176 65 21 138 114 61 85 84 21 135 232 593 161 53 628 67
1066 29 0 535 567 113 679 89 117 59 507 217 476 35 99 465 572 199 271 139 286 449 184 137 593 504 38 611 146 443 265 442 399 19 142 166 19 67 448 155 522 505 535 124 34 108 32 151 880 532 528 64 73 384 273 152 226 691 178 238 524 12 151 205 1 49 510 65 197 547 96 584 214 202 61 209 159 81 47 153 409 708 99 268 576 144 164 135 350 230 141 422 190 71 163 185 157 68 7 40 221 161 52 441 480 468 159 146 108 77 154 155 218 326 582 471 49 142 160 57 168 100 651 163 20 221 481 563 537 473 527 490 133 40 283 123 107 156 89 102 227 159 214 638 182 107 163 159 296 150 121 113 145 583 108 559 522 167 124 150 486 124 127 629 434 74 188 127 153 57 92 116 86 197 84 15 151 143 57 73 112 34 154 243 599 190 24 630 64
550 528 535 0 104 567 188 447 577 483 147 324 176 565 512 116 138 375 271 416 270 97 357 398 141 264 496 291 418 95 422 104 190 520 628 380 553 479 88 381 18 39 79 552 502 427 516 430 346 90 53 562 476 175 398 610 567 157 384 372 56 526 513 491 535 552 30 491 353 34 554 158 471 377 474 355 418 470 573 382 130 174 522 310 78 587 461 456 190 316 495 130 472 465 456 381 632 494 536 563 344 504 485 297 272 202 583 564 427 458 419 437 356 209 87 124 513 400 431 487 367 484 194 459 518 711 106 91 107 263 13 113 409 500 481 583 428 388 554 437 367 659 335 175 409 433 382 376 336 571 436 520 497 60 607 91 75 443 511 410 110 481 407 95 138 466 364 408 505 542 463 559 467 395 468 522 394 500 478 608 487 549 411 299 65 476 540 130 471
499 566 567 104 0 579 113 484 627 511 80 372 120 594 562 102 35 434 326 464 333 181 403 435 38 187 529 190 469 170 498 187 176 550 676 427 586 520 140 421 95 138 37 605 537 459 553 485 335 35 60 583 501 253 474 663 634 180 439 440 60 560 517 558 568 592 98 515 405 135 570 54 540 437 510 412 431 513 609 415 199 174 572 313 171 641 520 509 251 370 502 146 537 496 516 437 683 537 568 600 404 564 515 239 202 144 588 619 464 493 473 493 417 261 32 97 554 444 488 515 402 533 98 518 548 719 86 14 32 196 116 78 435 536 559 634 465 413 601 477 432 705 388 80 469 474 429 412 414 627 456 572 555 69 651 14 50 502 565 462 81 534 444 135 133 505 383 446 564 564 507 570 511 457 511 556 440 557 510 639 538 586 464 352 104 540 568 65 503
1072 143 113 567 579 0 688 167 224 112 510 279 474 95 212 479 578 286 329 227 351 493 252 199 600 480 125 587 238 483 369 487 404 105 234 241 116 166 479 218 552 543 551 236 131 160 142 249 907 546 550 52 108 440 373 254 339 724 263 330 545 123 72 317 112 158 539 93 271 585 19 586 323 290 147 289 150 181 140 201 452 736 212 266 620 251 271 239 398 296 80 443 300 135 269 270 252 176 106 140 301 273 121 410 455 460 45 257 177 153 248 256 302 371 599 482 161 218 260 107 216 208 652 270 108 145 495 578 548 450 562 502 166 142 393 229 175 183 199 182 317 240 285 642 278 188 239 213 385 261 133 226 257 608 202 574 539 270 237 239 499 233 189 662 448 165 203 191 266 57 191 10 186 292 183 124 228 255 131 123 221 142 245 304 630 300 90 644 133
386 679 679 188 113 688 0 597 740 623 178 485 216 706 675 215 110 545 438 577 444 281 516 549 88 252 642 202 582 274 605 288 284 663 789 540 699 633 249 535 188 228 148 718 649 571 666 597 248 149 163 694 613 357 581 776 744 157 551 550 166 673 624 668 680 705 196 627 517 206 679 105 650 548 623 524 540 626 722 528 306 128 685 422 225 754 632 622 361 482 609 259 648 608 628 549 796 650 680 713 516 676 628 319 275 235 694 732 577 606 586 606 529 373 107 208 667 557 600 627 515 646 52 630 661 826 199 119 143 272 201 189 547 649 665 747 578 525 714 590 542 818 501 50 581 588 542 525 519 740 567 685 667 129 765 123 162 614 678 574 194 647 557 153 245 618 495 559 676 675 621 679 624 568 624 669 553 669 622 751 651 699 576 464 145 651 680 58 616
983 82 89 447 484 167 597 0 154 55 429 128 401 122 97 383 492 119 182 60 198 360 96 50 513 438 52 544 72 355 207 353 322 78 197 79 107 37 361 66 436 417 451 142 55 36 69 87 793 449 443 134 62 295 208 193 223 603 97 163 439 79 166 174 90 107 423 74 110 459 148 505 173 124 27 125 117 38 126 71 321 621 105 200 487 175 120 86 261 141 148 339 151 32 116 104 208 58 92 116 137 140 47 381 416 395 206 163 21 14 83 96 136 238 497 390 71 55 98 60 83 73 571 118 75 299 399 480 455 409 439 409 67 52 241 161 20 85 124 15 150 223 126 558 113 21 76 72 218 170 81 113 123 497 169 476 438 113 115 73 404 93 41 541 353 22 120 39 135 116 41 164 39 125 38 75 64 123 37 161 86 102 79 154 512 152 100 546 34
1123 93 117 577 627 224 740 154 0 163 577 256 551 130 65 527 638 205 306 163 309 484 224 197 658 592 134 698 160 483 219 476 472 134 51 200 109 117 496 208 568 543 592 31 123 189 102 148 920 592 581 172 179 410 236 39 122 728 193 224 577 112 268 136 118 68 556 177 225 583 209 652 153 204 137 224 261 118 85 223 448 750 55 355 605 27 127 122 387 261 258 481 135 161 130 197 55 97 123 84 235 94 150 535 570 548 269 40 173 151 158 143 225 370 637 536 88 184 149 163 232 95 718 128 133 295 543 622 599 563 568 554 220 116 211 7 173 239 31 156 222 83 242 703 173 157 198 220 281 39 222 58 90 632 44 618 579 142 69 167 549 97 192 668 498 133 274 188 88 172 121 229 120 189 120 114 187 87 148 120 90 84 166 278 642 133 138 687 154
1009 72 59 483 511 112 623 55 163 0 449 174 418 84 123 408 515 174 227 115 246 400 144 92 536 445 30 552 126 393 260 394 341 41 196 130 78 63 395 111 470 455 479 161 41 56 62 139 828 476 473 83 15 340 262 202 256 640 151 218 469 57 118 217 60 100 457 21 161 497 93 526 220 178 39 178 101 75 106 102 360 655 127 209 528 189 167 133 302 189 102 367 198 23 164 159 210 80 58 98 190 179 14 382 421 409 152 184 66 41 137 148 190 277 526 414 77 107 150 5 117 109 593 166 39 247 425 508 480 414 476 433 76 49 290 170 64 98 133 70 205 216 176 580 167 76 128 110 273 190 63 140 161 530 164 503 466 163 146 127 429 133 82 578 377 57 129 82 172 64 84 110 79 180 77 53 117 160 21 129 123 88 133 200 547 198 58 574 21
562 509 507 147 80 510 178 429 577 449 0 328 40 532 513 62 68 395 289 417 303 186 356 381 91 117 470 159 423 170 472 190 108 490 625 380 527 466 132 369 131 166 73 557 479 400 496 441 413 63 96 518 439 242 450 615 598 258 396 409 92 502 446 522 508 536 125 452 362 182 501 77 506 399 453 373 363 461 552 358 187 254 523 245 225 594 480 465 225 329 431 107 500 437 475 395 633 484 507 542 367 522 455 160 128 64 515 574 408 437 429 451 381 226 109 48 500 394 446 453 347 484 144 478 488 648 55 86 51 120 155 42 374 479 534 584 409 352 550 423 398 652 347 132 430 421 382 358 392 582 392 525 512 140 598 82 73 462 519 416 47 489 389 208 83 450 320 391 521 499 456 501 459 420 459 498 391 513 451 578 491 529 419 311 174 503 506 142 444
867 207 217 324 372 279 485 128 256 174 328 0 306 250 191 274 385 71 54 93 72 233 33 82 404 364 180 463 97 230 174 226 229 205 305 56 235 157 240 63 313 291 337 233 184 119 194 114 669 337 325 257 173 167 160 291 272 478 68 105 321 207 251 199 218 229 301 188 34 333 262 400 185 77 156 52 159 147 251 79 195 497 201 152 359 269 153 138 135 19 230 227 175 152 148 68 311 170 220 241 52 195 172 323 347 308 310 248 110 141 102 123 65 115 381 284 190 77 118 179 65 161 465 151 203 420 288 366 345 337 315 300 116 179 231 262 111 105 231 116 89 336 23 449 104 112 58 65 132 255 151 200 184 377 283 362 323 135 193 89 295 162 92 417 246 145 112 92 194 238 139 274 144 98 144 203 70 186 163 289 166 227 92 26 389 178 227 431 158
598 480 476 176 120 474 216 401 551 418 40 306 0 500 488 69 107 376 272 393 290 197 333 354 129 92 440 162 400 179 460 199 79 458 597 357 496 438 141 343 159 188 109 533 449 370 467 419 453 99 127 484 407 241 438 589 579 297 375 394 123 471 408 504 477 507 150 419 341 210 466 113 489 380 424 354 329 434 521 330 189 294 497 211 254 569 459 442 217 310 395 102 481 406 454 375 606 457 476 512 349 501 425 123 96 26 478 550 380 407 407 429 363 213 149 56 471 369 424 421 319 459 178 457 457 610 72 125 90 87 182 63 343 450 521 558 381 321 523 396 382 624 327 169 410 394 358 331 383 558 359 500 489 177 570 121 106 441 495 393 67 465 361 245 74 422 288 364 499 465 430 465 432 401 432 467 367 491 421 546 466 500 397 292 211 484 474 182 414
1093 59 35 565 594 95 706 122 130 84 532 250 500 0 127 492 598 234 304 174 320 481 218 169 620 523 70 631 181 475 298 474 424 45 142 200 25 101 478 187 553 536 563 144 68 138 65 185 911 560 557 43 93 417 307 160 247 722 213 272 552 46 147 234 34 65 540 81 231 578 80 609 244 237 95 243 176 116 46 183 441 738 124 290 608 156 196 168 382 264 142 451 221 100 195 220 159 101 30 46 256 188 80 458 498 491 139 164 141 109 188 189 253 358 610 498 81 176 194 80 198 132 676 195 48 188 508 591 564 492 558 517 159 75 312 135 139 182 107 135 262 152 248 664 216 141 198 190 330 167 142 139 174 613 109 587 550 200 152 185 513 155 159 660 461 109 212 159 181 47 127 100 121 232 119 50 185 171 88 46 143 51 189 276 630 220 26 658 94
1058 70 99 512 562 212 675 97 65 123 513 191 488 127 0 462 573 142 241 98 245 419 159 135 593 532 96 637 95 418 176 412 409 108 115 135 102 64 431 145 503 479 527 45 86 134 70 85 856 527 515 163 138 347 189 101 133 664 129 167 512 88 239 107 100 66 491 141 160 519 194 588 117 142 88 160 212 59 95 162 383 686 10 295 541 81 75 60 322 196 225 416 95 113 76 133 121 44 106 88 171 62 109 477 511 485 257 66 114 99 94 82 162 305 572 472 51 119 88 125 170 30 653 75 106 312 478 556 534 502 503 489 165 76 185 72 114 182 44 96 162 146 177 638 113 96 133 157 225 73 174 17 47 567 97 553 514 85 25 102 484 36 131 604 434 77 216 127 54 155 59 214 59 129 60 88 123 45 104 140 26 77 101 213 577 94 123 622 108
601 464 465 116 102 479 215 383 527 408 62 274 69 492 462 0 111 338 231 365 243 128 304 334 131 161 427 220 371 110 412 131 80 448 576 328 484 418 72 320 98 121 72 506 435 356 451 387 430 68 76 482 399 180 389 564 541 257 341 350 71 458 419 465 465 490 87 413 307 148 469 127 448 342 408 317 330 412 507 313 125 261 472 214 193 542 424 411 164 273 402 47 443 394 420 340 583 436 465 498 310 467 413 182 164 93 489 521 362 392 375 396 323 167 120 14 453 344 391 412 300 433 191 422 446 620 16 100 72 154 119 27 332 434 474 534 363 310 501 375 340 604 292 176 374 373 330 311 331 529 354 473 458 135 550 96 61 406 466 363 21 436 342 199 31 404 281 344 467 462 407 470 410 363 410 454 340 460 408 537 439 484 366 255 163 446 466 166 401
495 573 572 138 35 578 110 492 638 515 68 385 107 598 573 111 0 449 342 476 352 209 415 444 22 160 535 156 482 196 519 214 175 555 686 439 592 528 163 431 127 170 63 617 543 465 560 499 348 56 90 585 505 277 496 675 651 206 452 459 89 566 514 575 573 600 128 518 418 169 569 20 558 453 517 428 431 523 616 422 222 195 583 313 206 653 535 523 271 384 499 158 553 502 531 451 694 546 573 607 420 578 521 218 178 128 584 633 471 500 487 507 434 277 64 102 563 454 502 519 409 544 80 533 553 716 97 48 42 173 150 85 439 543 580 645 472 417 611 485 450 714 403 65 484 483 441 421 436 640 459 584 569 103 660 47 75 517 578 474 90 547 452 166 140 513 386 454 578 566 517 569 520 473 520 562 451 571 516 644 550 593 477 366 137 557 572 78 509
923 180 199 375 434 286 545 119 205 174 395 71 376 234 142 338 449 0 108 60 105 280 59 95 467 436 168 533 53 280 108 272 299 193 256 51 213 132 297 82 367 339 398 178 167 131 170 57 716 399 383 252 179 205 100 236 203 523 22 47 380 187 276 128 200 195 355 193 39 379 267 465 114 6 142 22 198 118 222 112 245 547 152 220 400 213 87 83 185 66 256 291 105 151 82 15 259 137 204 212 30 130 166 394 418 378 324 189 110 133 49 62 20 173 440 349 160 69 56 179 105 117 528 85 190 417 352 426 408 409 365 365 144 159 162 211 112 144 186 104 31 288 49 512 35 98 52 96 99 197 177 147 123 431 239 423 384 69 137 49 359 108 103 464 312 126 164 100 131 235 108 283 113 26 115 184 59 125 156 265 116 198 45 84 439 109 215 490 153
818 261 271 271 326 329 438 182 306 227 289 54 272 304 241 231 342 108 0 144 31 180 87 135 360 340 234 432 146 177 189 173 198 259 356 109 289 211 191 117 262 238 290 281 238 171 248 160 616 291 276 310 224 114 170 340 310 424 114 122 273 261 295 234 272 282 250 240 81 279 312 358 217 111 210 86 199 201 305 128 142 445 251 157 305 317 194 185 81 45 274 184 212 205 190 111 361 224 274 295 79 238 225 307 325 278 357 295 163 195 149 168 92 65 333 242 244 130 162 232 113 212 421 192 256 471 245 319 301 315 262 258 163 233 251 312 165 148 283 170 110 387 64 405 143 166 111 116 124 302 197 249 229 326 336 316 276 176 241 139 252 211 145 364 206 199 144 145 238 290 192 323 197 132 198 257 123 231 216 343 216 281 140 28 336 215 281 383 211
960 122 139 416 464 227 577 60 163 115 417 93 393 174 98 365 476 60 144 0 152 324 61 55 496 442 107 545 13 321 149 317 314 133 213 37 154 73 333 54 406 383 430 141 107 81 111 35 760 429 418 192 122 253 149 199 195 569 39 103 414 128 224 132 140 140 394 135 64 424 208 491 126 64 82 70 158 60 165 81 287 589 108 211 448 177 77 50 226 100 204 319 107 93 72 46 218 81 144 155 83 112 106 392 422 392 267 157 56 74 26 47 79 207 474 374 103 28 45 120 83 69 556 75 130 357 380 459 437 414 407 392 102 99 190 169 57 110 139 46 90 243 81 541 54 40 35 70 159 165 129 108 98 469 191 455 416 64 102 12 387 72 58 508 337 65 139 53 109 175 50 225 55 65 56 124 26 99 96 207 74 141 19 116 481 109 155 524 94
819 273 286 270 333 351 444 198 309 246 303 72 290 320 245 243 352 105 31 152 0 175 102 154 368 362 250 451 152 175 170 167 218 275 360 120 303 223 194 135 262 234 297 283 252 191 261 162 611 299 280 329 245 101 149 341 301 419 117 107 278 275 321 224 287 292 251 261 89 274 334 369 206 107 225 86 226 211 317 151 141 442 255 188 296 318 191 187 82 56 300 196 204 224 186 112 363 233 290 307 75 234 243 333 348 297 382 294 180 211 151 167 86 77 337 255 255 144 161 251 136 218 430 189 273 492 256 325 310 338 260 269 187 247 232 315 182 174 289 184 99 392 72 413 140 179 123 138 97 302 222 252 227 327 342 322 283 173 242 145 263 213 164 359 220 212 173 163 235 309 202 346 207 126 208 271 135 230 233 357 219 292 144 47 334 207 298 387 229
647 440 449 97 181 493 281 360 484 400 186 233 197 481 419 128 209 280 180 324 175 0 267 312 220 288 411 345 325 19 325 7 169 435 534 289 467 390 56 294 93 60 146 457 416 344 428 336 437 152 122 482 395 77 301 516 470 245 290 275 121 440 446 394 450 462 85 411 260 100 478 229 374 281 388 260 348 380 485 299 40 267 429 253 128 493 365 361 99 224 426 104 375 381 361 287 538 403 451 475 249 408 401 297 287 218 514 469 340 372 326 342 261 123 175 142 424 310 336 405 283 391 279 363 433 637 131 170 168 277 86 144 329 412 384 490 342 310 462 349 270 566 243 260 314 345 291 290 239 476 360 426 402 157 515 168 134 347 416 318 139 387 321 185 129 378 291 322 409 461 372 485 377 300 377 435 303 404 393 521 393 460 318 208 160 379 457 223 387
899 173 184 357 403 252 516 96 224 144 356 33 333 218 159 304 415 59 87 61 102 267 0 52 434 386 148 487 67 263 167 260 254 173 273 24 202 124 273 34 346 325 368 202 151 91 161 87 702 368 357 227 144 200 158 260 249 511 46 103 353 174 230 178 185 195 334 160 23 366 234 430 167 65 123 47 144 114 218 58 228 531 169 163 392 238 128 109 168 46 209 258 154 122 123 49 279 137 188 208 55 168 140 340 367 333 285 218 78 109 75 97 63 148 413 313 157 43 93 149 48 129 495 126 171 391 319 398 376 358 348 330 94 146 220 231 80 89 199 83 86 303 33 480 84 78 26 42 143 226 129 169 156 409 251 394 355 111 163 60 325 133 63 450 275 112 105 61 167 208 106 247 110 83 111 170 37 158 131 256 135 194 64 59 422 157 196 463 126
934 131 137 398 435 199 549 50 197 92 381 82 354 169 135 334 444 95 135 55 154 312 52 0 464 397 99 501 68 306 199 305 275 124 243 45 156 84 312 19 386 368 402 181 104 39 118 90 744 400 393 175 92 249 194 236 248 554 74 142 389 128 182 187 138 156 373 107 72 410 182 457 181 101 76 93 105 79 175 27 272 572 144 161 439 216 131 102 213 98 161 290 162 70 127 81 252 102 140 166 104 164 90 343 375 350 234 200 29 61 80 102 107 189 448 342 119 29 100 97 35 107 523 130 122 339 350 431 406 367 390 360 50 102 243 204 31 55 169 42 126 271 85 509 105 40 43 23 190 208 81 149 148 448 217 427 389 119 147 64 355 119 10 492 304 70 85 11 160 156 76 195 78 111 77 124 37 149 81 210 117 152 71 108 463 164 146 497 76
473 594 593 141 38 600 88 513 658 536 91 404 129 620 593 131 22 467 360 496 368 220 434 464 0 178 556 162 501 208 534 225 197 576 706 458 613 549 177 451 133 176 74 636 564 485 581 517 326 70 98 607 526 290 511 694 669 191 471 475 98 587 536 592 594 620 136 540 437 170 591 26 575 471 538 446 453 543 637 442 236 177 603 334 203 672 554 542 287 403 521 177 571 523 549 469 713 566 594 627 438 597 542 238 198 150 606 652 492 521 506 526 451 294 58 122 583 474 521 540 430 563 62 552 575 738 115 51 59 193 154 104 460 564 596 665 493 438 631 506 467 735 421 45 503 504 460 441 450 659 480 603 587 98 681 52 87 536 597 493 109 566 472 156 160 534 408 474 596 587 537 591 540 491 540 583 470 589 537 665 569 614 496 385 130 574 594 59 530
609 513 504 264 187 480 252 438 592 445 117 364 92 523 532 161 160 436 340 442 362 288 386 397 178 0 470 108 452 270 529 290 144 485 635 408 523 476 232 389 247 279 190 577 480 405 500 472 499 178 212 500 432 327 509 631 635 366 431 461 208 501 410 563 504 541 240 442 398 298 476 153 550 441 458 415 347 475 551 370 278 355 541 238 342 612 514 492 298 372 400 189 539 438 509 432 646 496 502 542 412 554 454 73 26 71 476 597 419 443 460 483 426 287 219 148 508 416 479 447 362 503 203 512 484 607 163 197 164 30 271 153 375 483 590 600 420 354 563 436 447 659 387 203 468 436 410 375 458 604 383 546 541 253 605 193 190 497 543 445 157 514 401 321 162 460 319 405 551 483 473 471 474 462 473 497 416 542 452 569 513 531 449 355 288 542 498 237 445
1028 43 38 496 529 125 642 52 134 30 470 180 440 70 96 427 535 168 234 107 250 411 148 99 556 470 0 577 116 405 244 404 362 26 168 130 57 41 410 117 484 467 497 132 11 71 32 125 842 494 490 85 45 347 249 172 228 653 146 209 485 31 144 195 39 72 471 46 162 509 106 547 199 171 25 175 129 56 81 115 371 670 99 233 538 159 147 114 312 193 130 384 176 34 145 153 181 54 40 72 188 154 17 409 447 433 168 155 70 39 126 132 186 288 544 434 48 107 136 30 129 85 614 146 23 249 443 526 499 440 489 452 97 20 269 141 69 119 103 66 197 189 178 601 155 71 128 121 266 160 90 112 137 545 136 522 484 145 120 119 448 110 89 591 396 42 152 89 146 69 66 125 61 169 59 27 116 135 19 111 99 61 124 206 561 176 49 592 26
517 620 611 291 190 587 202 544 698 552 159 463 162 631 637 220 156 533 432 545 451 345 487 501 162 108 577 0 554 329 621 349 235 593 741 510 630 582 291 493 278 318 212 682 587 511 607 574 442 202 239 608 539 400 600 737 735 346 531 554 237 608 517 662 612 648 276 550 497 323 583 138 647 538 565 512 455 580 658 475 346 325 646 345 361 717 615 595 379 468 507 261 638 545 610 531 752 602 610 650 508 655 561 177 133 155 581 701 525 549 562 584 522 374 218 206 614 519 580 555 467 608 150 613 592 711 215 204 185 138 302 201 481 590 682 705 525 460 668 542 542 766 484 160 567 541 511 479 545 708 490 650 643 258 712 202 219 597 646 546 206 617 506 317 234 566 426 510 653 590 577 578 579 559 578 604 519 644 559 677 617 638 551 451 291 641 605 213 552
963 126 146 418 469 238 582 72 160 126 423 97 400 181 95 371 482 53 146 13 152 325 67 68 501 452 116 554 0 323 136 318 322 141 210 44 160 79 336 66 408 384 434 136 114 94 117 22 762 434 421 201 134 253 137 194 185 569 35 93 418 134 236 119 147 142 397 146 65 424 219 497 113 56 91 67 172 65 169 93 288 591 105 222 448 172 65 41 228 101 217 324 95 104 60 41 215 84 151 159 79 102 117 403 432 400 278 151 69 85 13 34 73 211 478 380 106 40 32 131 95 66 561 63 138 365 385 463 442 423 408 397 116 106 176 166 70 124 137 57 81 241 83 546 42 51 42 82 150 158 143 103 89 472 190 459 420 51 96 8 392 65 71 509 342 74 152 67 100 185 54 236 60 54 62 131 36 91 107 211 69 145 8 119 483 97 163 528 105
644 436 443 95 170 483 274 355 483 393 170 230 179 475 418 110 196 280 177 321 175 19 263 306 208 270 405 329 323 0 331 20 151 429 533 286 462 386 38 289 88 62 134 457 410 338 423 335 439 140 112 474 388 84 307 515 473 248 289 278 110 434 435 397 444 458 78 403 258 104 470 216 378 282 382 260 337 377 480 292 35 268 428 239 136 493 366 361 96 222 415 85 378 374 362 286 537 400 446 470 250 409 394 279 269 199 503 469 335 367 325 342 261 117 167 125 420 306 336 398 277 389 268 364 427 628 114 160 155 258 85 128 321 407 391 489 337 301 460 344 272 564 241 250 315 341 288 284 245 476 351 425 402 152 513 157 121 348 416 316 122 386 316 187 110 373 281 317 410 454 369 476 373 301 374 430 300 405 387 516 392 456 317 205 159 381 450 216 381
969 239 265 422 498 369 605 207 219 260 472 174 460 298 176 412 519 108 189 149 170 325 167 199 534 529 244 621 136 331 0 318 387 266 265 157 274 203 358 189 418 383 461 188 239 230 234 120 746 464 442 327 269 248 25 235 153 556 126 69 440 253 373 87 266 242 409 280 146 418 350 537 67 102 222 123 304 188 271 219 300 585 182 326 428 213 102 130 248 161 353 365 84 239 103 120 260 197 272 263 121 125 249 493 513 466 411 187 205 219 124 113 109 247 498 425 217 170 109 264 213 166 596 102 263 485 424 489 477 503 410 438 248 229 62 222 207 251 215 193 85 297 150 578 95 188 158 204 87 192 278 170 132 482 262 486 448 99 156 138 432 143 204 501 390 204 272 200 131 313 178 368 183 88 186 251 162 135 239 316 155 251 131 175 482 87 287 547 239
654 433 442 104 187 487 288 353 476 394 190 226 199 474 412 131 214 272 173 317 167 7 260 305 225 290 404 349 318 20 318 0 168 429 527 282 460 383 59 287 100 67 152 450 409 338 421 329 444 158 128 475 389 70 294 509 462 252 283 267 127 433 440 386 443 455 92 404 253 107 472 234 367 274 381 253 342 373 478 292 34 274 422 248 134 485 358 354 92 217 420 104 368 374 353 280 531 396 445 468 242 400 394 297 289 219 508 461 334 365 318 335 253 117 182 145 417 303 329 398 277 384 285 356 426 631 134 176 173 278 93 148 323 405 377 482 335 303 455 342 263 559 235 266 307 338 284 284 232 469 353 419 395 164 508 174 139 340 409 311 142 380 315 192 129 371 286 315 402 455 365 479 370 292 370 429 296 397 386 515 386 453 311 201 167 372 450 230 380
670 402 399 190 176 404 284 322 472 341 108 229 79 424 409 80 175 299 198 314 218 169 254 275 197 144 362 235 322 151 387 168 0 382 519 278 419 359 120 264 173 186 151 454 371 292 389 341 509 144 156 410 331 190 367 510 501 336 297 320 151 394 342 427 400 429 160 344 263 220 395 185 412 303 346 277 256 355 444 251 146 341 418 138 263 490 381 363 155 233 326 67 404 329 376 297 527 378 399 434 273 423 347 131 133 80 412 471 302 329 329 351 287 144 198 80 393 290 346 345 240 379 252 379 380 544 95 176 144 122 191 99 266 372 448 479 302 244 444 317 307 545 250 240 333 315 279 252 314 479 284 421 411 214 491 172 141 363 416 314 97 386 282 278 52 344 212 285 421 391 351 395 353 324 353 390 288 412 343 470 387 422 318 216 243 407 398 241 336
1049 42 19 520 550 105 663 78 134 41 490 205 458 45 108 448 555 193 259 133 275 435 173 124 576 485 26 593 141 429 266 429 382 0 160 156 38 64 433 142 508 491 518 138 27 93 38 149 866 516 512 61 53 373 273 170 238 677 172 234 508 22 135 212 19 66 495 46 188 533 87 567 218 197 51 201 139 79 66 138 396 693 109 250 563 160 167 136 337 219 124 406 195 55 165 178 175 71 17 59 214 168 35 422 461 450 150 160 96 64 150 155 211 313 565 454 57 133 159 38 153 103 633 166 3 224 464 547 520 455 513 473 116 37 288 140 94 138 104 92 222 178 204 621 179 97 154 145 291 165 102 123 152 568 127 543 505 167 133 144 469 128 114 615 417 67 170 114 161 48 90 107 84 194 82 21 142 150 43 89 116 51 149 232 585 195 23 614 49
1172 124 142 628 676 234 789 197 51 196 625 305 597 142 115 576 686 256 356 213 360 534 273 243 706 635 168 741 210 533 265 527 519 160 0 249 127 160 546 255 618 594 641 80 157 230 136 199 971 641 630 184 211 461 284 34 147 779 244 275 627 140 288 180 142 96 606 206 275 634 222 700 198 255 177 275 297 164 98 267 498 801 105 397 655 52 178 173 437 311 281 530 183 199 180 248 18 141 146 102 286 141 185 575 612 593 277 79 217 192 209 194 276 420 686 584 127 232 200 195 278 144 766 179 160 279 591 671 648 605 618 602 261 152 250 46 217 281 75 202 272 33 293 751 224 203 247 266 331 74 258 109 140 682 34 667 628 192 120 217 597 148 237 719 546 176 316 234 136 189 169 241 166 240 166 143 236 136 185 115 141 109 217 328 692 180 158 736 191
923 153 166 380 427 241 540 79 200 130 380 56 357 200 135 328 439 51 109 37 120 289 24 45 458 408 130 510 44 286 157 282 278 156 249 0 182 103 297 32 370 347 392 178 132 83 141 64 725 392 381 212 133 220 151 236 227 533 31 98 377 155 226 158 167 173 357 148 32 388 223 454 149 57 105 48 148 92 197 62 251 553 145 181 414 214 106 85 190 65 206 282 134 108 101 37 255 115 170 187 60 145 125 361 389 356 277 194 64 92 52 75 62 171 437 337 135 24 71 136 57 105 519 104 153 377 343 422 400 380 371 354 94 127 206 207 66 94 175 65 81 279 48 504 67 59 2 47 146 201 126 145 133 433 227 418 379 90 139 36 349 108 54 472 300 92 117 51 143 194 83 237 88 70 89 151 15 134 116 236 111 173 41 81 445 136 179 487 111
1085 35 19 553 586 116 699 107 109 78 527 235 496 25 102 484 592 213 289 154 303 467 202 156 613 523 57 630 160 462 274 460 419 38 127 182 0 81 467 173 541 524 554 120 51 128 43 163 899 551 547 64 91 402 283 141 223 709 193 250 543 27 162 209 19 42 528 82 214 566 100 604 219 216 79 224 177 95 30 173 428 727 100 287 594 136 172 145 368 247 154 442 196 90 171 200 143 78 21 26 237 164 71 459 499 488 161 141 127 95 167 166 233 345 601 491 57 159 171 75 187 108 670 171 39 212 500 583 556 492 546 509 153 56 287 114 125 175 83 119 240 142 231 657 194 124 180 178 309 144 140 114 149 602 94 579 541 176 127 165 505 131 146 648 453 91 207 145 156 63 106 120 100 210 98 32 168 147 77 54 119 26 168 261 618 195 31 649 83
1018 50 67 479 520 166 633 37 117 63 466 157 438 101 64 418 528 132 211 73 223 390 124 84 549 476 41 582 79 386 203 383 359 64 160 103 81 0 394 99 468 448 486 107 36 72 38 85 825 485 477 124 76 323 209 156 195 634 112 171 473 55 181 155 68 72 456 83 133 490 147 541 159 135 25 143 148 15 94 108 352 653 70 238 516 139 106 73 291 168 165 374 136 50 103 118 170 21 72 84 156 116 50 418 453 433 209 129 57 35 87 91 151 270 532 426 34 80 95 66 119 46 608 105 61 287 434 515 491 446 471 444 103 27 228 124 57 122 87 43 160 187 151 594 116 46 100 108 229 135 110 80 99 531 132 511 473 104 85 83 440 70 77 573 388 16 157 74 109 110 26 166 20 131 18 52 88 97 42 134 60 70 87 183 544 136 85 581 45
627 443 448 88 140 479 249 361 496 395 132 240 141 478 431 72 163 297 191 333 194 56 273 312 177 232 410 291 336 38 358 59 120 433 546 297 467 394 0 296 75 69 104 472 416 340 430 351 433 107 86 474 388 114 334 530 495 245 304 300 83 440 426 419 449 467 62 403 271 109 466 182 400 300 388 276 330 386 487 295 59 260 441 224 149 508 384 376 112 235 408 53 398 378 379 301 551 410 450 477 267 427 398 244 232 162 496 485 341 372 339 358 280 126 143 86 429 315 352 400 280 402 238 382 431 623 76 131 121 222 83 90 321 414 419 502 342 300 472 352 293 576 254 220 332 348 299 289 273 493 348 439 419 136 524 129 90 366 431 329 85 401 321 183 74 381 276 322 428 454 379 471 383 320 383 436 310 422 391 521 406 463 330 218 152 402 453 193 385
919 147 155 381 421 218 535 66 208 111 369 63 343 187 145 320 431 82 117 54 135 294 34 19 451 389 117 493 66 289 189 287 264 142 255 32 173 99 296 0 370 351 388 189 122 57 134 88 727 386 378 194 110 230 182 246 250 537 63 129 374 146 197 185 156 171 357 126 55 393 200 445 177 89 94 77 116 92 192 30 255 555 154 157 421 225 131 104 195 79 177 275 160 89 126 69 263 115 158 182 87 166 108 338 369 341 251 208 47 78 77 100 92 172 433 329 133 27 97 116 29 115 510 129 140 357 336 417 393 360 373 347 63 118 237 215 48 62 181 56 113 284 67 496 97 53 31 16 175 215 96 157 152 432 230 413 374 116 154 60 342 124 29 475 291 85 87 29 163 174 87 213 89 101 90 141 30 153 100 227 124 168 66 90 446 163 164 483 94
557 517 522 18 95 552 188 436 568 470 131 313 159 553 503 98 127 367 262 406 262 93 346 386 133 247 484 278 408 88 418 100 173 508 618 370 541 468 75 370 0 43 66 543 490 415 504 422 358 76 39 548 463 170 394 602 561 172 375 366 41 514 498 485 523 541 13 478 343 52 540 148 466 369 463 346 403 460 561 369 122 186 513 294 96 579 453 447 181 307 480 113 466 452 449 372 623 483 524 552 336 496 472 279 255 185 568 556 415 446 411 429 349 199 83 106 502 389 423 474 355 474 189 451 505 696 88 82 93 246 24 95 395 488 478 574 417 374 545 426 360 649 326 170 402 422 372 364 332 563 422 511 489 64 597 82 59 435 502 401 92 472 395 110 120 455 350 397 497 528 453 544 456 388 457 510 383 492 465 595 478 537 402 290 77 469 528 130 459
587 497 505 39 138 543 228 417 543 455 166 291 188 536 479 121 170 339 238 383 234 60 325 368 176 279 467 318 384 62 383 67 186 491 594 347 524 448 69 351 43 0 107 517 472 399 485 396 378 117 80 535 449 137 359 575 529 186 350 334 81 496 493 453 506 520 42 464 319 42 530 190 434 341 444 320 396 439 542 353 96 207 489 293 80 552 425 421 157 283 474 120 435 436 421 346 598 462 507 532 309 468 456 303 284 213 562 528 397 429 385 402 320 179 125 133 482 368 396 460 339 450 232 423 489 688 116 125 134 274 27 127 382 469 442 549 399 362 521 406 330 625 302 212 374 402 349 346 297 536 411 486 462 100 574 124 99 407 476 377 122 447 378 125 136 435 341 379 469 515 431 536 435 359 436 492 361 464 449 578 453 518 377 267 100 439 512 169 443
532 533 535 79 37 551 148 451 592 479 73 337 109 563 527 72 63 398 290 430 297 146 368 402 74 190 497 212 434 134 461 152 151 518 641 392 554 486 104 388 66 107 0 570 504 426 520 449 358 11 27 553 470 216 438 628 598 190 403 404 26 528 491 521 535 558 65 484 369 113 541 84 503 401 477 376 402 479 577 382 162 191 537 286 154 606 484 474 215 334 475 112 500 464 480 401 648 503 536 567 368 528 483 232 201 135 562 584 430 461 438 458 381 225 48 71 521 409 452 483 368 498 135 483 516 693 56 29 28 193 89 53 403 503 522 599 432 381 567 443 396 671 353 117 433 441 394 379 377 592 426 537 519 68 617 25 14 466 530 426 54 499 410 136 103 472 353 412 528 533 473 543 476 421 477 524 405 521 477 607 503 553 428 316 101 504 537 95 471
1099 96 124 552 605 236 718 142 31 161 557 233 533 144 45 506 617 178 281 141 283 457 202 181 636 577 132 682 136 457 188 450 454 138 80 178 120 107 472 189 543 517 570 0 121 178 102 122 894 569 557 185 177 383 206 59 103 701 168 195 553 116 273 106 125 79 531 178 200 557 219 631 123 177 130 197 255 104 102 207 422 724 37 341 577 36 98 96 362 236 261 459 105 155 101 171 81 86 131 98 208 63 148 522 556 530 281 23 159 142 133 116 197 346 613 515 85 164 122 162 215 74 697 99 136 319 521 599 577 548 542 532 209 112 182 34 159 227 37 142 193 113 218 681 145 141 176 203 251 29 216 33 60 607 74 595 556 113 41 143 527 71 176 642 477 121 261 173 58 181 105 240 104 161 105 117 166 57 144 142 67 94 141 254 616 102 147 663 149
1035 33 34 502 537 131 649 55 123 41 479 184 449 68 86 435 543 167 238 107 252 416 151 104 564 480 11 587 114 410 239 409 371 27 157 132 51 36 416 122 490 472 504 121 0 79 21 122 848 502 496 88 56 351 245 161 218 658 146 207 492 24 153 187 34 61 477 56 164 514 112 555 192 170 28 176 140 51 73 122 376 676 89 243 542 148 140 109 317 196 140 392 169 43 138 152 170 45 38 64 188 145 28 419 457 442 175 144 75 44 123 127 185 294 551 442 37 109 132 41 136 78 622 139 24 251 451 533 507 450 494 460 106 11 262 129 74 128 92 68 196 179 180 609 152 73 130 127 265 149 101 102 128 552 125 529 491 140 110 118 456 102 95 597 404 41 162 94 137 74 62 132 56 167 54 20 118 126 28 106 91 51 122 210 567 169 49 599 35
957 110 108 427 459 160 571 36 189 56 400 119 370 138 134 356 465 131 171 81 191 344 91 39 485 405 71 511 94 338 230 338 292 93 230 83 128 72 340 57 415 399 426 178 79 0 97 113 773 424 419 139 53 284 228 228 258 584 109 178 415 102 145 206 109 137 402 69 111 441 143 477 203 137 54 131 82 75 151 46 304 601 141 166 472 211 150 117 246 136 125 314 182 37 146 116 242 93 110 142 142 175 57 346 382 364 195 200 25 38 107 124 145 221 473 363 103 62 124 61 61 109 543 149 91 301 372 455 429 374 420 382 31 80 269 196 24 51 159 42 163 255 124 530 135 46 81 55 228 206 49 149 158 475 201 451 413 141 151 92 378 128 29 522 326 57 85 32 170 119 77 156 76 144 74 98 72 158 51 181 122 129 99 145 492 184 113 522 45
1052 13 32 516 553 142 666 69 102 62 496 194 467 65 70 451 560 170 248 111 261 428 161 118 581 500 32 607 117 423 234 421 389 38 136 141 43 38 430 134 504 485 520 102 21 97 0 120 862 518 511 95 77 361 242 140 201 671 150 207 507 20 171 175 33 41 491 76 172 527 124 573 183 173 43 181 161 52 57 138 389 690 72 262 554 127 132 104 329 206 159 407 159 63 131 157 149 36 38 47 194 131 49 439 477 460 187 125 89 60 124 124 189 307 566 458 19 118 129 62 151 68 639 132 35 253 467 549 523 470 507 477 126 17 252 109 88 147 71 79 197 159 189 626 151 83 139 141 266 130 122 86 115 566 105 545 507 135 95 121 472 92 109 610 421 50 181 108 124 85 63 144 57 167 55 18 126 113 49 96 80 33 125 220 581 159 54 615 55
978 128 151 430 485 249 597 87 148 139 441 114 419 185 85 387 499 57 160 35 162 336 87 90 517 472 125 574 22 335 120 329 341 149 199 64 163 85 351 88 422 396 449 122 122 113 120 0 773 450 436 210 148 262 124 180 163 580 47 87 433 139 253 97 152 140 410 160 80 435 230 514 91 58 102 76 193 70 168 115 301 603 94 244 457 157 43 25 240 115 234 341 73 119 38 49 202 85 157 159 87 82 129 424 453 420 291 135 88 99 12 12 78 225 493 398 107 62 11 144 117 60 578 41 146 372 402 479 459 444 420 414 137 112 156 154 89 145 129 74 79 231 97 563 31 68 63 104 146 142 162 90 70 486 182 475 436 29 81 28 409 51 92 520 360 84 174 88 80 195 59 248 65 47 67 136 58 72 119 212 58 145 23 133 495 75 170 543 118
251 874 880 346 335 907 248 793 920 828 413 669 453 911 856 430 348 716 616 760 611 437 702 744 326 499 842 442 762 439 746 444 509 866 971 725 899 825 433 727 358 378 358 894 848 773 862 773 0 364 358 906 821 511 722 952 898 192 727 706 362 872 849 823 881 897 371 836 697 337 896 348 803 717 820 697 758 816 919 727 474 172 866 643 319 929 800 798 535 661 832 464 807 810 796 723 974 839 882 909 686 842 830 564 521 476 919 904 773 804 762 778 697 555 311 429 859 745 772 832 713 828 298 798 863 1050 414 333 367 518 354 410 753 846 800 926 774 732 899 783 704 1002 679 297 750 779 727 722 661 912 779 863 837 299 952 337 369 783 853 754 412 824 753 253 461 812 706 754 844 886 808 899 812 735 813 868 739 840 823 953 830 895 755 644 281 811 886 271 817
534 531 532 90 35 546 149 449 592 476 63 337 99 560 527 68 56 399 291 429 299 152 368 400 70 178 494 202 434 140 464 158 144 516 641 392 551 485 107 386 76 117 11 569 502 424 518 450 364 0 38 549 467 221 441 628 599 199 403 406 35 525 486 523 533 557 74 481 370 124 536 76 505 402 475 377 397 478 574 380 166 198 537 281 165 606 485 474 217 335 470 111 502 461 481 401 647 502 533 565 369 528 481 221 190 125 556 584 428 458 438 458 382 226 54 65 519 409 452 480 366 497 131 483 514 687 52 32 17 182 100 46 400 501 526 598 430 378 566 442 397 670 353 114 434 439 394 377 381 592 422 537 519 78 616 28 19 467 530 426 48 499 408 146 99 470 349 411 528 530 472 538 475 422 476 521 404 522 475 604 503 551 428 317 112 505 534 98 468
542 524 528 53 60 550 163 443 581 473 96 325 127 557 515 76 90 383 276 418 280 122 357 393 98 212 490 239 421 112 442 128 156 512 630 381 547 477 86 378 39 80 27 557 496 419 511 436 358 38 0 549 465 195 418 615 581 180 389 386 5 520 492 504 528 549 39 480 356 87 539 110 486 386 469 362 400 469 568 374 142 187 525 287 129 593 470 461 198 321 475 107 484 457 465 387 636 493 529 559 353 513 477 250 222 154 562 571 422 453 425 444 366 211 57 80 511 399 438 477 360 486 157 468 510 692 63 48 55 214 62 65 398 495 502 587 423 376 556 434 379 660 339 138 418 431 383 370 357 578 422 524 505 59 607 46 22 452 516 414 64 486 402 122 105 463 349 404 513 529 463 541 466 406 467 516 394 507 470 600 491 545 416 303 87 488 531 107 464
1080 93 64 562 583 52 694 134 172 83 518 257 484 43 163 482 585 252 310 192 329 482 227 175 607 500 85 608 201 474 327 475 410 61 184 212 64 124 474 194 548 535 553 185 88 139 95 210 906 549 549 0 86 423 333 203 288 719 230 294 545 75 108 269 63 106 535 71 244 577 38 595 277 256 110 259 155 140 89 183 441 733 162 273 609 199 227 196 384 273 107 442 254 105 225 237 201 130 57 88 271 225 87 433 475 473 97 206 149 120 211 215 270 358 601 487 113 189 220 78 199 163 661 226 64 165 498 581 552 470 555 506 153 98 347 177 147 174 148 149 282 192 259 650 240 155 210 193 351 209 127 177 209 607 151 577 541 228 188 204 502 187 165 657 450 127 200 166 217 20 150 57 145 255 142 77 198 207 97 77 175 91 209 283 626 253 41 648 101
999 87 73 476 501 108 613 62 179 15 439 173 407 93 138 399 505 179 224 122 245 395 144 92 526 432 45 539 134 388 269 389 331 53 211 133 91 76 388 110 463 449 470 177 56 53 77 148 821 467 465 86 0 337 270 217 270 633 156 224 461 71 106 230 73 115 450 16 163 491 90 516 232 184 52 181 86 88 120 97 355 648 142 197 523 204 178 144 298 189 89 359 209 30 175 163 225 94 71 112 193 192 29 368 408 398 145 199 69 50 145 157 194 272 518 405 92 110 160 16 112 122 582 177 53 247 415 499 471 401 469 424 67 64 301 185 67 89 148 76 210 231 177 570 175 82 131 108 277 205 49 154 175 522 178 494 457 173 161 134 420 146 81 571 368 68 119 83 185 66 96 104 91 187 89 68 121 174 34 139 136 102 140 199 540 210 68 565 32
724 373 384 175 253 440 357 295 410 340 242 167 241 417 347 180 277 205 114 253 101 77 200 249 290 327 347 400 253 84 248 70 190 373 461 220 402 323 114 230 170 137 216 383 351 284 361 262 511 221 195 423 337 0 224 441 392 318 218 197 193 374 401 316 385 393 161 353 190 174 424 296 297 206 323 187 302 312 417 240 55 343 356 227 195 418 289 288 48 155 380 140 298 319 285 214 464 334 388 407 175 332 339 320 321 257 466 393 277 308 252 268 186 77 250 194 355 243 261 345 225 319 351 287 370 583 188 243 235 310 163 202 274 346 308 416 279 257 390 283 194 493 172 333 239 278 222 230 162 401 307 352 327 234 443 240 203 272 342 246 196 313 259 260 167 311 245 259 333 403 303 433 308 224 309 370 235 329 330 456 320 393 246 141 237 302 394 299 325
