NAME : X-n110-k13_SARP
COMMENT : Curated from VRPLIB to SARP
TYPE : SARP
DIMENSION : 109
EDGE_WEIGHT_TYPE : EXPLICIT
EDGE_WEIGHT_FORMAT : FULL_MATRIX
EDGE_WEIGHT_SECTION
0 557 374 318 654 335 413 394 232 385 360 382 136 336 461 202 362 580 547 598 382 381 546 217 429 559 248 237 502 607 187 371 370 390 425 330 430 557 554 515 459 204 486 286 456 527 642 345 294 272 168 318 159 304 234 492 491 344 81 176 387 290 406 498 242 417 58 358 413 452 300 465 277 499 442 526 247 531 672 246 425 287 420 525 518 130 449 420 252 334 491 455 193 439 465 275 457 281 434 57 313 226 511 333 482 442 414 507 455
557 0 872 241 843 366 956 827 573 908 340 652 614 398 343 394 746 33 88 1152 655 934 150 340 150 784 309 756 359 77 652 735 755 637 982 279 349 665 1108 859 349 483 1043 792 856 759 1199 387 830 617 622 433 507 360 761 1035 679 882 601 498 386 437 962 967 612 974 607 900 210 991 689 879 542 1051 125 776 778 36 1229 670 309 554 593 578 931 579 964 272 315 405 872 823 578 185 160 643 1010 791 533 606 772 420 1044 826 226 462 375 652 1011
374 872 0 638 951 708 406 124 312 68 571 700 446 517 835 573 620 901 885 466 699 192 811 551 726 423 582 137 876 936 469 640 626 716 271 693 804 897 316 754 639 393 300 448 667 827 416 719 116 284 251 689 525 677 144 205 431 108 399 375 559 463 319 618 562 295 316 384 682 160 581 660 628 409 748 385 384 840 451 210 796 358 428 882 203 466 505 652 605 511 708 693 528 794 816 256 375 93 793 363 525 600 494 487 723 552 788 844 270
318 241 638 0 736 241 724 605 353 671 192 495 391 230 308 187 559 266 248 915 498 693 243 101 115 621 72 517 346 298 435 554 568 487 742 145 291 577 867 693 268 260 803 570 670 628 958 267 590 401 387 292 296 213 522 795 520 642 369 269 250 244 724 761 416 735 366 668 132 751 496 689 369 815 124 603 549 213 989 443 257 350 429 503 717 358 743 185 102 236 693 646 373 180 192 426 774 554 429 369 563 231 816 609 213 339 301 546 770
654 843 951 736 0 500 656 1019 883 925 905 272 528 916 502 574 332 839 767 828 272 834 944 689 823 1213 693 830 496 829 490 311 328 268 808 601 495 181 932 233 998 831 852 515 323 127 962 474 837 925 819 444 513 523 816 950 1139 867 586 811 956 893 743 461 413 777 689 632 866 935 372 346 394 752 811 1180 574 845 972 894 535 932 1060 271 1139 524 569 919 641 918 291 278 461 660 683 929 738 870 313 626 433 520 661 490 945 1037 468 192 843
335 366 708 241 500 0 650 717 496 718 425 285 313 450 127 140 387 372 309 856 289 696 448 224 324 811 215 572 168 377 333 373 394 271 721 101 96 336 858 493 509 415 782 469 494 401 935 26 625 547 481 67 200 35 568 814 719 674 330 407 481 444 683 616 265 704 392 597 368 778 335 519 182 755 313 787 476 360 960 556 98 521 629 264 840 278 634 425 161 454 507 458 248 184 213 563 718 615 189 356 429 109 724 493 446 568 82 308 755
413 956 406 724 656 650 0 520 562 350 766 480 345 732 765 565 350 975 930 207 476 224 959 624 838 806 653 357 797 995 318 375 349 502 166 695 735 673 276 426 861 587 198 185 333 553 314 646 304 570 461 598 459 635 339 313 784 298 356 558 784 680 99 230 395 133 381 56 827 315 354 314 487 108 848 767 178 933 330 495 748 627 745 698 607 381 105 832 641 729 370 378 403 809 838 553 83 371 630 358 252 554 102 180 895 819 707 622 195
394 827 124 605 1019 717 520 0 255 192 504 756 495 447 839 577 694 858 852 590 755 315 748 531 678 299 559 191 882 896 529 712 700 769 395 684 810 945 436 837 558 346 424 535 754 892 535 731 217 212 236 709 553 683 208 323 313 227 441 337 482 397 438 722 614 417 343 492 625 280 647 751 667 532 703 261 470 793 570 165 796 282 323 918 125 508 615 585 592 440 795 775 573 774 793 184 496 158 827 401 607 613 613 579 655 459 799 893 394
232 573 312 353 883 496 562 255 0 362 259 611 367 205 611 360 593 603 598 704 611 432 500 288 423 330 313 230 653 641 416 603 601 617 503 447 584 774 599 746 331 93 555 489 682 757 699 515 310 51 101 505 375 462 245 502 259 355 309 91 250 151 516 702 473 511 214 514 373 456 531 688 497 619 448 300 434 539 733 103 564 65 193 730 364 362 628 340 353 199 718 685 423 526 543 73 576 249 639 273 534 406 664 538 410 262 578 727 521
385 908 68 671 925 718 350 192 362 0 619 683 437 567 846 587 592 936 915 398 681 129 856 579 764 491 610 154 886 969 454 614 597 700 206 713 814 883 249 719 692 436 232 413 630 803 350 727 95 339 288 693 527 689 153 142 498 58 397 415 612 512 258 569 549 232 327 333 724 96 559 620 622 344 784 453 351 877 385 261 810 413 492 874 258 462 452 699 628 561 670 660 520 818 841 312 312 118 788 364 493 609 433 448 770 611 796 829 203
360 340 571 192 905 425 766 504 259 619 0 648 477 59 500 332 684 373 389 934 650 676 244 216 196 448 213 478 538 415 528 684 693 644 741 335 483 756 848 830 101 188 797 645 790 790 947 450 558 293 337 467 417 394 489 757 344 607 434 215 58 108 740 854 541 742 384 712 130 711 617 805 519 840 224 437 606 304 980 362 449 223 255 688 598 453 809 81 267 66 819 776 491 361 366 322 797 503 609 417 661 385 866 690 152 147 491 721 763
382 652 700 495 272 285 480 756 611 683 648 0 261 653 350 317 137 657 591 680 4 612 725 433 597 941 442 572 367 659 231 113 141 23 604 379 327 202 739 208 745 560 658 303 224 147 792 265 591 653 548 219 242 296 560 733 867 627 318 539 696 626 547 366 143 577 420 439 628 710 130 251 129 587 591 908 347 645 809 625 358 660 788 219 879 253 425 673 395 654 228 179 189 468 496 658 561 614 164 358 228 267 523 300 708 773 296 148 640
136 614 446 391 528 313 345 495 367 437 477 261 0 462 435 220 226 632 585 548 260 391 632 294 506 691 320 313 471 650 52 236 234 274 409 349 404 452 547 379 578 338 470 180 321 401 622 313 342 404 292 270 115 293 302 512 627 385 59 311 512 421 370 378 119 391 161 290 507 481 164 332 185 446 513 656 168 593 647 367 411 424 556 437 618 36 352 528 299 461 355 318 83 464 492 404 408 356 350 98 184 211 430 219 582 573 380 400 444
336 398 517 230 916 450 732 447 205 567 59 653 462 0 536 343 677 431 443 893 654 630 302 230 252 396 235 430 575 472 514 680 686 651 697 367 516 775 800 826 130 146 752 622 780 797 900 475 510 237 290 485 415 417 442 707 292 558 415 175 52 56 701 834 537 700 353 679 188 660 611 793 525 802 280 382 579 362 933 308 485 165 202 711 539 441 781 139 289 7 812 770 486 407 414 265 759 453 628 392 645 397 833 669 208 121 521 737 718
461 343 835 308 502 127 765 839 611 846 500 350 435 536 0 263 472 337 264 972 354 822 460 327 355 915 309 698 42 327 450 454 479 330 844 170 32 323 982 552 570 525 905 581 572 429 1056 122 752 662 604 168 325 157 695 941 818 801 456 520 558 540 804 706 372 826 519 713 415 905 431 599 281 871 335 893 595 349 1080 677 51 629 727 235 961 401 740 482 260 541 578 529 364 168 186 680 836 742 202 483 532 237 833 600 484 647 58 315 879
202 394 573 187 574 140 565 577 360 587 332 317 220 343 263 0 373 411 365 766 319 577 428 116 299 680 126 438 305 430 258 368 382 313 612 133 233 434 746 508 428 282 673 397 484 458 829 156 496 409 342 148 113 106 435 692 592 546 217 271 382 325 582 578 230 598 260 509 316 653 309 503 188 664 301 654 387 376 856 416 223 389 505 377 700 185 570 356 86 345 507 460 188 247 274 425 625 480 290 234 381 54 650 432 396 464 222 394 644
362 746 620 559 332 387 350 694 593 592 684 137 226 677 472 373 0 756 695 546 133 505 800 479 670 913 496 503 494 763 177 25 9 160 486 467 446 324 617 153 784 561 536 186 111 213 663 371 506 628 513 321 269 387 488 623 852 535 283 536 724 640 425 234 144 457 382 314 688 605 66 133 205 455 669 878 242 734 679 584 472 649 782 354 811 237 289 723 458 677 136 94 193 570 598 626 432 542 299 320 104 333 387 171 768 792 415 273 522
580 33 901 266 839 372 975 858 603 936 373 657 632 431 337 411 756 0 74 1172 660 958 179 364 181 817 333 783 349 44 668 744 764 641 1005 291 346 660 1132 865 381 513 1066 808 865 760 1222 392 856 648 650 440 522 369 788 1061 712 908 621 527 419 468 984 979 624 996 631 919 243 1018 700 889 551 1071 156 808 797 69 1252 700 307 585 626 572 962 596 981 305 335 438 880 830 592 189 161 674 1031 819 532 628 785 433 1062 841 258 495 374 650 1035
547 88 885 248 767 309 930 852 598 915 389 591 585 443 264 365 695 74 0 1131 594 928 234 337 193 837 306 762 276 69 618 682 703 574 970 237 274 587 1101 798 415 506 1032 758 803 689 1188 326 832 645 634 375 473 309 765 1035 732 884 580 517 440 474 945 921 567 960 601 874 263 993 641 827 490 1029 164 825 752 111 1217 690 237 588 644 499 962 549 929 331 296 450 816 766 539 126 97 670 989 799 461 591 730 380 1013 789 297 522 303 578 1001
598 1152 466 915 828 856 207 590 704 398 934 680 548 893 972 766 546 1172 1131 0 676 281 1143 814 1027 889 844 477 1004 1195 524 571 544 703 203 897 942 868 185 595 1024 748 166 392 507 738 149 852 402 700 606 805 663 840 461 288 889 370 551 720 944 838 194 369 602 194 557 260 1009 318 558 483 694 102 1040 851 381 1127 148 618 955 766 869 899 641 584 262 1006 838 889 537 558 609 1012 1040 677 142 472 835 546 454 759 167 382 1072 966 914 818 196
382 655 699 498 272 289 476 755 611 681 650 4 260 654 354 319 133 660 594 676 0 609 728 434 600 941 444 570 371 662 229 109 136 27 601 382 331 204 736 204 747 561 655 300 219 146 788 269 589 653 548 222 243 299 558 730 868 625 317 539 697 627 544 362 142 574 419 436 630 707 127 247 131 583 594 908 344 648 806 624 362 660 789 223 877 253 421 675 397 656 224 175 189 472 500 657 557 612 169 357 224 269 519 296 711 774 300 151 637
381 934 192 693 834 696 224 315 432 129 676 612 391 630 822 577 505 958 928 281 609 0 901 594 796 612 626 202 860 987 393 528 508 631 80 709 790 813 175 618 760 488 123 319 526 718 271 700 123 422 340 660 497 671 188 122 608 89 366 463 679 575 130 449 489 103 328 216 767 101 482 513 572 217 813 573 265 905 303 341 792 492 589 817 387 422 328 753 633 625 565 561 471 820 846 398 184 191 735 343 402 588 305 346 822 692 768 760 89
546 150 811 243 944 448 959 748 500 856 244 725 632 302 460 428 800 179 234 1143 728 901 0 338 130 662 313 709 484 222 678 793 809 714 959 348 458 772 1075 928 218 420 1018 811 911 848 1171 472 788 537 569 510 539 430 718 991 558 838 606 442 274 351 949 1004 658 956 586 903 135 945 737 931 603 1045 135 658 786 123 1203 602 417 466 479 689 840 600 983 163 343 309 933 884 616 292 276 565 1002 739 631 601 806 468 1053 851 97 336 479 752 984
217 340 551 101 689 224 624 531 288 579 216 433 294 230 327 116 479 364 337 814 434 594 338 0 214 589 32 425 368 393 341 476 488 428 641 159 302 545 768 620 312 199 703 473 588 574 858 248 495 339 302 255 210 190 428 699 495 547 268 198 267 220 623 669 335 634 267 567 213 656 413 605 303 714 225 566 449 314 888 366 278 302 405 482 648 263 645 244 67 233 614 569 287 244 265 359 673 464 398 268 472 169 717 513 291 350 301 507 671
429 150 726 115 823 324 838 678 423 764 196 597 506 252 355 299 670 181 193 1027 600 796 130 214 0 644 187 613 386 221 550 663 679 587 849 223 347 655 971 799 229 335 909 685 781 723 1064 349 689 467 476 384 410 304 619 893 540 740 483 351 247 288 835 876 528 844 474 782 71 849 607 801 474 928 28 633 663 115 1095 521 308 404 452 575 781 473 858 142 213 259 803 755 486 192 187 494 886 646 511 481 678 338 931 724 129 331 365 631 876
559 784 423 621 1213 811 806 299 330 491 448 941 691 396 915 680 913 817 837 889 941 612 662 589 644 0 606 452 956 860 736 925 921 947 692 745 891 1103 732 1064 444 398 723 785 993 1086 829 833 504 288 400 828 705 776 471 618 105 523 632 411 398 377 732 989 801 712 531 770 576 578 855 995 827 828 673 39 722 748 863 333 865 291 194 1056 287 690 893 512 656 389 1032 1002 752 800 809 287 791 435 966 593 843 730 903 832 567 326 890 1057 693
248 309 582 72 693 215 653 559 313 610 213 442 320 235 309 126 496 333 306 844 444 626 313 32 187 606 0 456 350 361 365 492 505 436 673 139 286 543 800 634 305 222 734 499 606 580 890 240 527 363 332 254 229 182 459 730 510 578 297 224 267 232 654 692 352 665 298 596 192 688 431 624 313 744 196 585 477 283 920 394 259 323 419 477 675 287 672 231 54 239 631 585 306 215 235 385 703 495 396 298 494 176 745 539 272 353 288 508 702
237 756 137 517 830 572 357 191 230 154 478 572 313 430 698 438 503 783 762 477 570 202 709 425 613 452 456 0 740 815 342 521 509 586 274 561 668 765 370 645 559 291 325 345 564 704 470 582 80 223 141 552 388 541 19 282 427 129 264 267 478 374 295 540 431 284 179 319 576 236 458 561 493 397 632 413 281 725 503 142 661 290 395 747 309 331 441 556 475 425 604 583 394 664 687 202 356 44 657 226 415 463 457 390 627 491 651 713 290
502 359 876 346 496 168 797 882 653 886 538 367 471 575 42 305 494 349 276 1004 371 860 484 368 386 956 350 740 0 334 483 475 500 346 881 211 72 315 1019 564 605 567 941 612 590 433 1091 160 792 704 646 202 363 199 736 979 859 841 495 563 596 580 839 728 402 862 560 746 448 944 457 618 310 904 364 934 629 369 1115 719 91 671 768 226 1004 438 768 516 302 580 593 545 398 194 208 722 870 783 210 523 560 277 862 629 514 685 92 314 915
607 77 936 298 829 377 995 896 641 969 415 659 650 472 327 430 763 44 69 1195 662 987 222 393 221 860 361 815 334 0 685 750 771 642 1031 304 340 648 1160 866 425 550 1093 825 871 755 1249 395 888 686 684 444 539 377 819 1092 755 939 644 563 462 509 1008 990 635 1022 659 939 285 1049 709 896 558 1093 195 851 817 112 1278 736 303 625 669 560 1002 615 997 349 358 480 884 834 607 194 165 712 1053 852 526 653 798 447 1080 856 302 539 369 642 1062
187 652 469 435 490 333 318 529 416 454 528 231 52 514 450 258 177 668 618 524 229 393 678 341 550 736 365 342 483 685 0 189 185 247 401 381 419 429 540 330 629 389 460 140 269 363 608 329 361 451 336 282 146 318 329 516 675 399 107 363 563 473 355 329 96 380 206 264 554 488 120 280 181 422 555 701 145 633 631 409 431 474 606 424 650 78 312 577 340 513 304 269 86 495 524 449 387 383 342 143 133 239 396 175 631 625 393 376 437
371 735 640 554 311 373 375 712 603 614 684 113 236 680 454 368 25 744 682 571 109 528 793 476 663 925 492 521 475 750 189 0 27 137 511 457 429 298 642 146 784 568 561 210 121 190 688 357 526 639 526 306 268 376 507 647 862 556 294 543 726 645 450 254 143 482 395 339 684 629 71 146 194 480 661 890 265 725 704 598 457 658 790 330 830 244 313 721 452 680 139 92 194 557 585 639 457 561 277 332 128 325 411 196 764 796 398 248 547
370 755 626 568 328 394 349 700 601 597 693 141 234 686 479 382 9 764 703 544 136 508 809 488 679 921 505 509 500 771 185 27 0 164 488 476 453 324 618 145 793 570 537 189 102 210 663 379 511 635 521 328 278 396 494 625 860 539 292 544 733 649 426 228 153 459 390 315 697 609 75 125 213 454 678 885 246 743 678 591 480 658 790 357 817 246 286 732 467 686 127 85 202 578 606 634 432 548 304 328 106 341 384 171 777 801 422 274 523
390 637 716 487 268 271 502 769 617 700 644 23 274 651 330 313 160 641 574 703 27 631 714 428 587 947 436 586 346 642 247 137 164 0 625 367 308 183 760 224 740 563 679 325 245 146 814 250 607 660 557 205 245 284 574 752 872 644 329 543 693 626 569 389 155 599 430 461 619 729 151 273 127 609 580 915 367 631 832 634 340 664 792 196 892 263 448 666 388 653 248 199 198 453 480 665 583 628 141 369 250 261 546 322 700 772 277 130 661
425 982 271 742 808 721 166 395 503 206 741 604 409 697 844 612 486 1005 970 203 601 80 959 641 849 692 673 274 881 1031 401 511 488 625 0 744 813 804 139 583 827 553 62 302 490 698 218 722 199 497 408 679 521 699 259 148 688 169 395 526 746 642 68 396 494 33 376 176 824 151 474 474 582 138 864 653 260 955 247 416 819 564 666 816 462 443 271 815 674 692 528 531 484 858 884 474 108 269 740 380 383 615 232 318 883 765 789 752 36
330 279 693 145 601 101 695 684 447 713 335 379 349 367 170 133 467 291 237 897 382 709 348 159 223 745 139 561 211 304 381 457 476 367 744 0 149 436 878 585 413 358 806 522 578 501 962 127 624 497 451 162 236 83 560 822 648 674 350 356 392 369 714 688 333 731 388 639 267 782 410 600 263 795 213 723 517 268 989 520 120 460 557 360 804 313 693 328 93 372 595 545 303 115 143 517 756 602 289 366 495 143 777 552 345 481 156 409 777
430 349 804 291 495 96 735 810 584 814 483 327 404 516 32 233 446 346 274 942 331 790 458 302 347 891 286 668 72 340 419 429 453 308 813 149 0 317 951 531 556 499 874 551 548 415 1025 91 721 635 574 137 293 127 664 909 796 769 425 494 540 518 773 680 342 795 488 683 404 873 403 574 252 841 330 868 564 352 1049 648 41 604 705 232 932 370 711 469 235 521 555 506 333 167 189 652 806 711 187 452 503 205 804 571 475 629 31 304 847
557 665 897 577 181 336 673 945 774 883 756 202 452 775 323 434 324 660 587 868 204 813 772 545 655 1103 543 765 315 648 429 298 324 183 804 436 317 0 938 309 844 709 857 502 373 150 987 310 790 820 725 290 401 364 754 934 1021 827 504 693 810 759 746 525 335 777 603 636 703 911 331 401 280 778 641 1074 549 669 1002 803 358 814 936 89 1069 437 607 761 489 778 357 320 372 484 506 829 755 808 148 544 424 380 705 494 780 895 293 53 840
554 1108 316 867 932 858 276 436 599 249 848 739 547 800 982 746 617 1132 1101 185 736 175 1075 768 971 732 800 370 1019 1160 540 642 618 760 139 878 951 938 0 702 929 660 81 436 609 826 101 860 290 583 511 817 658 835 359 114 747 244 531 635 847 745 192 496 632 162 501 303 941 156 610 590 720 195 988 695 398 1079 136 502 956 655 741 953 468 581 372 926 805 795 645 654 623 991 1017 557 196 351 877 512 514 752 303 447 995 855 927 886 103
515 859 754 693 233 493 426 837 746 719 830 208 379 826 552 508 153 865 798 595 204 618 928 620 799 1064 634 645 564 866 330 146 145 224 583 585 531 309 702 0 929 713 624 306 93 160 730 473 638 780 664 426 413 502 629 728 1005 661 436 688 873 791 517 229 289 552 534 408 824 718 217 113 325 519 795 1029 370 852 739 734 565 802 935 373 950 389 336 864 591 826 58 62 340 676 704 778 508 681 354 473 230 462 428 272 905 942 500 274 617
459 349 639 268 998 509 861 558 331 692 101 745 578 130 570 428 784 381 415 1024 747 760 218 312 229 444 305 559 605 425 629 784 793 740 827 413 556 844 929 929 0 276 882 745 891 885 1029 534 639 355 420 556 517 480 571 833 340 685 535 305 81 186 831 955 641 831 481 808 160 786 718 906 615 932 256 442 705 314 1062 431 520 281 264 772 638 554 907 89 356 135 920 876 591 417 415 383 889 580 696 516 762 480 962 791 124 119 568 811 847
204 483 393 260 831 415 587 346 93 436 188 560 338 146 525 282 561 513 506 748 561 488 420 199 335 398 222 291 567 550 389 568 570 563 553 358 499 709 660 713 276 0 609 485 659 707 759 435 370 142 150 430 318 380 301 571 312 419 284 29 197 93 555 699 430 555 210 535 289 525 497 668 438 656 358 372 438 450 791 187 477 107 229 659 457 324 640 266 265 142 693 655 378 434 450 165 613 318 569 256 517 332 688 533 336 240 495 665 574
486 1043 300 803 852 782 198 424 555 232 797 658 470 752 905 673 536 1066 1032 166 655 123 1018 703 909 723 734 325 941 1093 460 561 537 679 62 806 874 857 81 624 882 609 0 355 531 745 156 783 246 545 462 739 582 760 311 132 727 208 457 583 801 696 111 424 552 81 436 222 883 155 528 512 641 134 925 685 318 1015 186 464 880 615 711 872 477 504 299 872 736 747 568 574 544 919 946 521 122 314 797 441 433 677 240 366 941 815 850 804 34
286 792 448 570 515 469 185 535 489 413 645 303 180 622 581 397 186 808 758 392 300 319 811 473 685 785 499 345 612 825 140 210 189 325 302 522 551 502 436 306 745 485 355 0 220 399 491 463 332 513 394 414 286 456 328 437 739 355 211 457 673 575 244 214 211 275 278 138 684 420 174 215 303 292 692 747 65 772 511 453 566 552 682 519 646 213 173 701 478 620 260 247 222 635 664 504 262 378 447 230 82 379 256 49 759 725 523 450 338
456 856 667 670 323 494 333 754 682 630 790 224 321 780 572 484 111 865 803 507 219 526 911 588 781 993 606 564 590 871 269 121 102 245 490 578 548 373 609 93 891 659 531 220 0 233 639 477 551 713 595 427 378 497 547 635 939 572 375 632 829 741 424 152 254 459 468 315 799 626 175 29 314 428 780 957 285 845 650 661 576 741 874 424 866 339 246 832 569 780 41 53 301 678 707 708 415 598 386 409 151 444 340 181 878 894 517 330 524
527 759 827 628 127 401 553 892 757 803 790 147 401 797 429 458 213 760 689 738 146 718 848 574 723 1086 580 704 433 755 363 190 210 146 698 501 415 150 826 160 885 707 745 399 233 0 865 377 714 798 691 339 389 419 690 836 1014 746 459 686 839 772 635 382 285 668 562 523 760 819 247 260 273 654 714 1053 455 757 878 767 453 806 935 223 1013 397 476 810 530 799 211 181 334 574 599 802 636 745 228 499 317 405 572 379 840 918 386 123 733
642 1199 416 958 962 935 314 535 699 350 947 792 622 900 1056 829 663 1222 1188 149 788 271 1171 858 1064 829 890 470 1091 1249 608 688 663 814 218 962 1025 987 101 730 1029 759 156 491 639 865 0 934 390 684 610 890 735 914 458 212 847 344 612 733 947 844 253 510 696 231 592 354 1037 256 665 616 787 211 1080 793 463 1171 34 603 1033 756 842 1009 559 657 393 1023 892 894 672 687 693 1075 1102 658 231 452 938 597 564 831 307 493 1093 956 1000 935 188
345 387 719 267 474 26 646 731 515 727 450 265 313 475 122 156 371 392 326 852 269 700 472 248 349 833 240 582 160 395 329 357 379 250 722 127 91 310 860 473 534 435 783 463 477 377 934 0 633 565 496 51 203 57 577 819 741 681 335 426 506 467 682 602 256 704 403 593 394 784 322 502 169 751 338 807 474 382 959 571 104 542 652 238 855 279 626 451 185 478 489 440 243 203 231 581 716 626 163 363 419 119 717 485 471 593 70 282 757
294 830 116 590 837 625 304 217 310 95 558 591 342 510 752 496 506 856 832 402 589 123 788 495 689 504 527 80 792 888 361 526 511 607 199 624 721 790 290 638 639 370 246 332 551 714 390 633 0 299 221 599 433 597 70 205 491 52 302 346 558 455 228 506 455 213 236 275 654 161 469 544 527 328 707 465 268 800 423 218 718 369 467 780 316 367 398 636 541 505 592 578 426 731 755 276 289 71 693 270 410 516 399 371 706 569 702 736 212
272 617 284 401 925 547 570 212 51 339 293 653 404 237 662 409 628 648 645 700 653 422 537 339 467 288 363 223 704 686 451 639 635 660 497 497 635 820 583 780 355 142 545 513 713 798 684 565 299 0 118 554 420 512 240 481 227 340 345 141 276 186 516 724 513 507 246 525 413 435 568 717 542 619 492 255 454 582 718 82 615 74 175 778 316 402 643 374 404 230 750 718 464 576 592 28 577 233 687 307 563 455 672 561 445 272 628 773 511
168 622 251 387 819 481 461 236 101 288 337 548 292 290 604 342 513 650 634 606 548 340 569 302 476 400 332 141 646 684 336 526 521 557 408 451 574 725 511 664 420 150 462 394 595 691 610 496 221 118 0 476 326 448 152 422 345 270 233 127 339 235 417 606 406 413 131 413 436 376 455 599 445 519 497 365 336 590 643 78 561 166 290 691 359 295 528 415 360 285 633 603 359 546 567 113 476 170 600 194 445 379 563 443 485 361 563 676 427
318 433 689 292 444 67 598 709 505 693 467 219 270 485 168 148 321 440 375 805 222 660 510 255 384 828 254 552 202 444 282 306 328 205 679 162 137 290 817 426 556 430 739 414 427 339 890 51 599 554 476 0 166 80 546 780 741 645 297 418 520 472 637 551 206 660 374 546 422 747 271 452 118 704 376 801 427 426 913 553 155 537 653 229 834 238 576 476 200 488 440 391 196 251 280 567 669 596 143 329 369 99 667 435 502 605 110 255 714
159 507 525 296 513 200 459 553 375 527 417 242 115 415 325 113 269 522 473 663 243 497 539 210 410 705 229 388 363 539 146 268 278 245 521 236 293 401 658 413 517 318 582 286 378 389 735 203 433 420 326 166 0 179 381 616 627 480 132 298 460 385 485 466 125 504 212 404 421 581 203 395 122 561 413 674 282 488 761 404 298 419 547 366 678 79 458 454 197 416 405 360 77 350 379 428 523 432 275 163 268 96 541 319 501 534 272 353 555
304 360 677 213 523 35 635 683 462 689 394 296 293 417 157 106 387 369 309 840 299 671 430 190 304 776 182 541 199 377 318 376 396 284 699 83 127 364 835 502 480 380 760 456 497 419 914 57 597 512 448 80 179 0 538 788 684 646 305 372 449 410 663 612 258 683 363 581 343 751 332 520 182 738 296 752 459 350 940 522 121 486 595 295 806 257 624 398 128 421 513 463 234 183 213 528 701 585 216 329 422 84 712 483 422 536 116 333 733
234 761 144 522 816 568 339 208 245 153 489 560 302 442 695 435 488 788 765 461 558 188 718 428 619 471 459 19 736 819 329 507 494 574 259 560 664 754 359 629 571 301 311 328 547 690 458 577 70 240 152 546 381 538 0 274 445 121 255 277 490 386 277 521 419 268 175 300 584 230 443 543 484 379 638 432 263 730 491 160 658 306 412 737 323 322 423 566 476 437 587 567 384 665 689 219 338 55 649 219 399 459 439 372 636 506 647 701 276
492 1035 205 795 950 814 313 323 502 142 757 733 512 707 941 692 623 1061 1035 288 730 122 991 699 893 618 730 282 979 1092 516 647 625 752 148 822 909 934 114 728 833 571 132 437 635 836 212 819 205 481 422 780 616 788 274 0 635 154 484 549 752 651 215 543 611 180 436 321 858 47 603 620 694 266 912 581 386 1005 246 402 910 555 633 939 356 543 418 837 742 701 674 674 593 931 956 455 248 254 857 459 519 705 371 460 907 753 888 881 120
491 679 431 520 1139 719 784 313 259 498 344 867 627 292 818 592 852 712 732 889 868 608 558 495 540 105 510 427 859 755 675 862 860 872 688 648 796 1021 747 1005 340 312 727 739 939 1014 847 741 491 227 345 741 627 684 445 635 0 520 568 330 293 279 719 949 732 704 471 743 471 591 791 944 749 819 568 103 680 643 881 291 768 208 91 969 341 621 863 407 561 286 976 943 680 698 706 236 779 420 881 532 790 643 884 787 462 222 796 977 694
344 882 108 642 867 674 298 227 355 58 607 627 385 558 801 546 535 908 884 370 625 89 838 547 740 523 578 129 841 939 399 556 539 644 169 674 769 827 244 661 685 419 208 355 572 746 344 681 52 340 270 645 480 646 121 154 520 0 348 396 604 502 212 513 494 190 287 278 704 110 502 562 570 305 759 484 293 851 378 259 767 411 503 821 309 411 398 685 592 552 612 602 468 782 806 315 269 107 735 318 435 564 387 390 755 612 750 774 175
81 601 399 369 586 330 356 441 309 397 434 318 59 415 456 217 283 621 580 551 317 366 606 268 483 632 297 264 495 644 107 294 292 329 395 350 425 504 531 436 535 284 457 211 375 459 612 335 302 345 233 297 132 305 255 484 568 348 0 257 465 371 365 420 174 381 103 300 476 450 223 384 230 450 493 597 181 578 639 308 426 367 499 483 565 68 379 491 286 413 411 376 132 464 491 345 410 308 394 40 233 222 448 256 549 522 404 452 428
176 498 375 269 811 407 558 337 91 415 215 539 311 175 520 271 536 527 517 720 539 463 442 198 351 411 224 267 563 563 363 543 544 543 526 356 494 693 635 688 305 29 583 457 632 686 733 426 346 141 127 418 298 372 277 549 330 396 257 0 226 122 527 671 407 528 181 506 309 503 472 641 419 628 373 383 409 465 766 174 474 122 250 645 451 299 610 290 263 171 667 629 355 439 457 161 585 297 555 228 489 319 659 505 360 268 488 648 548
387 386 559 250 956 481 784 482 250 612 58 696 512 52 558 382 724 419 440 944 697 679 274 267 247 398 267 478 596 462 563 726 733 693 746 392 540 810 847 873 81 197 801 673 829 839 947 506 558 276 339 520 460 449 490 752 293 604 465 226 0 105 752 885 584 750 404 731 178 705 658 842 567 853 276 390 631 350 981 351 507 202 208 744 567 490 833 115 321 55 860 817 532 418 422 304 810 498 663 443 696 436 885 720 178 89 548 774 766
290 437 463 244 893 444 680 397 151 512 108 626 421 56 540 325 640 468 474 838 627 575 351 220 288 377 232 374 580 509 473 645 649 626 642 369 518 759 745 791 186 93 696 575 741 772 844 467 455 186 235 472 385 410 386 651 279 502 371 122 105 0 646 789 504 645 302 627 229 605 575 752 500 748 314 359 530 401 877 253 490 117 187 701 495 403 732 189 284 51 774 734 451 424 435 214 705 397 615 345 603 379 781 623 260 152 519 719 662
406 962 319 724 743 683 99 438 516 258 740 547 370 701 804 582 425 984 945 194 544 130 949 623 835 732 654 295 839 1008 355 450 426 569 68 714 773 746 192 517 831 555 111 244 424 635 253 682 228 516 417 637 485 663 277 215 719 212 365 527 752 646 0 328 444 35 363 112 815 216 418 407 535 103 848 693 211 937 277 437 781 579 689 762 516 406 204 812 650 697 462 466 441 829 856 496 61 299 688 356 322 580 175 256 878 777 747 694 100
498 967 618 761 461 616 230 722 702 569 854 366 378 834 706 578 234 979 921 369 362 449 1004 669 876 989 692 540 728 990 329 254 228 389 396 688 680 525 496 229 955 699 424 214 152 382 510 602 506 724 606 551 466 612 521 543 949 513 420 671 885 789 328 0 355 363 492 236 883 543 281 123 434 304 879 950 270 951 516 660 705 766 895 574 821 407 125 906 663 832 173 204 390 796 825 713 302 565 530 443 198 547 203 166 960 939 649 481 424
242 612 562 416 413 265 395 614 473 549 541 143 119 537 372 230 144 624 567 602 142 489 658 335 528 801 352 431 402 635 96 143 153 155 494 333 342 335 632 289 641 430 552 211 254 285 696 256 455 513 406 206 125 258 419 611 732 494 174 407 584 504 444 355 0 471 277 346 544 584 79 273 92 503 528 768 234 598 718 482 360 525 656 328 736 112 370 579 315 538 280 235 52 442 471 517 470 473 246 215 164 193 462 229 624 654 313 282 530
417 974 295 735 777 704 133 417 511 232 742 577 391 700 826 598 457 996 960 194 574 103 956 634 844 712 665 284 862 1022 380 482 459 599 33 731 795 777 162 552 831 555 81 275 459 668 231 704 213 507 413 660 504 683 268 180 704 190 381 528 750 645 35 363 471 0 370 145 821 183 448 442 560 116 858 674 237 947 258 427 802 573 679 791 489 426 238 815 664 696 497 500 464 845 872 486 80 284 716 369 354 600 203 289 883 772 770 724 65
58 607 316 366 689 392 381 343 214 327 384 420 161 353 519 260 382 631 601 557 419 328 586 267 474 531 298 179 560 659 206 395 390 430 376 388 488 603 501 534 481 210 436 278 468 562 592 403 236 246 131 374 212 363 175 436 471 287 103 181 404 302 363 492 277 370 0 327 452 395 324 473 324 460 489 496 228 579 622 205 483 276 407 576 467 167 429 451 307 350 505 473 232 496 520 244 417 223 485 63 319 284 482 326 517 449 472 552 404
358 900 384 668 632 597 56 492 514 333 712 439 290 679 713 509 314 919 874 260 436 216 903 567 782 770 596 319 746 939 264 339 315 461 176 639 683 636 303 408 808 535 222 138 315 523 354 593 275 525 413 546 404 581 300 321 743 278 300 506 731 627 112 236 346 145 327 0 771 314 311 299 437 158 792 731 122 877 373 452 695 579 700 656 586 326 123 777 584 676 353 355 350 754 782 510 124 338 585 302 212 500 154 144 840 769 656 584 210
413 210 682 132 866 368 827 625 373 724 130 628 507 188 415 316 688 243 263 1009 630 767 135 213 71 576 192 576 448 285 554 684 697 619 824 267 404 703 941 824 160 289 883 684 799 760 1037 394 654 413 436 422 421 343 584 858 471 704 476 309 178 229 815 883 544 821 452 771 0 812 624 817 501 911 99 566 656 174 1068 474 365 347 384 627 724 476 855 71 233 195 823 776 499 258 255 441 868 606 557 469 685 362 923 726 81 260 419 675 849
452 991 160 751 935 778 315 280 456 96 711 710 481 660 905 653 605 1018 993 318 707 101 945 656 849 578 688 236 944 1049 488 629 609 729 151 782 873 911 156 718 786 525 155 420 626 819 256 784 161 435 376 747 581 751 230 47 591 110 450 503 705 605 216 543 584 183 395 314 812 0 581 612 665 282 868 540 365 960 290 355 873 508 587 912 323 510 420 790 701 654 665 662 563 891 915 408 258 208 829 422 502 669 383 447 861 706 853 858 133
300 689 581 496 372 335 354 647 531 559 617 130 164 611 431 309 66 700 641 558 127 482 737 413 607 855 431 458 457 709 120 71 75 151 474 410 403 331 610 217 718 497 528 174 175 247 665 322 469 568 455 271 203 332 443 603 791 502 223 472 658 575 418 281 79 448 324 311 624 581 0 194 153 462 607 820 217 675 683 528 425 587 719 345 766 173 312 657 394 611 202 159 127 515 544 568 434 498 277 262 105 271 407 177 703 726 373 278 510
465 879 660 689 346 519 314 751 688 620 805 251 332 793 599 503 133 889 827 483 247 513 931 605 801 995 624 561 618 896 280 146 125 273 474 600 574 401 590 113 906 668 512 215 29 260 616 502 544 717 599 452 395 520 543 620 944 562 384 641 842 752 407 123 273 442 473 299 817 612 194 0 338 406 801 958 280 867 626 663 602 748 880 452 860 352 223 848 588 792 56 81 318 702 731 711 395 593 414 416 154 465 316 173 896 905 543 358 507
277 542 628 369 394 182 487 667 497 622 519 129 185 525 281 188 205 551 490 694 131 572 603 303 474 827 313 493 310 558 181 194 213 127 582 263 252 280 720 325 615 438 641 303 314 273 787 169 527 542 445 118 122 182 484 694 749 570 230 419 567 500 535 434 92 560 324 437 501 665 153 338 0 595 470 796 324 531 809 523 273 541 667 254 792 162 459 544 267 526 331 282 102 364 393 549 562 537 165 268 252 138 552 319 581 645 223 231 618
499 1051 409 815 752 755 108 532 619 344 840 587 446 802 871 664 455 1071 1029 102 583 217 1045 714 928 828 744 397 904 1093 422 480 454 609 138 795 841 778 195 519 932 656 134 292 428 654 211 751 328 619 519 704 561 738 379 266 819 305 450 628 853 748 103 304 503 116 460 158 911 282 462 406 595 0 940 789 279 1027 224 539 853 682 792 805 600 482 183 911 736 798 461 476 508 910 938 598 43 399 738 446 359 657 108 287 976 880 814 728 149
442 125 748 124 811 313 848 703 448 784 224 591 513 280 335 301 669 156 164 1040 594 813 135 225 28 673 196 632 364 195 555 661 678 580 864 213 330 641 988 795 256 358 925 692 780 714 1080 338 707 492 497 376 413 296 638 912 568 759 493 373 276 314 848 879 528 858 489 792 99 868 607 801 470 940 0 661 673 93 1111 545 289 431 480 560 807 479 865 169 216 287 801 752 489 170 162 519 898 667 498 493 681 337 940 730 151 359 349 619 892
526 776 385 603 1180 787 767 261 300 453 437 908 656 382 893 654 878 808 825 851 908 573 658 566 633 39 585 413 934 851 701 890 885 915 653 723 868 1074 695 1029 442 372 685 747 957 1053 793 807 465 255 365 801 674 752 432 581 103 484 597 383 390 359 693 950 768 674 496 731 566 540 820 958 796 789 661 0 684 739 827 296 843 265 182 1028 257 656 854 504 633 375 995 967 719 783 793 252 752 396 938 558 806 702 864 794 562 323 866 1027 655
247 778 384 549 574 476 178 470 434 351 606 347 168 579 595 387 242 797 752 381 344 265 786 449 663 722 477 281 629 817 145 265 246 367 260 517 564 549 398 370 705 438 318 65 285 455 463 474 268 454 336 427 282 459 263 386 680 293 181 409 631 530 211 270 234 237 228 122 656 365 217 280 324 279 673 684 0 756 486 391 575 498 626 557 581 204 203 667 463 576 325 310 231 631 660 444 242 313 480 190 142 378 267 110 728 677 538 495 296
531 36 840 213 845 360 933 793 539 877 304 645 593 362 349 376 734 69 111 1127 648 905 123 314 115 748 283 725 369 112 633 725 743 631 955 268 352 669 1079 852 314 450 1015 772 845 757 1171 382 800 582 590 426 488 350 730 1005 643 851 578 465 350 401 937 951 598 947 579 877 174 960 675 867 531 1027 93 739 756 0 1201 637 311 518 557 583 896 559 945 236 294 369 862 813 562 185 164 609 985 759 534 581 755 404 1023 808 192 426 377 654 983
672 1229 451 989 972 960 330 570 733 385 980 809 647 933 1080 856 679 1252 1217 148 806 303 1203 888 1095 863 920 503 1115 1278 631 704 678 832 247 989 1049 1002 136 739 1062 791 186 511 650 878 34 959 423 718 643 913 761 940 491 246 881 378 639 766 981 877 277 516 718 258 622 373 1068 290 683 626 809 224 1111 827 486 1201 0 637 1058 790 876 1028 592 682 403 1056 921 928 681 699 717 1103 1130 692 249 486 958 626 581 857 313 510 1125 990 1024 952 219
246 670 210 443 894 556 495 165 103 261 362 625 367 308 677 416 584 700 690 618 624 341 602 366 521 333 394 142 719 736 409 598 591 634 416 520 648 803 502 734 431 187 464 453 661 767 603 571 218 82 78 553 404 522 160 402 291 259 308 174 351 253 437 660 482 427 205 452 474 355 528 663 523 539 545 296 391 637 637 0 633 153 253 769 285 372 572 442 427 301 700 672 436 610 629 59 498 151 678 268 510 455 596 500 513 353 638 754 429
425 309 796 257 535 98 748 796 564 810 449 358 411 485 51 223 472 307 237 955 362 792 417 278 308 865 259 661 91 303 431 457 480 340 819 120 41 358 956 565 520 477 880 566 576 453 1033 104 718 615 561 155 298 121 658 910 768 767 426 474 507 490 781 705 360 802 483 695 365 873 425 602 273 853 289 843 575 311 1058 633 0 580 677 273 917 376 730 432 211 490 586 536 345 126 149 634 817 704 225 451 523 205 821 589 436 596 67 344 853
287 554 358 350 932 521 627 282 65 413 223 660 424 165 629 389 649 585 588 766 660 492 466 302 404 291 323 290 671 625 474 658 658 664 564 460 604 814 655 802 281 107 615 552 741 806 756 542 369 74 166 537 419 486 306 555 208 411 367 122 202 117 579 766 525 573 276 579 347 508 587 748 541 682 431 265 498 518 790 153 580 0 132 765 378 415 693 303 369 158 777 742 474 529 542 103 640 304 676 333 595 439 729 601 373 201 601 769 580
420 593 428 429 1060 629 745 323 193 492 255 788 556 202 727 505 782 626 644 869 789 589 479 405 452 194 419 395 768 669 606 790 790 792 666 557 705 936 741 935 264 229 711 682 874 935 842 652 467 175 290 653 547 595 412 633 91 503 499 250 208 187 689 895 656 679 407 700 384 587 719 880 667 792 480 182 626 557 876 253 677 132 0 882 381 547 817 323 471 195 910 874 604 607 615 193 750 398 794 465 726 557 847 731 382 149 706 893 677
525 578 882 503 271 264 698 918 730 874 688 219 437 711 235 377 354 572 499 899 223 817 689 482 575 1056 477 747 226 560 424 330 357 196 816 360 232 89 953 373 772 659 872 519 424 223 1009 238 780 778 691 229 366 295 737 939 969 821 483 645 744 701 762 574 328 791 576 656 627 912 345 452 254 805 560 1028 557 583 1028 769 273 765 882 0 1043 416 643 687 423 715 415 372 354 399 419 789 779 791 91 521 446 326 741 518 702 830 210 100 853
518 931 203 717 1139 840 607 125 364 258 598 879 618 539 961 700 811 962 962 641 877 387 840 648 781 287 675 309 1004 1002 650 830 817 892 462 804 932 1069 468 950 638 457 477 646 866 1013 559 855 316 316 359 834 678 806 323 356 341 309 565 451 567 495 516 821 736 489 467 586 724 323 766 860 792 600 807 257 581 896 592 285 917 378 381 1043 0 632 707 677 711 532 906 889 696 890 907 292 569 270 952 525 720 737 691 687 745 528 922 1017 453
130 579 466 358 524 278 381 508 362 462 453 253 36 441 401 185 237 596 549 584 253 422 600 263 473 690 287 331 438 615 78 244 246 263 443 313 370 437 581 389 554 324 504 213 339 397 657 279 367 402 295 238 79 257 322 543 621 411 68 299 490 403 406 407 112 426 167 326 476 510 173 352 162 482 479 656 204 559 682 372 376 415 547 416 632 0 386 500 265 441 371 331 65 428 456 405 444 375 327 107 210 175 466 251 553 555 347 385 478
449 964 505 743 569 634 105 615 628 452 809 425 352 781 740 570 289 981 929 262 421 328 983 645 858 893 672 441 768 997 312 313 286 448 271 693 711 607 372 336 907 640 299 173 246 476 393 626 398 643 528 576 458 624 423 418 863 398 379 610 833 732 204 125 370 238 429 123 855 420 312 223 459 183 865 854 203 945 403 572 730 693 817 643 707 386 0 869 651 779 278 296 391 805 834 629 177 461 585 392 208 550 98 141 928 877 682 558 299
420 272 652 185 919 425 832 585 340 699 81 673 528 139 482 356 723 305 331 1006 675 753 163 244 142 512 231 556 516 349 577 721 732 666 815 328 469 761 926 864 89 266 872 701 832 810 1023 451 636 374 415 476 454 398 566 837 407 685 491 290 115 189 812 906 579 815 451 777 71 790 657 848 544 911 169 504 667 236 1056 442 432 303 323 687 677 500 869 0 279 146 858 813 530 328 326 403 868 583 614 477 710 406 930 745 71 191 482 731 838
252 315 605 102 641 161 641 592 353 628 267 395 299 289 260 86 458 335 296 838 397 633 343 67 213 656 54 475 302 358 340 452 467 388 674 93 235 489 805 591 356 265 736 478 569 530 892 185 541 404 360 200 197 128 476 742 561 592 286 263 321 284 650 663 315 664 307 584 233 701 394 588 267 736 216 633 463 294 921 427 211 369 471 423 711 265 651 279 0 293 591 544 273 190 214 424 696 515 342 295 466 129 729 515 314 408 235 455 705
334 405 511 236 918 454 729 440 199 561 66 654 461 7 541 345 677 438 450 889 656 625 309 233 259 389 239 425 580 480 513 680 686 653 692 372 521 778 795 826 135 142 747 620 780 799 894 478 505 230 285 488 416 421 437 701 286 552 413 171 55 51 697 832 538 696 350 676 195 654 611 792 526 798 287 375 576 369 928 301 490 158 195 715 532 441 779 146 293 0 811 770 486 413 420 258 755 447 631 390 644 399 830 667 215 119 526 739 713
491 872 708 693 291 507 370 795 718 670 819 228 355 812 578 507 136 880 816 537 224 565 933 614 803 1032 631 604 593 884 304 139 127 248 528 595 555 357 645 58 920 693 568 260 41 211 672 489 592 750 633 440 405 513 587 674 976 612 411 667 860 774 462 173 280 497 505 353 823 665 202 56 331 461 801 995 325 862 681 700 586 777 910 415 906 371 278 858 591 811 0 50 329 692 720 746 450 638 386 445 190 465 370 222 903 926 524 318 561
