NAME : X-n129-k18_SARP
COMMENT : Curated from VRPLIB to SARP
TYPE : SARP
DIMENSION : 129
EDGE_WEIGHT_TYPE : EXPLICIT
EDGE_WEIGHT_FORMAT : FULL_MATRIX
EDGE_WEIGHT_SECTION
0 1052 245 293 767 336 971 507 1017 979 650 1070 777 655 392 1079 678 302 580 662 646 274 136 611 748 932 211 795 1203 335 614 445 682 1096 474 983 737 1219 940 811 413 759 658 838 687 1056 1051 1018 683 997 591 435 884 281 640 1103 747 667 629 670 804 243 206 285 656 881 443 568 741 345 377 1013 478 796 670 525 723 1126 555 846 985 880 968 906 681 329 669 369 647 438 437 890 1104 572 580 870 1042 453 675 1042 357 726 1015 832 843 685 279 974 696 500 585 413 521 1314 1047 894 459 647 636 625 544 863 515 734 810 787 1064 651 844
1052 0 891 887 789 740 141 598 35 87 506 377 517 483 667 632 497 902 636 477 528 896 937 700 315 480 877 459 503 814 459 700 382 102 586 223 917 272 185 799 713 711 737 238 439 73 19 846 710 163 853 617 168 796 430 151 308 385 440 568 713 944 919 911 439 179 689 599 764 714 738 76 713 351 480 833 484 539 500 432 560 693 128 175 497 863 499 704 437 878 717 186 563 858 531 261 233 599 542 75 917 748 61 221 230 414 780 91 684 619 473 643 532 347 35 302 594 406 452 457 530 190 824 322 300 272 165 422 362
245 891 0 53 523 157 790 302 857 810 591 851 545 586 236 837 620 71 344 591 425 37 117 367 576 883 63 738 975 94 433 216 558 918 376 869 504 1022 814 567 190 514 412 707 604 882 886 774 438 809 352 308 726 285 462 917 584 518 452 437 559 58 39 59 561 735 431 342 496 279 378 840 239 702 603 284 501 892 397 622 747 635 829 729 625 85 611 191 459 204 204 753 868 334 512 757 842 318 447 896 135 480 865 681 710 491 150 806 451 459 466 320 371 1116 880 796 344 509 445 438 452 703 273 570 699 619 936 470 632
293 887 53 0 474 172 780 290 853 804 616 824 514 610 251 798 646 22 312 614 401 19 169 325 572 907 115 762 944 73 428 194 569 908 399 878 451 1004 820 518 175 469 366 713 624 874 881 725 394 796 300 327 724 331 457 904 583 522 448 407 514 64 88 25 579 737 468 318 448 314 420 833 206 717 627 233 475 857 402 595 710 591 832 721 650 37 636 201 451 150 179 757 832 282 538 767 824 334 419 896 83 433 864 681 716 480 184 800 409 491 480 347 379 1097 874 810 364 516 436 430 474 701 222 568 710 615 941 465 611
767 789 523 474 0 506 649 406 764 705 816 532 273 795 525 381 839 466 269 796 324 493 639 187 554 1048 570 922 588 442 477 374 672 754 641 899 138 768 827 44 407 78 122 740 782 739 774 251 116 638 189 577 681 719 491 724 584 593 492 260 87 528 561 484 732 722 784 320 34 652 767 714 323 822 810 244 323 482 531 359 333 156 805 622 843 438 831 496 460 336 371 757 445 208 753 818 611 564 284 835 420 57 799 671 737 448 569 702 128 764 637 630 543 843 760 882 603 614 450 461 682 662 253 574 782 586 915 487 426
336 740 157 172 506 0 645 172 705 661 445 735 450 438 80 762 475 193 266 443 314 173 205 323 427 735 137 590 871 116 286 134 402 772 228 712 529 887 657 549 100 474 385 550 452 735 736 747 400 668 376 155 574 214 314 775 432 363 303 346 518 214 179 195 407 580 315 241 474 162 278 693 183 547 455 307 391 798 242 512 664 585 673 583 479 167 465 36 316 264 135 597 779 362 367 600 708 162 347 741 240 454 711 526 554 352 67 657 404 327 310 178 214 982 731 640 192 352 304 294 302 551 292 418 542 469 780 324 509
971 141 790 780 649 645 0 490 120 66 501 266 377 474 579 506 499 793 510 469 401 791 848 568 223 552 783 495 412 707 360 588 343 128 526 314 779 262 252 659 605 571 601 242 432 97 125 710 573 44 720 541 133 734 332 134 230 317 343 435 572 839 820 804 415 179 651 477 625 646 691 65 594 373 476 705 350 426 416 291 427 553 202 66 501 753 498 610 331 756 604 209 445 726 504 300 131 521 410 198 801 609 165 183 234 300 693 65 547 585 418 576 451 355 112 360 525 346 344 353 484 141 697 241 315 188 289 322 223
507 598 302 290 406 172 490 0 564 514 425 563 285 408 140 603 451 305 137 411 146 301 375 222 283 690 303 551 700 218 141 105 316 618 236 610 470 721 546 444 116 354 288 441 406 583 591 624 290 508 337 173 438 347 170 616 298 252 162 190 393 350 334 315 354 455 380 89 371 264 371 542 134 475 425 286 220 630 146 341 501 448 550 431 455 265 442 140 160 297 122 479 613 332 355 504 541 159 184 611 321 349 577 398 442 190 234 510 284 358 251 228 144 816 584 557 198 257 146 141 283 414 272 283 453 327 663 176 337
1017 35 857 853 764 705 120 564 0 59 477 372 491 453 633 622 469 868 605 447 497 862 903 671 281 466 842 437 505 780 425 667 349 118 552 213 891 291 166 776 679 686 709 207 409 80 38 830 683 150 823 582 133 762 396 162 273 350 405 538 689 910 884 877 407 146 656 566 739 679 704 63 680 325 450 802 455 534 465 409 546 673 108 145 469 829 470 670 404 846 683 157 557 828 499 236 229 564 513 79 883 722 49 186 199 381 746 62 657 586 439 609 497 370 44 283 559 372 418 423 497 155 793 288 272 238 171 388 338
979 87 810 804 705 661 66 514 59 0 469 329 432 443 591 572 464 819 549 437 441 814 861 613 235 493 798 447 470 732 378 616 325 124 521 250 832 287 191 717 630 627 651 201 400 81 77 774 624 103 766 545 102 731 349 152 231 314 359 481 631 862 839 829 390 135 635 512 680 646 679 38 627 328 443 746 397 490 424 350 492 615 138 88 465 779 464 625 354 792 633 159 510 771 481 248 189 526 455 134 832 663 100 159 192 328 704 4 599 566 409 575 457 374 70 304 525 339 368 374 471 120 737 245 272 193 223 340 279
650 506 591 616 816 445 501 425 477 469 0 730 608 27 370 895 30 638 554 32 498 615 576 642 339 293 546 149 886 559 343 507 176 589 218 358 895 755 340 850 493 752 707 270 69 546 515 1000 701 543 762 293 370 368 337 621 310 247 332 563 783 649 599 638 96 334 214 500 782 321 277 506 552 167 27 706 530 864 286 596 791 816 387 442 34 612 20 421 369 694 521 321 867 755 79 258 623 292 542 464 684 760 451 317 278 397 442 465 688 150 179 271 281 842 519 257 255 216 375 362 147 360 691 310 207 344 452 345 538
1070 377 851 824 532 735 266 563 372 329 730 0 317 703 690 263 735 831 514 699 426 840 937 533 398 817 863 751 157 758 480 635 557 294 692 580 669 241 518 524 663 465 536 497 665 305 358 504 502 226 665 680 388 881 462 246 422 501 473 420 445 889 887 846 636 439 839 508 520 790 864 309 618 627 708 677 350 162 558 229 219 393 467 301 737 791 732 703 442 752 647 472 187 677 714 563 144 658 406 449 819 513 421 426 490 401 796 329 475 781 604 728 592 312 342 625 677 536 449 464 674 387 674 426 569 386 541 449 229
777 517 545 514 273 450 377 285 491 432 608 317 0 583 425 319 625 518 202 582 141 530 641 217 300 803 566 689 430 451 272 332 442 488 483 632 401 528 560 288 364 195 232 481 560 470 502 395 200 370 359 442 411 631 272 463 332 364 278 108 203 578 583 534 514 455 638 209 248 545 643 442 307 578 595 362 79 349 347 97 216 212 534 349 629 479 619 423 241 435 342 491 329 368 560 559 357 423 103 563 502 232 526 408 477 212 515 429 173 597 437 497 373 614 489 625 454 392 236 252 498 393 358 324 532 325 644 263 155
655 483 586 610 795 438 474 408 453 443 27 703 583 0 361 869 43 631 535 7 475 609 577 623 312 298 543 152 859 551 320 493 149 564 211 342 876 729 320 829 480 730 687 246 44 521 491 976 681 516 746 284 344 374 313 595 284 222 309 541 760 645 596 632 70 309 226 480 761 321 287 481 537 149 17 691 505 837 267 570 765 792 366 416 47 604 36 412 345 682 507 297 840 739 76 239 597 281 519 443 675 739 429 291 254 372 439 440 667 159 159 267 264 817 495 244 246 191 352 339 137 334 676 283 186 317 435 321 512
392 667 236 251 525 80 579 140 633 591 370 690 425 361 0 744 399 272 265 366 285 253 270 338 357 658 210 513 832 189 222 158 322 705 153 633 567 827 579 567 133 483 404 472 374 667 665 756 413 605 419 78 500 207 248 711 360 286 237 329 524 294 257 274 327 504 264 226 492 127 242 624 210 467 378 354 357 767 167 475 641 584 596 515 404 243 390 51 256 327 167 520 752 408 292 520 651 83 324 666 314 470 636 451 475 295 114 586 412 262 230 113 137 922 660 560 115 274 246 233 225 478 339 346 462 398 702 259 461
1079 632 837 798 381 762 506 603 622 572 895 263 319 869 744 0 907 797 500 866 460 816 943 473 559 1038 868 949 232 745 580 636 720 555 797 818 505 490 751 354 670 344 443 706 838 563 613 258 411 472 559 761 607 949 573 509 590 648 582 417 304 860 877 815 799 658 952 522 386 864 961 560 601 827 878 596 393 127 659 299 106 226 707 521 910 761 902 738 544 686 643 694 86 576 859 781 401 741 419 701 766 390 670 629 700 508 829 571 391 907 738 815 687 538 598 847 771 681 544 560 803 598 600 588 772 565 793 563 359
678 497 620 646 839 475 499 451 469 464 30 735 625 43 399 907 0 668 578 43 518 644 606 666 349 263 575 119 891 588 363 534 187 583 247 339 919 750 325 872 521 773 730 264 70 540 506 1018 724 542 788 322 367 396 355 616 319 262 351 584 803 679 629 667 111 329 239 523 805 350 303 501 579 150 30 733 547 872 310 610 804 834 375 443 4 642 9 451 387 723 549 312 876 782 108 243 625 321 562 452 713 782 441 317 272 413 472 461 711 178 202 301 307 837 511 236 284 233 395 382 176 359 718 320 197 351 435 363 549
302 902 71 22 466 193 793 305 868 819 638 831 518 631 272 797 668 0 317 636 410 34 183 324 587 929 134 784 948 89 444 205 589 921 421 897 438 1014 838 510 189 465 362 731 645 887 896 717 391 809 289 348 740 352 473 916 599 540 464 412 510 63 101 18 599 754 491 327 442 336 442 847 213 738 648 223 483 860 420 602 712 588 849 735 672 41 658 221 465 137 190 775 834 270 559 786 834 354 425 912 64 428 880 698 734 493 206 814 407 513 500 369 398 1107 888 830 385 535 451 445 495 717 213 584 730 631 959 480 620
580 636 344 312 269 266 510 137 605 549 554 514 202 535 265 500 578 317 0 536 109 328 444 88 343 804 369 670 632 250 229 136 424 634 373 691 342 708 623 308 170 218 153 523 526 607 626 491 153 517 228 310 493 468 250 621 367 349 247 95 260 376 382 332 475 522 517 54 234 392 504 571 106 581 550 197 171 548 268 286 405 321 615 461 582 277 569 246 225 249 143 552 525 228 487 595 528 295 110 664 306 212 628 466 522 231 332 545 148 495 376 363 276 798 616 654 335 364 211 216 415 471 188 354 551 384 730 250 312
662 477 591 614 796 443 469 411 447 437 32 699 582 7 366 866 43 636 536 0 475 614 583 624 309 293 549 148 855 555 320 496 146 558 215 335 878 723 313 829 484 730 688 240 38 515 484 975 682 511 748 288 338 381 312 589 280 220 308 541 760 650 602 636 68 303 233 482 762 327 294 475 539 142 14 693 504 833 268 568 762 791 359 411 47 608 36 417 344 686 511 291 837 742 82 232 592 285 519 436 680 740 422 286 247 371 444 434 668 166 161 272 267 811 488 237 251 190 352 339 141 328 679 280 179 313 428 320 509
646 528 425 401 324 314 401 146 497 441 498 426 141 475 285 460 518 410 109 475 0 416 512 178 243 725 438 598 557 332 155 209 348 526 349 593 424 606 523 354 236 255 230 427 460 498 518 507 214 409 329 303 388 490 167 515 270 269 169 65 285 465 461 424 410 420 503 83 291 404 504 462 199 499 489 305 77 485 220 199 357 325 511 353 522 369 511 285 137 356 222 452 468 332 441 502 425 284 46 557 407 269 522 365 426 130 378 437 196 467 320 358 240 698 507 564 317 291 126 137 373 366 296 257 462 281 626 163 210
274 896 37 19 493 173 791 301 862 814 615 840 530 609 253 816 644 34 328 614 416 0 151 343 581 906 100 761 960 84 437 207 573 919 398 883 469 1017 826 537 186 488 386 719 625 884 891 744 413 808 319 328 733 320 466 916 591 529 457 423 533 49 69 24 580 744 461 333 468 308 411 843 223 720 626 252 491 875 408 611 728 610 838 731 649 56 635 204 461 169 194 763 850 301 536 771 837 335 434 904 98 453 872 689 721 491 178 810 428 487 483 344 384 1111 884 813 364 521 447 440 473 710 241 576 714 624 948 474 625
136 937 117 169 639 205 848 375 903 861 576 937 641 577 270 943 606 183 444 583 512 151 0 477 628 868 75 725 1068 201 489 309 579 975 378 888 620 1092 839 683 277 626 526 734 603 937 935 889 551 872 469 325 770 225 517 979 630 554 506 534 672 136 82 168 565 771 388 433 612 256 327 894 342 708 593 401 589 990 437 711 849 747 862 785 610 202 596 240 521 320 301 784 968 451 501 774 914 341 540 933 245 595 904 720 738 557 157 857 562 432 483 316 405 1187 930 805 355 538 509 498 452 748 389 616 714 668 963 527 712
611 700 367 325 187 323 568 222 671 613 642 533 217 623 338 473 666 324 88 624 178 343 477 0 421 891 404 758 633 276 315 190 511 688 457 771 254 744 701 229 223 152 67 604 615 664 689 424 77 569 153 391 566 534 334 670 447 435 333 133 197 387 406 341 563 599 597 143 154 465 580 631 141 668 639 144 218 540 356 313 389 270 690 526 670 288 658 310 308 221 189 630 512 158 575 678 569 378 158 734 296 132 698 544 603 308 388 610 85 579 464 443 363 831 677 738 418 452 294 302 503 544 141 434 635 460 804 333 356
748 315 576 572 554 427 223 283 281 235 339 398 300 312 357 559 349 587 343 309 243 581 628 421 0 503 564 395 554 499 144 388 163 348 308 350 665 480 280 578 398 479 472 186 280 309 310 692 453 254 570 318 155 513 115 357 32 104 124 299 498 629 604 596 243 179 445 297 523 424 477 266 405 279 320 538 232 525 193 264 457 511 273 158 352 548 344 391 125 572 404 209 528 572 316 263 315 297 273 328 604 503 294 123 184 113 471 230 431 384 209 355 228 575 304 328 303 138 140 143 278 131 528 29 232 44 387 107 201
932 480 883 907 1048 735 552 690 466 493 293 817 803 298 658 1038 263 929 804 293 725 906 868 891 503 0 838 145 963 848 576 782 379 581 508 257 1145 751 303 1076 773 976 951 332 287 546 496 1194 939 595 1025 581 433 653 559 628 471 457 559 788 999 942 892 929 337 381 490 750 1015 613 555 522 823 226 281 976 733 974 544 760 943 1014 359 520 259 901 273 709 588 975 798 346 988 1021 371 257 682 577 764 409 972 994 420 409 338 601 735 492 921 436 441 563 551 819 508 192 544 439 600 591 434 440 962 479 272 482 341 562 689
211 877 63 115 570 137 783 303 842 798 546 863 566 543 210 868 575 134 369 549 438 100 75 404 564 838 0 694 994 129 423 234 529 910 336 839 560 1023 787 614 203 554 455 681 564 873 873 820 479 805 407 274 710 224 451 913 569 496 441 459 600 111 54 122 523 714 375 358 542 227 320 830 268 665 560 337 515 915 377 637 774 674 806 720 579 141 566 173 453 262 226 729 893 389 468 726 844 287 465 876 197 525 846 661 685 488 105 794 489 408 434 277 347 1118 868 762 308 483 440 431 412 687 325 554 667 606 911 461 640
795 459 738 762 922 590 495 551 437 447 149 751 689 152 513 949 119 784 670 148 598 761 725 758 395 145 694 0 903 703 446 641 251 555 363 264 1012 727 275 952 630 853 820 254 145 515 472 1084 810 539 888 436 364 514 432 596 363 330 430 663 879 796 748 784 196 316 354 616 889 469 419 482 682 124 135 836 615 899 406 659 849 901 332 450 115 756 128 564 462 832 656 289 908 883 226 201 626 433 640 401 827 867 399 325 262 481 590 445 794 295 300 418 409 806 481 162 398 308 473 462 289 364 822 368 182 383 362 436 592
1203 503 975 944 588 871 412 700 505 470 886 157 430 859 832 232 891 948 632 855 557 960 1068 633 554 963 994 903 0 881 629 761 713 408 844 718 721 290 662 569 791 534 622 649 821 430 484 489 587 369 748 828 540 1028 613 357 579 657 623 538 504 1008 1013 964 793 589 993 635 585 938 1016 445 737 780 865 772 480 108 708 358 256 434 607 454 893 908 888 840 591 855 772 621 149 763 870 712 282 806 529 578 928 584 554 580 642 550 934 471 563 936 760 877 742 317 469 772 827 691 597 612 829 540 772 583 722 543 668 601 377
335 814 94 73 442 116 707 218 780 732 559 758 451 551 189 745 588 89 250 555 332 84 201 276 499 848 129 703 881 0 355 124 501 835 342 809 440 933 750 486 102 426 326 643 563 801 808 691 350 724 285 267 652 308 384 832 511 452 376 343 471 134 133 97 515 665 428 249 413 273 386 760 145 652 568 215 408 798 332 529 653 546 760 648 593 54 579 138 378 154 110 686 774 269 481 698 753 271 353 824 125 396 791 609 645 407 151 727 361 442 415 294 311 1027 801 743 304 447 364 358 414 629 201 496 643 543 870 392 541
614 459 433 428 477 286 360 141 425 378 343 480 272 320 222 580 363 444 229 320 155 437 489 315 144 576 423 446 629 355 0 246 197 487 219 472 569 605 407 509 255 410 375 302 305 450 454 659 365 384 455 200 297 400 29 490 157 121 21 220 440 485 462 452 255 314 373 176 444 310 388 408 270 353 334 413 193 578 80 286 474 475 409 297 367 405 356 250 38 436 263 339 570 453 289 370 430 178 199 470 463 422 436 257 303 80 335 373 349 327 167 248 113 701 447 427 198 137 36 20 226 274 401 142 323 187 522 38 253
445 700 216 194 374 134 588 105 667 616 507 635 332 493 158 636 534 205 136 496 209 207 309 190 388 782 234 641 761 124 246 0 416 716 298 714 409 810 651 417 34 340 252 545 496 683 693 613 266 603 262 224 542 345 275 711 403 355 267 225 384 257 253 217 446 560 422 127 341 280 397 643 52 573 510 200 285 681 243 407 541 452 655 531 539 165 525 122 263 195 17 584 659 253 432 607 630 218 232 715 217 321 681 503 546 289 200 612 270 416 341 270 232 904 685 658 258 357 248 245 360 519 186 388 555 431 768 281 418
682 382 558 569 672 402 343 316 349 325 176 557 442 149 322 720 187 589 424 146 348 573 579 511 163 379 529 251 713 501 197 416 0 448 208 311 765 604 260 702 413 602 572 156 119 405 385 837 561 382 648 255 222 416 181 472 135 80 180 412 628 616 578 593 80 204 310 371 639 338 356 362 451 158 158 601 366 688 173 423 617 653 286 280 190 555 182 369 212 611 432 209 691 644 161 198 458 242 389 362 621 617 338 166 161 232 425 321 544 242 97 269 191 696 386 243 225 60 222 212 148 206 588 134 141 171 384 186 363
1096 102 918 908 754 772 128 618 118 124 589 294 488 564 705 555 583 921 634 558 526 919 975 688 348 581 910 555 408 835 487 716 448 0 643 325 887 172 284 759 733 677 717 319 521 43 85 784 687 119 839 663 226 852 459 51 350 435 469 556 673 968 948 932 513 255 758 604 733 766 803 86 721 442 563 828 470 453 540 395 494 643 226 190 583 881 584 737 459 882 732 272 481 846 605 355 156 644 532 175 929 719 161 282 311 428 819 128 660 690 532 696 575 254 75 401 645 461 472 480 594 243 820 362 387 309 262 449 335
474 586 376 399 641 228 526 236 552 521 218 692 483 211 153 797 247 421 373 215 349 398 378 457 308 508 336 363 844 342 219 298 208 643 0 511 701 786 466 680 280 587 524 364 228 601 588 853 525 560 560 76 421 210 232 659 297 209 222 409 624 435 389 421 188 411 155 322 607 130 172 557 347 330 228 499 405 796 139 505 691 672 495 460 252 394 238 204 257 479 311 417 789 551 139 397 623 81 395 570 466 585 545 366 370 297 231 517 518 123 113 62 110 881 586 427 40 182 255 239 76 402 484 286 338 339 590 244 469
983 223 869 878 899 712 314 610 213 250 358 580 632 342 633 818 339 897 691 335 593 883 888 771 350 257 839 264 718 809 472 714 311 325 511 0 1014 494 72 919 716 822 822 170 303 292 241 1005 802 354 919 565 222 707 446 373 324 359 451 649 835 926 889 902 327 177 568 643 869 639 627 273 741 193 332 884 576 740 477 568 733 834 112 300 337 862 344 679 467 907 731 142 759 920 410 114 438 552 622 152 926 850 166 229 170 463 735 250 779 499 406 572 499 563 253 104 533 362 482 479 439 239 872 338 173 314 98 444 493
737 917 504 451 138 529 779 470 891 832 895 669 401 876 567 505 919 438 342 878 424 469 620 254 665 1145 560 1012 721 440 569 409 765 887 701 1014 0 905 943 152 437 210 194 850 869 871 903 322 212 770 155 631 800 742 587 859 693 688 586 365 224 494 538 454 818 838 832 397 155 687 805 844 357 920 892 225 440 614 610 492 467 287 925 747 924 420 911 528 559 301 401 872 575 171 826 926 747 621 392 961 380 169 924 785 848 554 584 829 236 822 717 679 614 981 890 988 662 706 546 554 753 780 239 681 886 700 1037 585 556
1219 272 1022 1004 768 887 262 721 291 287 755 241 528 729 827 490 750 1014 708 723 606 1017 1092 744 480 751 1023 727 290 933 605 810 604 172 786 494 905 0 456 763 832 697 758 487 686 213 257 741 725 226 886 796 386 992 579 134 490 577 591 618 682 1067 1055 1027 674 422 912 688 753 904 952 249 805 612 729 888 537 368 670 432 460 634 398 327 751 974 751 852 572 955 825 442 405 897 764 527 181 775 598 342 1013 744 332 441 479 534 940 290 698 846 680 835 705 95 247 574 782 607 583 594 746 398 884 500 557 447 422 568 396
940 185 814 820 827 657 252 546 166 191 340 518 560 320 579 751 325 838 623 313 523 826 839 701 280 303 787 275 662 750 407 651 260 284 466 72 943 456 0 847 655 750 751 107 277 246 199 934 730 293 850 514 151 669 380 328 255 298 386 577 763 870 835 845 291 105 540 575 798 596 596 219 676 175 313 816 504 677 418 496 664 762 58 231 324 802 329 623 400 843 668 71 695 851 380 82 380 500 551 128 865 778 125 158 105 393 685 190 708 470 356 527 443 532 209 117 484 305 414 412 398 167 805 270 136 242 124 377 422
811 799 567 518 44 549 659 444 776 717 850 524 288 829 567 354 872 510 308 829 354 537 683 229 578 1076 614 952 569 486 509 417 702 759 680 919 152 763 847 0 450 100 165 763 814 747 784 208 155 645 230 617 699 762 521 727 609 622 523 289 86 572 605 528 764 742 824 358 75 694 808 724 366 849 843 287 346 462 566 368 317 135 822 636 876 482 864 539 490 378 414 777 423 248 789 841 613 603 313 849 463 97 813 692 760 475 612 714 163 802 671 670 579 835 770 906 642 645 480 492 718 680 296 599 808 608 931 516 438
413 713 190 175 407 100 605 116 679 630 493 663 364 480 133 670 521 189 170 484 236 186 277 223 398 773 203 630 791 102 255 34 413 733 280 716 437 832 655 450 0 374 285 548 486 699 707 647 300 622 287 204 552 313 284 730 411 357 276 257 418 235 225 199 437 567 396 156 374 251 368 658 84 568 497 221 313 713 240 435 573 486 662 546 525 150 512 92 276 202 36 589 692 275 416 608 652 201 262 724 210 354 691 511 550 305 165 625 304 395 333 246 225 926 699 656 240 356 262 256 345 529 206 396 553 442 774 291 443
759 711 514 469 78 474 571 354 686 627 752 465 195 730 483 344 773 465 218 730 255 488 626 152 479 976 554 853 534 426 410 340 602 677 587 822 210 697 750 100 374 0 103 665 715 662 696 274 76 561 216 527 603 683 421 649 510 522 424 190 46 528 553 482 665 645 734 265 56 610 722 636 293 750 744 253 247 432 469 283 279 124 727 544 777 432 766 459 390 344 340 680 398 232 692 742 537 512 213 757 427 49 721 595 662 375 539 624 71 709 573 581 484 775 683 807 550 546 381 392 622 584 258 499 709 510 838 416 349
658 737 412 366 122 385 601 288 709 651 707 536 232 687 404 443 730 362 153 688 230 386 526 67 472 951 455 820 622 326 375 252 572 717 524 822 194 758 751 165 285 103 0 657 678 696 724 366 35 598 129 458 611 597 393 694 500 495 392 174 148 425 451 380 627 647 664 207 90 530 645 665 201 727 702 153 254 523 421 328 370 226 736 564 735 330 722 374 364 243 250 680 491 142 641 732 588 445 200 775 324 70 739 593 655 360 448 647 61 646 528 509 429 842 712 794 485 513 352 361 569 590 156 487 692 508 849 391 382
838 238 707 713 740 550 242 441 207 201 270 497 481 246 472 706 264 731 523 240 427 719 734 604 186 332 681 254 649 643 302 545 156 319 364 170 850 487 107 763 548 665 657 0 202 277 245 867 639 286 751 409 110 571 277 353 157 191 281 485 682 763 729 737 202 65 453 474 710 494 504 238 572 131 244 714 418 648 311 430 611 689 131 196 264 695 264 516 299 737 562 54 659 751 294 78 372 394 459 207 758 689 187 77 8 297 579 198 617 383 253 425 336 573 249 145 380 198 313 309 300 111 702 170 73 156 230 274 357
687 439 604 624 782 452 432 406 409 400 69 665 560 44 374 838 70 645 526 38 460 625 603 615 280 287 564 145 821 563 305 496 119 521 228 303 869 686 277 814 486 715 678 202 0 478 447 955 669 475 743 297 301 407 294 552 250 197 291 525 743 663 617 647 51 266 265 472 749 347 324 438 537 111 44 691 484 802 261 541 735 771 322 375 72 616 67 425 326 688 511 253 806 738 108 197 556 292 502 399 687 726 385 249 210 349 460 396 654 196 155 288 264 774 451 207 261 170 334 322 152 292 677 251 142 281 394 300 480
1056 73 882 874 739 735 97 583 80 81 546 305 470 521 667 563 540 887 607 515 498 884 937 664 309 546 873 515 430 801 450 683 405 43 601 292 871 213 246 747 699 662 696 277 478 0 54 783 667 102 816 623 183 811 422 82 309 394 432 531 660 933 912 898 470 212 715 574 716 726 760 44 690 400 520 802 446 467 501 380 495 635 188 153 541 848 541 700 424 853 699 230 492 822 562 314 162 604 507 147 897 701 127 239 268 394 781 85 641 647 490 655 535 296 39 363 604 419 437 445 552 200 794 323 345 269 238 412 315
1051 19 886 881 774 736 125 591 38 77 515 358 502 491 665 613 506 896 626 484 518 891 935 689 310 496 873 472 484 808 454 693 385 85 588 241 903 257 199 784 707 696 724 245 447 54 0 829 697 145 841 616 167 798 425 133 305 384 434 556 697 939 914 905 444 184 693 589 750 714 741 60 704 362 488 822 471 519 497 416 542 676 141 165 506 856 508 700 431 869 710 194 544 846 536 273 214 598 530 94 909 734 76 222 237 405 778 82 671 624 475 644 530 334 16 317 594 407 445 450 533 188 814 319 310 268 185 416 348
1018 846 774 725 251 747 710 624 830 774 1000 504 395 976 756 258 1018 717 491 975 507 744 889 424 692 1194 820 1084 489 691 659 613 837 784 853 1005 322 741 934 208 647 274 366 867 955 783 829 0 347 684 435 797 783 957 663 742 724 758 668 445 232 779 812 735 908 832 1003 534 278 883 995 770 565 971 989 495 471 385 727 438 290 184 898 706 1022 690 1012 733 631 585 613 868 344 454 947 945 628 781 462 908 670 296 874 791 862 606 812 772 345 973 825 852 746 795 813 1012 818 786 625 639 881 769 504 717 923 712 997 656 512
683 710 438 394 116 400 573 290 683 624 701 502 200 681 413 411 724 391 153 682 214 413 551 77 453 939 479 810 587 350 365 266 561 687 525 802 212 725 730 155 300 76 35 639 669 667 697 347 0 569 164 462 588 611 380 664 482 482 381 154 121 454 478 408 619 626 669 204 81 540 654 638 218 713 696 187 229 489 416 296 335 197 713 538 728 357 716 387 351 275 266 660 457 177 638 715 556 448 180 750 356 59 714 573 637 343 465 621 27 648 522 515 427 808 684 778 488 502 339 349 566 568 189 470 677 488 826 377 353
997 163 809 796 638 668 44 508 150 103 543 226 370 516 605 472 542 809 517 511 409 808 872 569 254 595 805 539 369 724 384 603 382 119 560 354 770 226 293 645 622 561 598 286 475 102 145 684 569 0 720 571 177 766 357 108 264 351 368 437 559 857 841 820 456 223 688 488 616 678 726 88 606 417 518 709 352 386 445 278 398 534 242 102 543 768 541 633 352 765 619 253 407 727 544 344 87 550 413 228 814 601 198 226 278 318 718 103 542 623 454 608 480 321 129 403 556 382 365 374 521 183 702 274 359 221 321 346 216
591 853 352 300 189 376 720 337 823 766 762 665 359 746 419 559 788 289 228 748 329 319 469 153 570 1025 407 888 748 285 455 262 648 839 560 919 155 886 850 230 287 216 129 751 743 816 841 435 164 720 0 486 717 587 477 819 595 575 474 285 255 348 388 306 692 749 683 279 174 535 653 783 212 806 762 70 370 647 482 455 494 334 841 678 792 267 779 377 453 153 252 780 613 19 689 823 715 479 311 886 236 168 850 693 750 457 429 762 190 678 588 532 481 971 830 881 519 587 439 444 617 695 84 582 777 610 955 477 505
435 617 308 327 577 155 541 173 582 545 293 680 442 284 78 761 322 348 310 288 303 328 325 391 318 581 274 436 828 267 200 224 255 663 76 565 631 796 514 617 204 527 458 409 297 623 616 797 462 571 486 0 449 201 221 674 314 232 209 358 566 367 325 350 252 447 207 263 543 111 201 580 274 393 301 424 368 771 126 477 656 620 537 476 326 320 312 129 237 403 236 459 760 477 215 452 625 21 347 609 392 521 581 397 413 279 170 540 457 192 160 55 91 891 613 488 37 213 231 216 147 428 409 301 393 355 638 233 452
884 168 726 724 681 574 133 438 133 102 370 388 411 344 500 607 367 740 493 338 388 733 770 566 155 433 710 364 540 652 297 542 222 226 421 222 800 386 151 699 552 603 611 110 301 183 167 783 588 177 717 449 0 631 268 252 142 217 277 438 614 780 753 749 289 52 532 450 652 547 577 140 559 241 344 690 360 541 333 346 516 612 125 88 368 702 367 538 280 726 559 88 555 720 379 176 262 431 411 173 759 634 140 56 102 263 613 98 565 464 309 477 364 476 165 241 427 240 295 297 369 23 679 157 183 111 238 261 271
281 796 285 331 719 214 734 347 762 731 368 881 631 374 207 949 396 352 468 381 490 320 225 534 513 653 224 514 1028 308 400 345 416 852 210 707 742 992 669 762 313 683 597 571 407 811 798 957 611 766 587 201 631 0 421 867 504 418 410 536 726 335 275 344 379 620 165 432 687 90 102 767 396 517 389 517 560 968 326 675 846 789 701 668 400 346 388 224 438 462 349 624 955 573 300 595 824 222 531 777 413 666 754 576 577 480 158 726 613 219 323 158 290 1087 796 614 210 392 432 417 271 612 503 493 536 546 792 433 652
640 430 462 457 491 314 332 170 396 349 337 462 272 313 248 573 355 473 250 312 167 466 517 334 115 559 451 432 613 384 29 275 181 459 232 446 587 579 380 521 284 421 393 277 294 422 425 663 380 357 477 221 268 421 0 463 128 102 11 232 449 514 490 481 246 286 384 198 458 331 403 379 296 334 326 438 193 565 96 276 467 479 381 269 359 434 349 278 32 463 292 311 559 476 289 346 406 199 208 441 491 436 408 229 277 66 362 344 363 334 166 267 131 675 418 404 215 124 41 33 230 245 426 113 301 158 494 12 237
1103 151 917 904 724 775 134 616 162 152 621 246 463 595 711 509 616 916 621 589 515 916 979 670 357 628 913 596 357 832 490 711 472 51 659 373 859 134 328 727 730 649 694 353 552 82 133 742 664 108 819 674 252 867 463 0 363 450 474 539 642 965 949 928 541 288 781 594 704 780 823 115 712 479 595 811 454 404 549 368 452 607 270 199 617 876 617 740 460 870 726 309 433 827 631 395 115 654 516 225 920 691 208 307 345 426 825 156 636 714 551 710 584 224 120 445 658 479 472 482 615 266 805 375 423 321 313 453 314
747 308 584 583 584 432 230 298 273 231 310 422 332 284 360 590 319 599 367 280 270 591 630 447 32 471 569 363 579 511 157 403 135 350 297 324 693 490 255 609 411 510 500 157 250 309 305 724 482 264 595 314 142 504 128 363 0 88 136 328 529 638 611 607 215 158 427 320 553 417 463 266 424 247 291 561 264 553 193 296 488 543 253 164 322 561 315 397 145 591 420 185 557 596 292 233 331 295 302 313 619 533 281 101 156 140 473 227 461 364 192 347 226 584 300 297 296 119 160 159 259 119 550 15 200 42 367 123 231
667 385 518 522 593 363 317 252 350 314 247 501 364 222 286 648 262 540 349 220 269 529 554 435 104 457 496 330 657 452 121 355 80 435 209 359 688 577 298 622 357 522 495 191 197 394 384 758 482 351 575 232 217 418 102 450 88 0 102 333 548 574 542 547 152 218 341 297 560 332 375 350 385 232 233 532 287 624 121 349 544 574 311 251 266 504 256 328 132 549 372 235 624 573 214 253 418 214 309 379 567 538 350 166 193 152 397 310 465 280 105 261 149 671 381 307 211 34 143 134 174 196 520 78 203 130 419 106 294
629 440 452 448 492 303 343 162 405 359 332 473 278 309 237 582 351 464 247 308 169 457 506 333 124 559 441 430 623 376 21 267 180 469 222 451 586 591 386 523 276 424 392 281 291 432 434 668 381 368 474 209 277 410 11 474 136 102 0 234 452 504 480 472 242 293 374 195 459 320 393 390 290 334 322 433 199 575 85 285 476 484 388 279 355 425 344 268 38 457 284 318 569 473 282 350 417 188 211 449 483 437 416 236 282 76 351 354 364 325 159 255 120 686 428 407 204 122 44 32 221 253 421 121 303 167 501 23 247
670 568 437 407 260 346 435 190 538 481 563 420 108 541 329 417 584 412 95 541 65 423 534 133 299 788 459 663 538 343 220 225 412 556 409 649 365 618 577 289 257 190 174 485 525 531 556 445 154 437 285 358 438 536 232 539 328 333 234 0 220 471 475 427 475 474 561 105 227 453 558 498 200 562 555 273 85 456 283 192 318 263 562 393 587 372 576 321 201 337 234 507 435 291 505 561 441 340 27 603 399 206 567 420 483 189 412 477 133 529 385 413 301 708 544 624 375 356 191 202 437 416 267 316 524 335 676 227 225
804 713 559 514 87 518 572 393 689 631 783 445 203 760 524 304 803 510 260 760 285 533 672 197 498 999 600 879 504 471 440 384 628 673 624 835 224 682 763 86 418 46 148 682 743 660 697 232 121 559 255 566 614 726 449 642 529 548 452 220 0 573 598 527 694 658 773 304 83 652 763 637 338 772 774 297 266 399 503 281 248 80 737 550 807 477 796 502 417 388 385 694 363 272 725 760 528 551 241 763 471 87 727 610 678 398 584 628 114 745 605 621 519 757 683 826 588 573 409 421 656 596 302 520 729 526 846 443 352
243 944 58 64 528 214 839 350 910 862 649 889 578 645 294 860 679 63 376 650 465 49 136 387 629 942 111 796 1008 134 485 257 616 968 435 926 494 1067 870 572 235 528 425 763 663 933 939 779 454 857 348 367 780 335 514 965 638 574 504 471 573 0 60 46 619 790 485 382 505 335 431 892 271 760 661 285 539 921 453 660 774 651 884 780 683 100 669 247 509 196 243 809 895 330 571 814 886 376 483 950 114 491 919 735 766 540 207 858 470 516 524 378 427 1160 932 854 403 565 495 489 511 757 275 623 756 672 993 522 674
206 919 39 88 561 179 820 334 884 839 599 887 583 596 257 877 629 101 382 602 461 69 82 406 604 892 54 748 1013 133 462 253 578 948 389 889 538 1055 835 605 225 553 451 729 617 912 914 812 478 841 388 325 753 275 490 949 611 542 480 475 598 60 0 85 575 760 429 379 535 282 373 870 278 717 613 321 537 930 422 659 786 675 853 759 633 123 620 215 489 238 241 776 907 370 522 776 875 336 484 921 163 519 890 706 732 523 158 834 491 463 484 330 393 1150 909 813 359 530 476 468 465 730 310 596 717 647 959 500 668
285 911 59 25 484 195 804 315 877 829 638 846 534 632 274 815 667 18 332 636 424 24 168 341 596 929 122 784 964 97 452 217 593 932 421 902 454 1027 845 528 199 482 380 737 647 898 905 735 408 820 306 350 749 344 481 928 607 547 472 427 527 46 85 0 601 762 486 340 460 332 435 857 227 741 649 241 497 876 426 617 728 605 856 745 672 55 658 225 475 154 203 781 850 288 559 791 847 357 440 920 77 446 888 706 740 504 202 824 424 511 504 367 403 1120 898 834 387 540 461 455 496 726 231 592 734 640 966 489 634
656 439 561 579 732 407 415 354 407 390 96 636 514 70 327 799 111 599 475 68 410 580 565 563 243 337 523 196 793 515 255 446 80 513 188 327 818 674 291 764 437 665 627 202 51 470 444 908 619 456 692 252 289 379 246 541 215 152 242 475 694 619 575 601 0 261 251 421 698 312 305 428 486 143 81 640 437 768 209 500 695 724 329 355 114 569 104 378 277 639 461 255 770 686 92 216 534 245 453 407 639 676 388 233 209 303 418 386 604 181 104 249 214 764 447 240 216 122 285 273 113 276 626 214 157 250 413 253 442
881 179 735 737 722 580 179 455 146 135 334 439 455 309 504 658 329 754 522 303 420 744 771 599 179 381 714 316 589 665 314 560 204 255 411 177 838 422 105 742 567 645 647 65 266 212 184 832 626 223 749 447 52 620 286 288 158 218 293 474 658 790 760 762 261 0 510 476 693 539 559 173 582 195 308 718 399 593 338 394 567 659 95 139 329 717 329 545 302 749 577 37 607 751 353 124 310 430 447 162 776 674 134 57 57 292 615 132 603 440 297 469 367 508 186 189 421 234 317 317 352 63 707 173 137 139 209 281 320
443 689 431 468 784 315 651 380 656 635 214 839 638 226 264 952 239 491 517 233 503 461 388 597 445 490 375 354 993 428 373 422 310 758 155 568 832 912 540 824 396 734 664 453 265 715 693 1003 669 688 683 207 532 165 384 781 427 341 374 561 773 485 429 486 251 510 0 469 750 156 65 672 474 375 238 617 560 949 293 659 846 824 580 586 243 475 232 307 410 580 431 506 943 672 160 461 758 222 548 658 547 728 639 476 460 450 285 631 664 70 236 154 265 1005 694 470 186 308 409 393 168 516 602 419 404 469 659 396 619
568 599 342 318 320 241 477 89 566 512 500 508 209 480 226 522 523 327 54 482 83 333 433 143 297 750 358 616 635 249 176 127 371 604 322 643 397 688 575 358 156 265 207 474 472 574 589 534 204 488 279 263 450 432 198 594 320 297 195 105 304 382 379 340 421 476 469 0 286 352 461 536 118 528 496 241 158 558 214 280 423 359 570 425 528 286 515 216 175 280 139 505 539 278 434 544 508 247 107 622 326 263 587 420 473 187 307 508 196 444 321 317 222 781 580 602 285 310 161 165 362 427 230 305 498 339 685 199 294
741 764 496 448 34 474 625 371 739 680 782 520 248 761 492 386 805 442 234 762 291 468 612 154 523 1015 542 889 585 413 444 341 639 733 607 869 155 753 798 75 374 56 90 710 749 716 750 278 81 616 174 543 652 687 458 704 553 560 459 227 83 505 535 460 698 693 750 286 0 618 733 690 291 789 776 222 293 481 497 338 329 161 777 596 809 413 797 463 427 315 339 727 446 192 719 787 593 530 252 809 399 22 773 641 707 416 537 677 95 729 603 596 508 831 736 850 569 581 417 427 648 633 230 542 751 556 888 454 402
345 714 279 314 652 162 646 264 679 646 321 790 545 321 127 864 350 336 392 327 404 308 256 465 424 613 227 469 938 273 310 280 338 766 130 639 687 904 596 694 251 610 530 494 347 726 714 883 540 678 535 111 547 90 331 780 417 332 320 453 652 335 282 332 312 539 156 352 618 0 118 682 332 454 337 468 473 879 236 586 760 711 624 581 354 320 341 159 348 425 287 547 867 523 245 526 735 132 446 699 392 597 674 493 500 390 130 641 539 181 242 71 200 999 712 552 122 308 341 326 200 527 453 405 466 459 720 343 562
377 738 378 420 767 278 691 371 704 679 277 864 643 287 242 961 303 442 504 294 504 411 327 580 477 555 320 419 1016 386 388 397 356 803 172 627 805 952 596 808 368 722 645 504 324 760 741 995 654 726 653 201 577 102 403 823 463 375 393 558 763 431 373 435 305 559 65 461 733 118 0 717 449 435 300 585 567 966 308 673 855 819 634 625 307 430 295 276 426 540 404 558 957 640 217 518 792 220 548 711 500 712 690 521 511 467 238 675 652 129 272 146 276 1046 741 531 191 345 423 407 208 560 570 453 460 505 716 415 640
1013 76 840 833 714 693 65 542 63 38 506 309 442 481 624 560 501 847 571 475 462 843 894 631 266 522 830 482 445 760 408 643 362 86 557 273 844 249 219 724 658 636 665 238 438 44 60 770 638 88 783 580 140 767 379 115 266 350 390 498 637 892 870 857 428 173 672 536 690 682 717 0 652 364 480 766 413 471 458 356 485 617 163 112 502 807 502 657 382 815 659 194 494 789 520 282 166 560 473 141 858 674 112 196 230 354 737 42 612 604 446 611 491 336 47 335 560 376 396 403 508 157 758 279 308 226 233 370 288
478 713 239 206 323 183 594 134 680 627 552 618 307 537 210 601 579 213 106 539 199 223 342 141 405 823 268 682 737 145 270 52 451 721 347 741 357 805 676 366 84 293 201 572 537 690 704 565 218 606 212 274 559 396 296 712 424 385 290 200 338 271 278 227 486 582 474 118 291 332 449 652 0 609 553 154 271 653 279 389 508 408 676 540 583 172 570 174 280 167 48 608 629 204 478 637 625 267 213 733 208 271 698 525 572 299 247 623 224 466 382 321 273 897 695 691 307 391 265 265 406 536 140 409 587 448 790 301 410
796 351 702 717 822 547 373 475 325 328 167 627 578 149 467 827 150 738 581 142 499 720 708 668 279 226 665 124 780 652 353 573 158 442 330 193 920 612 175 849 568 750 727 131 111 400 362 971 713 417 806 393 241 517 334 479 247 232 334 562 772 760 717 741 143 195 375 528 789 454 435 364 609 0 140 760 507 775 330 540 728 790 227 326 149 706 154 516 363 768 589 171 785 803 218 93 503 384 538 302 774 768 293 201 139 375 560 326 695 306 237 391 343 695 368 98 358 219 375 366 255 240 746 254 58 263 286 336 471
670 480 603 627 810 455 476 425 450 443 27 708 595 17 378 878 30 648 550 14 489 626 593 639 320 281 560 135 865 568 334 510 158 563 228 332 892 729 313 843 497 744 702 244 44 520 488 989 696 518 762 301 344 389 326 595 291 233 322 555 774 661 613 649 81 308 238 496 776 337 300 480 553 140 0 707 518 844 282 580 774 805 360 419 33 621 24 430 358 699 524 294 848 756 92 231 600 298 533 437 692 754 424 293 252 384 456 439 682 172 175 283 281 816 492 232 263 203 365 353 154 335 693 291 180 323 426 333 521
525 833 284 233 244 307 705 286 802 746 706 677 362 691 354 596 733 223 197 693 305 252 401 144 538 976 337 836 772 215 413 200 601 828 499 884 225 888 816 287 221 253 153 714 691 802 822 495 187 709 70 424 690 517 438 811 561 532 433 273 297 285 321 241 640 718 617 241 222 468 585 766 154 760 707 0 358 675 432 457 522 376 811 658 737 199 724 310 416 92 188 746 644 55 632 783 712 418 296 861 176 211 825 661 714 427 360 742 209 616 536 467 427 976 812 839 458 541 402 405 559 667 15 547 735 580 925 440 498
723 484 501 475 323 391 350 220 455 397 530 350 79 505 357 393 547 483 171 504 77 491 589 218 232 733 515 615 480 408 193 285 366 470 405 576 440 537 504 346 313 247 254 418 484 446 471 471 229 352 370 368 360 560 193 454 264 287 199 85 266 539 537 497 437 399 560 158 293 473 567 413 271 507 518 358 0 410 269 122 288 287 484 310 551 443 541 361 162 419 297 434 395 376 481 495 358 348 62 522 477 274 485 348 415 135 454 394 205 518 358 422 295 627 460 560 377 315 157 172 418 340 351 254 463 263 597 185 141
1126 539 892 857 482 798 426 630 534 490 864 162 349 837 767 127 872 860 548 833 485 875 990 540 525 974 915 899 108 798 578 681 688 453 796 740 614 368 677 462 713 432 523 648 802 467 519 385 489 386 647 771 541 968 565 404 553 624 575 456 399 921 930 876 768 593 949 558 481 879 966 471 653 775 844 675 410 0 658 294 154 327 628 454 875 822 868 769 540 760 690 628 41 662 838 717 306 750 451 611 836 481 583 574 641 499 863 489 466 897 722 823 690 412 504 781 775 658 543 559 790 537 676 555 718 522 703 553 331
