NAME : X-n167-k10_SARP
COMMENT : Curated from VRPLIB to SARP
TYPE : SARP
DIMENSION : 167
EDGE_WEIGHT_TYPE : EXPLICIT
EDGE_WEIGHT_FORMAT : FULL_MATRIX
EDGE_WEIGHT_SECTION
0 892 351 919 980 400 842 840 1105 972 847 1062 1235 942 1074 481 588 894 508 201 330 1016 1162 488 1215 531 1091 1218 1063 994 1017 752 1059 1015 873 383 862 776 554 966 967 498 538 759 1115 577 864 648 581 682 177 614 628 688 913 583 632 876 596 547 728 1364 577 621 961 987 1008 530 559 635 91 833 840 340 750 1109 1033 820 946 652 978 445 587 337 786 1042 598 706 130 704 442 570 739 741 951 990 777 978 1208 147 838 1094 95 443 693 1317 675 1059 1069 928 792 521 921 1089 732 1126 1034 1065 981 607 943 1066 439 1216 867 833 924 811 501 561 956 713 545 332 763 940 1064 1202 821 892 1002 1004 790 1211 761 774 1064 417 1025 518 695 838 1040 1015 537 958 217 605 444 706 589 896 169 604 457 997 887
892 0 567 195 256 776 862 441 533 180 933 228 715 566 294 443 660 6 711 693 610 615 421 844 611 368 638 632 716 647 126 297 173 730 86 657 251 299 373 1094 781 394 532 336 365 766 225 283 650 383 793 491 298 795 593 507 691 44 651 376 704 692 821 520 230 321 871 367 565 258 817 67 394 556 717 443 147 445 182 615 286 608 839 580 551 320 876 711 782 201 585 644 279 287 124 203 271 588 616 749 419 472 798 529 542 664 223 682 561 742 856 394 212 635 420 525 193 647 340 866 223 791 748 712 252 737 200 669 507 789 212 516 515 561 392 79 183 533 965 710 365 287 466 658 151 196 302 480 787 403 220 1007 148 468 700 329 680 287 606 212 355 1052 725 310 764 346 245
351 567 0 570 629 277 626 501 763 681 661 717 905 618 724 131 334 571 299 191 50 694 811 380 873 251 765 878 756 681 694 401 724 719 567 156 511 425 308 813 694 195 221 410 763 386 597 378 323 335 225 286 283 482 598 259 387 544 337 200 472 1018 419 303 612 636 755 203 259 323 264 516 495 67 495 759 699 483 659 370 626 169 437 15 471 691 466 457 226 369 148 310 388 495 609 642 426 655 867 205 496 747 266 107 382 973 344 746 733 650 587 272 645 763 391 781 691 743 630 466 593 777 277 888 609 570 645 529 168 388 676 393 222 115 419 626 728 854 658 610 651 653 457 875 457 427 713 171 743 171 356 689 712 672 315 607 139 287 167 415 347 748 212 262 302 646 624
919 195 570 0 74 716 710 272 341 367 785 154 523 381 157 439 557 201 627 733 602 424 266 763 426 445 444 444 526 460 246 190 213 545 279 615 85 175 479 940 605 446 460 210 211 664 418 410 550 285 789 397 291 669 414 422 576 156 547 372 566 525 719 419 48 129 694 400 479 336 834 234 226 582 575 261 198 282 374 496 95 555 736 585 398 146 772 578 796 238 537 546 190 456 94 75 158 399 429 772 252 283 829 499 415 491 270 490 366 568 712 487 406 441 291 335 138 453 146 760 32 603 680 518 444 580 394 512 457 691 404 384 443 602 253 262 206 358 824 540 172 107 312 467 298 147 151 540 604 401 235 866 237 273 608 134 703 346 553 346 475 905 763 318 691 153 439
980 256 629 74 0 756 705 268 278 417 782 133 459 352 97 500 582 262 659 798 658 384 193 794 356 517 393 376 485 426 280 235 226 512 342 662 120 214 553 932 581 515 500 243 139 688 482 484 576 324 844 431 356 681 392 459 595 222 571 435 573 451 742 449 27 70 670 467 514 409 894 303 227 646 579 189 219 283 428 515 34 599 758 644 399 72 793 588 855 310 584 574 242 528 138 68 205 365 360 833 250 216 891 552 432 417 343 448 313 549 713 560 464 390 314 269 134 408 93 780 43 567 717 457 508 573 452 508 505 715 458 400 485 668 274 314 214 284 825 525 114 33 318 402 370 215 84 610 573 462 305 867 262 223 638 92 764 418 597 420 549 902 827 385 726 94 501
400 776 277 716 756 0 442 538 793 918 449 870 890 601 852 351 215 781 122 375 231 668 906 107 898 519 745 895 694 635 898 527 908 639 798 128 638 543 582 580 579 460 256 512 870 177 853 642 213 432 228 325 479 288 562 296 247 743 226 408 341 1055 179 312 746 736 611 448 244 566 323 738 557 338 361 830 886 517 900 293 740 168 191 277 443 800 210 317 295 578 191 207 529 763 782 790 558 634 888 321 544 801 370 254 360 1006 563 699 743 543 391 547 894 744 449 820 852 713 722 216 729 683 46 869 867 443 892 435 269 160 921 389 273 380 488 846 907 910 428 511 735 770 480 878 697 597 835 448 640 386 557 451 909 713 153 701 310 529 170 666 620 510 374 472 57 737 881
842 862 626 710 705 442 0 438 578 1039 79 837 587 379 778 607 293 868 343 787 600 402 767 368 651 785 466 636 364 349 951 566 922 297 922 492 627 562 857 232 201 730 431 526 758 266 1029 872 304 492 668 415 639 155 330 419 240 818 292 620 170 802 270 381 712 650 187 689 384 768 762 857 484 692 151 670 908 428 1034 280 675 457 265 635 313 710 270 176 731 718 479 317 588 986 802 767 591 390 638 750 458 623 805 535 329 754 724 390 510 196 54 831 1048 466 442 613 836 427 627 256 702 309 405 564 1051 132 1040 198 491 282 1062 349 441 740 470 940 913 709 131 197 623 700 399 603 860 670 756 771 263 616 691 170 946 539 319 617 720 738 460 860 886 197 794 655 385 636 1057
840 441 501 272 268 538 438 0 265 621 515 401 407 144 351 395 338 447 426 690 512 215 374 554 375 507 273 378 304 226 517 175 483 300 513 473 193 157 568 668 341 474 306 134 347 437 638 541 335 174 679 228 317 415 156 260 339 397 326 356 306 527 489 230 274 222 430 420 298 436 749 452 47 542 310 293 470 21 621 263 241 407 503 515 131 286 536 322 710 351 402 336 203 631 366 328 185 177 368 701 21 264 763 399 182 479 371 279 232 301 445 558 644 271 110 288 398 261 201 522 264 364 494 391 663 308 634 241 339 466 650 151 296 580 90 517 474 373 556 270 207 268 59 374 480 268 329 556 353 374 327 599 509 178 399 186 639 421 406 501 582 635 713 345 497 214 664
1105 533 763 341 278 793 578 265 0 695 656 371 182 208 286 649 583 539 675 950 776 179 211 794 110 730 140 118 256 232 550 388 482 307 619 737 319 362 781 778 401 709 571 363 229 669 758 730 582 429 944 493 542 617 257 525 570 496 571 600 506 263 716 492 304 212 478 656 560 637 1014 574 268 800 500 118 484 285 707 504 248 671 726 777 352 226 755 529 975 538 667 587 412 792 416 341 377 189 105 965 267 69 1027 663 433 214 567 217 69 387 606 779 743 138 373 34 391 171 195 739 311 344 748 178 784 456 730 410 603 698 736 406 561 834 344 592 467 131 709 382 169 249 318 129 632 437 265 799 367 622 523 748 527 92 646 211 902 634 671 673 786 767 975 573 748 187 778
972 180 681 367 417 918 1039 621 695 0 1109 344 874 744 427 570 824 173 866 772 728 791 551 995 761 445 809 784 892 825 157 473 242 909 122 793 430 477 420 1270 961 489 687 513 499 928 132 325 814 553 900 655 443 965 772 668 859 224 816 509 878 819 981 687 394 486 1051 479 724 358 907 186 573 654 892 594 227 624 31 785 450 752 1000 691 730 471 1037 884 877 344 727 806 452 256 280 354 448 765 768 838 599 630 878 664 715 799 355 857 729 922 1031 452 76 806 596 682 315 820 507 1028 391 968 895 873 148 916 64 847 654 949 47 691 670 646 569 105 258 674 1138 890 531 445 645 814 223 369 442 557 966 533 369 1180 191 638 858 499 773 395 750 269 388 1227 803 446 913 511 129
847 933 661 785 782 449 79 515 656 1109 0 915 658 458 857 655 334 939 366 810 629 479 846 361 726 836 540 711 435 426 1026 636 998 369 991 517 702 634 908 164 270 780 480 597 837 282 1094 930 346 559 676 473 700 179 409 474 283 890 335 674 232 875 270 440 789 728 236 742 433 827 772 926 560 728 217 749 984 504 1103 337 753 492 260 667 388 788 253 231 743 783 515 358 657 1046 877 844 662 468 713 766 535 702 818 576 395 828 787 463 588 271 81 880 1116 541 513 690 913 502 705 242 779 373 417 635 1116 211 1108 275 538 290 1130 418 492 775 543 1012 989 787 58 275 702 778 474 677 925 740 834 814 328 668 756 92 1021 618 347 695 743 796 494 921 939 120 814 714 395 715 1122
1062 228 717 154 133 870 837 401 371 344 915 0 541 480 87 586 707 230 780 872 751 504 206 916 422 565 501 446 603 549 189 344 112 636 306 769 235 328 585 1064 709 576 614 362 156 814 438 502 701 439 938 550 435 812 522 576 723 214 697 517 705 476 869 571 130 192 798 535 632 451 979 292 358 723 711 259 119 415 363 643 163 709 885 731 532 147 921 719 942 363 691 698 344 514 117 80 312 489 430 915 383 303 970 651 560 454 395 564 420 678 846 600 406 498 439 352 35 521 216 908 145 687 834 543 463 706 393 640 611 841 390 529 597 738 400 255 96 331 957 656 229 141 449 480 373 290 106 669 697 546 368 1000 160 337 760 222 846 470 707 432 572 1035 902 458 845 212 451
1235 715 905 523 459 890 587 407 182 874 658 541 0 294 454 802 675 721 768 1096 912 223 353 871 128 900 146 101 223 259 726 556 653 290 801 856 498 531 955 747 387 874 698 525 389 743 940 908 677 580 1066 623 710 668 328 653 650 679 664 760 568 228 782 614 485 394 439 820 677 812 1144 757 424 949 555 282 657 424 887 599 430 792 788 920 452 402 811 592 1105 715 793 685 582 974 596 520 549 258 116 1101 416 244 1163 801 543 188 743 202 178 395 628 950 924 147 516 192 564 178 378 795 493 291 844 23 966 488 911 466 740 771 916 522 691 987 495 772 637 228 715 408 351 429 449 61 814 615 436 961 331 779 698 748 700 262 738 393 1042 806 792 854 962 753 1118 740 839 370 960
942 566 618 381 352 601 379 144 208 744 458 480 294 0 410 525 387 572 480 809 621 76 388 592 302 648 149 296 161 84 625 318 578 165 643 563 315 299 711 593 229 613 406 277 382 465 773 684 388 310 773 333 459 409 50 362 368 522 375 492 299 460 510 322 367 288 318 559 384 579 851 585 182 666 292 291 570 153 747 308 319 498 520 632 159 341 548 322 812 493 500 394 346 773 474 420 325 37 291 809 161 244 872 512 250 411 515 136 146 200 402 699 774 147 240 241 486 125 264 532 363 226 555 274 798 251 763 202 450 494 777 229 400 707 231 639 566 338 509 184 253 339 166 277 619 406 387 691 223 508 471 549 612 160 450 260 753 564 499 644 726 574 829 487 552 269 798
1074 294 724 157 97 852 778 351 286 427 857 87 454 410 0 594 674 298 753 890 754 427 127 888 336 599 419 360 524 475 274 332 199 560 377 759 217 311 629 1001 639 602 597 340 72 779 514 553 669 421 940 527 448 766 455 555 685 271 663 528 656 398 833 544 113 130 726 557 609 488 989 353 313 738 660 172 204 367 445 605 113 696 848 739 481 70 883 672 950 393 681 668 339 579 171 97 302 415 344 928 334 217 985 648 522 373 425 484 337 611 791 640 486 416 408 265 113 441 152 869 132 609 813 456 539 646 473 584 602 807 472 490 581 759 367 333 183 246 902 591 157 84 404 393 429 304 23 697 622 556 391 944 246 260 731 165 858 502 694 484 620 976 920 475 821 143 529
481 443 131 439 500 351 607 395 649 570 655 586 802 525 594 0 322 447 325 304 168 601 684 439 759 184 667 766 673 596 569 274 596 645 452 224 382 300 255 816 637 125 176 289 635 405 502 296 311 222 354 210 152 480 512 194 373 417 320 69 440 900 450 238 481 509 708 98 223 215 395 396 382 151 462 637 571 379 551 330 498 194 469 145 393 562 503 431 357 243 166 298 259 417 479 511 298 561 754 334 387 628 392 98 313 855 221 658 626 591 576 225 544 664 287 665 560 649 505 499 462 707 334 786 517 526 541 473 118 416 571 315 166 185 307 507 598 733 664 551 528 524 359 767 348 296 583 173 678 41 227 700 586 558 329 482 265 178 191 315 288 757 331 134 356 521 530
588 660 334 557 582 215 293 338 583 824 334 707 675 387 674 322 0 665 94 502 310 452 712 216 685 505 530 681 482 420 770 374 764 430 702 211 473 383 577 494 381 447 149 347 682 108 788 606 12 279 411 169 388 158 347 156 53 620 12 348 144 843 163 140 578 551 429 412 104 508 500 637 365 399 167 630 744 318 812 79 561 166 180 342 231 616 217 125 465 482 186 24 386 725 636 628 405 419 675 475 348 597 535 243 156 794 479 484 530 340 256 547 817 529 268 611 694 498 534 206 563 479 169 654 807 247 812 225 205 134 838 187 163 447 308 736 760 704 342 305 543 591 279 664 619 466 655 480 438 339 456 379 774 507 64 515 436 474 168 606 608 435 513 396 166 548 816
894 6 571 201 262 781 868 447 539 173 939 230 721 572 298 447 665 0 716 696 614 621 425 849 616 369 644 637 723 654 123 303 173 737 81 662 257 306 373 1100 788 397 537 342 369 772 220 283 656 389 796 496 303 801 599 512 697 50 657 380 710 696 826 526 235 327 877 370 570 260 820 67 400 559 723 448 147 451 176 621 291 613 845 583 558 325 881 717 785 205 590 649 285 284 128 208 277 594 621 752 426 478 800 533 548 668 227 688 567 748 862 395 206 641 427 530 196 653 346 871 228 797 753 717 246 744 194 675 512 794 205 522 520 563 398 72 183 537 971 716 371 293 472 663 150 202 306 482 794 407 224 1013 146 474 705 335 683 290 611 211 354 1058 727 314 769 352 239
508 711 299 627 659 122 343 426 675 866 366 780 768 480 753 325 94 716 0 445 264 546 798 136 778 508 623 775 572 513 827 439 829 518 744 151 545 452 577 515 462 448 179 418 765 86 817 620 93 343 331 230 424 190 440 207 126 674 105 367 222 936 125 209 652 633 501 423 149 531 424 681 449 366 243 719 808 405 852 172 641 136 144 304 324 698 178 200 390 522 163 89 446 742 701 700 471 512 769 407 434 687 463 232 245 887 513 576 623 424 297 545 852 622 346 703 765 591 617 173 636 564 76 747 835 326 848 313 217 92 876 275 197 413 386 786 826 795 359 391 628 670 367 757 653 522 735 462 521 351 498 390 835 598 31 597 378 495 139 631 612 449 451 425 72 632 846
201 693 191 733 798 375 787 690 950 772 810 872 1096 809 890 304 502 696 445 0 195 885 986 482 1060 330 956 1067 945 871 817 578 862 906 673 295 684 604 354 951 875 300 408 593 935 528 665 447 493 522 187 476 442 635 788 449 553 679 507 364 645 1203 548 492 778 812 931 337 442 436 144 633 683 153 668 941 836 672 745 550 799 338 563 177 661 863 585 627 127 510 324 480 562 544 758 802 601 846 1055 81 685 931 107 297 570 1159 479 936 923 832 742 320 721 953 581 968 842 934 809 589 759 963 397 1079 669 747 724 711 358 522 756 583 411 134 606 739 868 1037 797 793 832 825 647 1065 560 587 881 216 927 338 504 824 841 859 468 786 67 408 336 505 390 883 32 415 421 825 688
330 610 50 602 658 231 600 512 776 728 629 751 912 621 754 168 310 614 264 195 0 696 836 335 886 300 769 890 753 680 736 426 764 712 613 115 539 450 358 779 681 244 216 431 790 350 646 427 300 353 187 288 320 452 597 259 362 585 314 237 452 1035 380 301 642 660 737 249 248 370 240 560 511 108 475 780 739 492 706 355 653 144 397 46 469 717 425 435 200 410 129 287 416 545 646 675 453 658 880 189 509 764 252 113 378 988 387 745 742 637 558 321 694 767 403 796 726 746 653 426 623 769 234 894 658 553 693 516 173 350 724 393 221 152 433 671 766 873 623 598 673 681 464 885 504 462 742 219 732 209 395 653 754 686 283 630 133 333 142 463 396 713 210 302 259 669 673
1016 615 694 424 384 668 402 215 179 791 479 504 223 76 427 601 452 621 546 885 696 0 382 652 252 721 77 241 102 54 663 386 608 134 695 635 368 365 783 600 223 687 481 347 387 523 829 752 455 385 845 409 531 456 105 437 429 573 441 567 351 408 565 397 403 316 304 633 457 648 925 640 248 743 340 283 603 226 796 376 350 572 573 708 231 359 598 375 887 559 574 462 414 836 515 453 389 39 239 884 230 232 947 588 323 359 582 68 109 209 433 772 826 76 315 213 515 49 292 582 402 183 622 202 855 285 815 250 526 552 826 304 475 783 304 685 595 308 533 207 275 365 242 216 680 468 404 767 196 583 538 571 646 167 515 294 828 635 572 708 796 589 905 560 617 294 853
1162 421 811 266 193 906 767 374 211 551 846 206 353 388 127 684 712 425 798 986 836 382 0 928 227 710 351 253 466 434 395 410 314 515 504 825 302 386 745 978 604 707 658 407 57 811 641 674 708 488 1018 583 546 780 437 614 713 396 700 621 668 271 863 594 218 176 685 659 662 602 1074 478 349 832 667 98 324 394 569 637 187 760 876 826 496 123 908 687 1035 504 749 709 424 705 298 221 386 382 237 1016 364 149 1076 725 556 248 536 427 276 584 788 753 611 349 457 181 237 381 185 894 236 554 864 359 666 638 598 583 674 840 596 525 644 857 419 459 297 129 896 572 170 163 433 291 553 408 121 802 575 648 498 937 364 228 773 208 948 612 759 607 740 961 1014 575 869 170 655
488 844 380 763 794 107 368 554 794 995 361 916 871 592 888 439 216 849 136 482 335 652 928 0 894 615 728 888 662 612 962 576 965 602 874 226 681 588 681 480 530 555 312 554 898 129 939 734 220 479 324 367 553 222 548 343 225 808 228 490 305 1052 99 345 788 766 548 538 285 652 418 812 581 443 320 846 943 534 980 293 775 246 103 381 442 831 110 280 394 652 273 220 582 856 837 836 608 622 883 424 564 812 469 342 372 1003 641 673 738 499 314 646 978 728 480 824 901 694 749 119 772 639 106 849 955 397 974 405 341 100 1002 404 330 486 521 918 962 918 333 473 759 804 496 867 778 657 869 551 593 470 628 351 970 721 157 730 417 615 249 752 717 410 478 551 83 764 968
1215 611 873 426 356 898 651 375 110 761 726 422 128 302 336 759 685 616 778 1060 886 252 227 894 0 834 186 26 299 303 610 495 534 361 697 846 417 469 883 834 460 816 680 471 267 766 837 827 685 539 1053 603 649 707 348 634 669 578 674 709 599 159 811 601 383 298 526 763 668 738 1124 659 378 909 590 169 540 395 776 606 330 779 821 888 455 292 847 622 1084 638 776 690 518 882 489 411 482 275 15 1075 377 144 1137 773 539 109 668 265 156 456 685 882 816 185 483 96 448 224 286 832 394 381 852 138 863 537 803 499 713 796 805 512 670 943 454 663 517 101 782 459 259 324 427 69 723 536 320 906 414 731 625 818 582 201 749 306 1012 737 779 768 885 831 1085 679 851 275 855
531 368 251 445 517 519 785 507 730 445 836 565 900 648 599 184 505 369 508 330 300 721 710 615 834 0 777 846 806 727 489 344 539 788 343 391 420 369 72 998 795 60 357 377 655 588 350 128 493 341 458 375 191 663 647 366 554 359 503 168 616 958 632 407 493 550 872 97 404 113 463 305 479 212 637 688 513 495 420 505 528 373 651 257 541 588 685 610 432 207 346 481 318 245 447 504 353 683 833 394 492 692 436 277 474 918 174 784 723 748 757 51 401 775 412 738 532 767 554 681 475 852 509 888 359 695 402 637 301 599 434 468 345 202 417 409 547 787 847 709 580 548 487 856 230 304 595 114 829 169 213 884 515 640 512 532 328 99 371 176 104 940 362 161 532 568 376
1091 638 765 444 393 745 466 273 140 809 540 501 146 149 419 667 530 644 623 956 769 77 351 728 186 777 0 171 118 120 672 436 610 176 721 711 400 413 836 650 274 747 554 401 367 600 858 799 532 447 921 481 587 530 183 510 506 598 519 629 426 337 641 470 415 323 344 693 533 698 1000 670 299 811 415 257 609 288 817 453 360 647 648 779 307 354 673 451 961 605 649 539 463 876 529 460 435 113 172 958 286 206 1020 660 398 289 630 81 82 270 501 828 850 3 380 171 517 38 302 657 418 205 699 126 884 355 838 325 598 629 847 378 548 851 364 704 596 258 596 276 280 369 309 141 717 509 397 830 232 647 585 632 652 171 593 310 900 688 647 751 847 645 977 616 694 299 880
1218 632 878 444 376 895 636 378 118 784 711 446 101 296 360 766 681 637 775 1067 890 241 253 888 26 846 171 0 280 290 633 505 558 344 718 846 432 479 896 815 443 827 682 480 292 760 857 843 682 545 1054 605 660 697 340 636 663 598 670 718 590 167 804 601 403 316 507 773 668 752 1127 678 384 916 581 191 564 398 799 603 349 780 813 893 451 314 839 614 1088 653 778 687 529 900 510 432 494 267 16 1079 382 162 1141 777 537 118 682 248 152 441 672 895 837 170 487 111 472 209 303 823 413 361 849 112 884 525 825 490 717 789 827 512 673 951 460 685 542 127 767 446 276 344 429 44 741 551 343 916 395 740 638 803 606 209 745 322 1017 750 780 784 900 814 1090 691 847 293 876
1063 716 756 526 485 694 364 304 256 892 435 603 223 161 524 673 482 723 572 945 753 102 466 662 299 806 118 280 0 79 765 478 708 67 796 680 468 459 870 535 165 768 537 438 478 535 929 845 486 466 888 471 618 451 161 497 448 674 472 647 358 441 569 453 504 416 228 715 507 740 973 740 342 809 342 370 704 313 898 411 451 619 574 769 285 456 594 383 935 654 626 495 507 933 616 553 485 131 284 937 322 319 1000 649 375 395 675 39 191 172 405 857 927 120 395 288 615 85 393 578 504 88 649 200 955 270 916 260 588 562 928 363 535 852 390 787 695 375 492 191 375 465 320 243 778 566 501 844 115 660 631 526 747 265 541 396 886 724 620 804 886 534 963 646 640 394 953
994 647 681 460 426 635 349 226 232 825 426 549 259 84 475 596 420 654 513 871 680 54 434 612 303 727 120 290 79 0 703 401 651 86 725 612 397 382 791 546 170 690 463 360 437 484 856 767 423 387 821 396 539 411 84 422 392 604 410 568 309 457 523 380 443 359 252 637 436 661 904 668 266 733 296 336 645 234 829 346 392 550 530 695 211 405 554 333 866 577 555 432 429 857 552 494 409 61 289 866 245 285 928 575 302 408 597 66 163 155 382 778 856 120 316 266 559 83 334 538 440 144 589 237 882 235 846 207 513 512 859 288 460 775 312 720 639 362 480 156 320 409 241 261 703 490 451 765 148 582 554 518 687 216 482 334 812 645 550 727 807 535 890 567 582 338 881
1017 126 694 246 280 898 951 517 550 157 1026 189 726 625 274 569 770 123 827 817 736 663 395 962 610 489 672 633 765 703 0 399 85 788 160 781 325 395 487 1183 851 519 650 432 345 878 267 393 762 491 919 602 422 898 660 621 798 155 761 501 801 662 933 630 260 350 940 493 679 382 943 185 470 682 811 444 70 525 179 719 314 730 951 706 638 324 987 810 908 326 707 756 385 367 152 212 369 642 617 875 496 484 922 653 642 643 350 728 591 814 950 512 225 669 518 535 162 688 373 977 262 845 868 726 289 823 212 755 629 902 204 614 632 685 484 90 101 519 1061 786 393 304 552 666 263 305 290 603 848 529 344 1104 35 502 814 369 806 413 728 323 464 1145 849 435 883 373 274
752 297 401 190 235 527 566 175 388 473 636 344 556 318 332 274 374 303 439 578 426 386 410 576 495 344 436 505 478 401 399 0 390 474 356 428 114 26 401 798 505 321 270 43 364 482 472 367 366 96 610 209 155 500 329 233 399 255 364 217 407 629 537 234 221 235 593 268 290 263 664 292 138 425 420 363 370 169 468 321 227 366 554 415 260 291 591 414 625 176 350 361 28 457 262 264 32 350 492 606 156 358 666 318 245 586 197 452 378 462 559 394 485 433 124 399 326 429 231 580 204 537 490 544 496 445 476 376 271 507 496 219 254 454 100 376 387 460 668 427 253 255 179 513 309 104 318 412 524 242 153 710 401 297 422 207 538 252 364 327 411 755 605 186 502 246 499
1059 173 724 213 226 908 922 483 482 242 998 112 653 578 199 596 764 173 829 862 764 608 314 965 534 539 610 558 708 651 85 390 0 738 232 797 298 381 547 1151 806 562 654 418 267 872 350 455 756 486 950 599 444 881 616 621 786 183 754 527 779 579 927 624 212 293 896 529 679 428 981 240 438 720 788 371 26 494 264 706 260 742 944 738 610 257 980 791 945 357 721 752 382 443 128 158 359 590 542 914 463 414 965 673 626 561 384 670 529 773 925 568 309 607 502 464 93 628 317 969 220 792 875 655 373 791 296 724 641 897 289 596 637 728 465 167 17 441 1037 747 334 243 525 592 323 311 218 651 798 555 369 1079 51 443 812 318 844 454 740 384 527 1118 893 463 889 315 358
1015 730 719 545 512 639 297 300 307 909 369 636 290 165 560 645 430 737 518 906 712 134 515 602 361 788 176 344 67 86 788 474 738 0 807 633 480 457 855 474 99 747 498 432 521 475 936 837 435 448 839 438 604 388 145 462 392 687 420 625 300 507 507 417 529 445 171 695 465 730 926 749 343 775 282 417 731 304 912 363 478 575 511 732 252 491 530 324 889 650 584 445 502 931 638 580 485 147 347 894 320 365 955 613 338 460 668 96 239 107 338 839 938 177 377 341 645 139 421 514 526 64 594 267 961 206 928 205 553 502 942 331 498 819 380 804 725 432 426 129 406 495 303 308 780 567 537 817 62 635 626 460 773 301 487 420 845 711 576 801 873 470 923 631 584 424 961
873 86 567 279 342 798 922 513 619 122 991 306 801 643 377 452 702 81 744 673 613 695 504 874 697 343 721 718 796 725 160 356 232 807 0 674 328 363 332 1153 853 381 565 398 449 806 139 236 692 433 789 534 321 844 667 546 737 123 694 390 760 776 859 565 316 407 942 364 602 245 804 65 466 546 774 529 208 515 112 664 371 631 878 578 616 406 915 764 771 222 606 684 334 212 209 288 334 667 702 735 491 558 779 545 596 749 234 763 645 812 912 359 131 718 479 611 272 728 425 906 308 869 774 797 166 801 121 733 533 826 140 573 548 543 455 71 245 618 1019 779 450 374 532 744 113 253 387 457 863 414 247 1061 192 552 736 413 668 280 629 169 306 1108 704 325 792 431 159
383 657 156 615 662 128 492 473 737 793 517 769 856 563 759 224 211 662 151 295 115 635 825 226 846 391 711 846 680 612 781 428 797 633 674 0 542 447 456 664 590 332 168 421 784 237 726 514 203 339 210 246 359 341 532 214 260 626 217 285 354 1000 265 245 649 651 640 321 179 440 293 616 483 221 377 758 774 453 775 270 651 67 282 158 405 713 311 335 256 457 78 191 425 635 673 690 458 598 838 265 475 736 324 129 313 951 441 677 695 549 448 420 768 709 372 761 747 684 640 311 631 685 121 837 740 458 766 430 158 235 795 335 181 267 408 725 797 845 509 512 657 679 419 836 571 487 743 326 646 260 437 539 794 651 173 618 228 402 67 539 493 598 303 350 146 656 753
862 251 511 85 120 638 627 193 319 430 702 235 498 315 217 382 473 257 545 684 539 368 302 681 417 420 400 432 468 397 325 114 298 480 328 542 0 95 466 858 532 410 382 127 252 580 461 411 466 206 724 316 245 584 342 342 491 208 462 320 482 537 635 336 108 131 622 359 398 321 775 273 146 531 490 267 282 201 433 411 115 479 651 526 315 180 687 493 736 221 464 463 123 478 175 155 85 338 417 716 172 274 775 431 329 498 251 435 329 493 628 467 459 397 206 322 222 403 134 675 91 540 600 490 487 498 449 430 385 606 463 299 366 556 168 326 291 367 740 463 160 142 228 448 318 119 204 504 536 347 208 782 319 237 525 112 647 322 478 356 468 822 712 275 610 148 485
776 299 425 175 214 543 562 157 362 477 634 328 531 299 311 300 383 306 452 604 450 365 386 588 469 369 413 479 459 382 395 26 381 457 363 447 95 0 424 794 493 347 287 38 341 491 484 388 376 111 633 222 180 503 313 248 405 256 373 243 407 603 546 244 203 211 581 294 304 285 688 301 117 451 418 337 363 154 474 326 204 385 563 440 252 268 599 416 649 195 370 372 51 475 254 248 29 329 466 630 138 331 691 340 247 560 218 431 354 451 557 419 493 410 123 373 313 407 205 587 186 521 506 519 508 438 484 370 291 517 503 219 271 480 92 378 377 434 667 416 228 233 169 487 323 113 296 438 509 267 173 710 395 272 433 182 563 276 383 345 434 753 631 211 516 221 510
554 373 308 479 553 582 857 568 781 420 908 585 955 711 629 255 577 373 577 354 358 783 745 681 883 72 836 896 870 791 487 401 547 855 332 456 466 424 0 1070 864 130 429 436 689 658 311 96 565 407 502 446 252 735 712 438 626 373 574 239 688 1000 702 478 527 592 942 168 476 145 494 307 538 260 709 731 520 558 393 577 567 442 721 313 610 625 754 682 468 246 415 553 374 193 468 532 405 745 882 426 553 740 461 346 545 962 215 847 778 818 829 37 367 833 478 787 552 828 599 751 511 919 575 943 316 766 370 707 372 669 402 538 417 238 480 402 556 830 918 778 626 585 552 909 225 347 627 148 897 241 258 955 516 693 583 578 365 148 439 164 39 1011 386 224 599 612 334
966 1094 813 940 932 580 232 668 778 1270 164 1064 747 593 1001 816 494 1100 515 951 779 600 978 480 834 998 650 815 535 546 1183 798 1151 474 1153 664 858 794 1070 0 377 941 641 758 975 428 1258 1094 505 722 803 637 864 336 547 637 444 1050 496 837 396 973 403 604 940 874 309 904 595 991 898 1088 714 880 380 880 1138 658 1265 501 901 646 389 819 545 932 370 395 873 947 670 518 819 1210 1033 995 823 597 820 901 688 830 948 734 558 929 951 569 709 394 245 1041 1279 651 674 812 1065 613 850 364 932 457 555 725 1280 360 1271 428 698 430 1293 580 654 927 702 1172 1142 905 156 410 844 924 631 777 1088 901 978 971 420 831 920 129 1177 753 499 842 884 959 648 1085 1101 70 952 877 531 858 1286
967 781 694 605 581 579 201 341 401 961 270 709 387 229 639 637 381 788 462 875 681 223 604 530 460 795 274 443 165 170 851 505 806 99 853 590 532 493 864 377 0 748 475 462 605 407 976 857 388 461 790 427 620 309 191 445 336 738 373 627 239 606 432 400 595 517 90 699 436 749 881 792 388 755 218 506 797 339 962 326 548 538 433 706 255 569 449 262 845 678 552 400 532 959 699 648 522 225 446 855 362 455 915 590 324 559 693 195 332 46 246 845 984 276 394 435 715 237 493 433 589 111 535 364 1001 136 975 166 533 432 991 327 478 801 407 857 795 528 327 86 482 568 327 408 814 606 615 810 65 633 652 361 839 382 431 489 811 726 540 828 886 371 889 643 522 498 1003
498 394 195 446 515 460 730 474 709 489 780 576 874 613 602 125 447 397 448 300 244 687 707 555 816 60 747 827 768 690 519 321 562 747 381 332 410 347 130 941 748 0 300 349 654 529 402 184 436 303 410 324 167 605 608 313 497 379 445 122 562 946 572 355 492 541 823 54 347 137 424 335 450 165 583 676 536 461 466 451 522 313 591 203 497 584 625 554 391 213 286 423 298 303 461 510 335 649 813 356 462 677 404 216 425 904 181 749 697 702 700 101 451 744 374 720 545 734 542 621 474 810 449 861 414 644 451 588 243 539 482 422 289 166 384 444 568 776 789 662 568 544 449 833 268 300 596 95 785 115 211 825 542 618 453 520 287 108 310 221 164 882 331 136 472 557 429
538 532 221 460 500 256 431 306 571 687 480 614 698 406 597 176 149 537 179 408 216 481 658 312 680 357 554 682 537 463 650 270 654 498 565 168 382 287 429 641 475 300 0 257 619 244 643 457 138 176 373 78 246 307 381 46 198 496 146 199 265 833 295 84 490 485 541 263 47 360 447 502 314 279 287 590 633 286 674 156 487 102 314 233 253 548 351 256 408 343 96 127 273 576 527 534 302 442 673 404 307 567 467 115 162 785 336 529 532 430 400 401 676 552 203 594 596 530 473 343 473 557 221 679 662 356 671 310 60 262 698 177 17 326 240 606 653 677 491 390 489 516 253 673 476 345 581 342 523 189 319 528 658 484 171 451 349 325 101 459 460 583 426 250 234 489 672
759 336 410 210 243 512 526 134 363 513 597 362 525 277 340 289 347 342 418 593 431 347 407 554 471 377 401 480 438 360 432 43 418 432 398 421 127 38 436 758 462 349 257 0 364 455 515 407 340 82 611 189 186 466 287 216 368 293 337 238 369 611 510 209 235 231 550 295 271 302 670 334 102 440 381 350 400 127 509 288 230 357 527 425 218 292 563 378 631 218 343 336 70 500 291 282 65 310 468 615 117 339 676 319 210 566 238 412 347 419 520 428 527 398 85 377 348 392 222 551 218 496 474 512 539 403 518 335 267 481 538 182 242 472 57 415 413 445 630 384 242 259 136 485 352 146 323 437 481 260 194 672 432 271 399 199 549 288 355 369 449 716 619 216 483 238 542
1115 365 763 211 139 870 758 347 229 499 837 156 389 382 72 635 682 369 765 935 790 387 57 898 267 655 367 292 478 437 345 364 267 521 449 784 252 341 689 975 605 654 619 364 0 783 586 617 678 446 973 546 494 760 429 575 686 339 670 571 648 327 836 559 163 134 689 606 626 546 1027 422 317 782 649 111 274 366 516 609 137 720 850 778 474 73 884 667 988 448 707 678 376 649 241 164 337 381 276 968 335 161 1027 681 527 301 481 439 288 581 775 698 558 365 421 204 185 393 148 869 181 565 829 393 611 627 545 568 631 812 544 495 604 806 381 405 250 175 885 566 141 111 404 327 496 354 64 749 582 599 444 926 316 223 741 169 900 557 719 550 683 954 964 523 835 134 601
577 766 386 664 688 177 266 437 669 928 282 814 743 465 779 405 108 772 86 528 350 523 811 129 766 588 600 760 535 484 878 482 872 475 806 237 580 491 658 428 407 529 244 455 783 0 887 697 116 387 402 276 489 111 420 260 99 727 118 440 176 925 55 248 684 654 435 500 204 603 496 742 468 453 193 725 852 418 916 174 666 220 73 391 318 719 109 152 466 585 247 123 493 818 744 735 513 493 755 486 449 689 540 314 257 875 580 544 611 374 217 627 919 599 375 699 802 565 636 100 669 514 139 721 905 273 914 277 291 30 940 289 260 500 414 843 867 794 273 346 643 695 379 738 720 573 759 547 470 427 559 304 882 598 76 618 461 568 223 703 692 363 533 494 120 649 916
864 225 597 418 482 853 1029 638 758 132 1094 438 940 773 514 502 788 220 817 665 646 829 641 939 837 350 858 857 929 856 267 472 350 936 139 726 461 484 311 1258 976 402 643 515 586 887 0 222 777 536 807 625 400 938 794 632 828 262 782 450 862 912 938 658 455 546 1064 405 685 288 805 188 593 562 879 668 330 637 101 760 510 693 957 606 731 545 993 864 777 311 666 767 447 129 348 427 455 799 841 736 617 698 771 599 700 887 309 896 782 934 1014 346 60 855 591 750 405 864 563 986 447 998 835 936 26 914 69 846 601 904 98 680 627 547 572 185 365 757 1118 899 589 513 651 883 170 371 524 456 990 469 338 1158 302 689 813 551 674 325 691 187 275 1208 696 393 856 570 29
648 283 378 410 484 642 872 541 730 325 930 502 908 684 553 296 606 283 620 447 427 752 674 734 827 128 799 843 845 767 393 367 455 837 236 514 411 388 96 1094 857 184 457 407 617 697 222 0 594 396 585 458 238 762 692 456 652 288 602 258 703 935 744 491 458 531 940 198 502 108 585 216 504 340 722 669 430 534 298 594 502 489 763 385 602 556 798 699 556 194 462 583 339 122 386 455 364 716 828 516 523 683 554 393 549 900 170 819 735 811 849 127 275 796 463 732 468 795 541 793 442 901 629 899 231 771 277 708 406 711 309 536 442 325 457 307 466 767 946 773 568 517 535 859 132 293 554 235 883 270 214 984 423 646 621 521 453 135 487 71 72 1038 479 218 651 553 248
581 650 323 550 576 213 304 335 582 814 346 701 677 388 669 311 12 656 93 493 300 455 708 220 685 493 532 682 486 423 762 366 756 435 692 203 466 376 565 505 388 436 138 340 678 116 777 594 0 271 405 160 377 170 349 146 64 611 15 336 153 843 171 132 571 546 438 401 93 497 493 627 361 389 176 627 736 315 802 79 556 156 189 332 231 611 226 135 458 471 175 13 377 714 628 621 397 420 675 467 344 595 527 231 153 794 468 488 530 347 268 536 807 531 262 610 687 501 529 215 556 485 168 656 796 256 801 230 193 141 827 184 152 436 302 727 752 702 353 311 539 585 276 665 609 457 650 469 445 327 446 391 766 505 65 510 427 462 158 595 597 446 504 385 166 543 805
682 383 335 285 324 432 492 174 429 553 559 439 580 310 421 222 279 389 343 522 353 385 488 479 539 341 447 545 466 387 491 96 486 448 433 339 206 111 407 722 461 303 176 82 446 387 536 396 271 0 531 113 159 412 306 137 308 343 270 183 327 684 442 139 314 313 544 250 194 288 592 368 161 371 342 427 466 159 546 232 312 275 460 350 206 374 496 331 553 226 262 266 106 501 358 359 128 346 534 539 165 412 600 240 164 638 235 446 404 416 479 392 557 445 71 447 422 432 303 485 297 512 395 565 559 380 550 314 186 412 573 144 161 407 85 461 483 520 585 377 321 341 146 545 367 188 405 383 490 200 199 627 495 338 326 280 474 266 274 372 426 675 546 183 406 319 564
177 793 225 789 844 228 668 679 944 900 676 938 1066 773 940 354 411 796 331 187 187 845 1018 324 1053 458 921 1054 888 821 919 610 950 839 789 210 724 633 502 803 790 410 373 611 973 402 807 585 405 531 0 450 506 513 742 419 455 769 419 423 551 1205 406 453 828 842 832 427 389 544 95 740 684 246 573 957 924 658 876 477 837 275 418 213 615 901 433 529 72 594 277 394 601 695 833 862 638 808 1045 111 679 938 146 293 523 1157 569 887 904 751 618 465 859 919 573 966 913 894 834 440 809 890 263 1047 815 656 860 635 345 388 891 545 383 264 607 850 952 1047 654 716 852 865 626 1045 678 649 927 353 849 395 581 675 938 856 360 811 142 510 275 631 540 734 171 487 283 849 833
614 491 286 397 431 325 415 228 493 655 473 550 623 333 527 210 169 496 230 476 288 409 583 367 603 375 481 605 471 396 602 209 599 438 534 246 316 222 446 637 427 324 78 189 546 276 625 458 160 113 450 0 227 313 312 31 204 451 161 207 245 755 331 33 423 412 500 278 82 354 523 469 237 338 264 513 579 208 645 136 416 179 349 299 187 475 386 242 483 316 173 154 218 573 471 470 241 370 595 477 229 490 540 179 103 707 316 460 455 381 392 423 652 479 127 516 534 458 399 375 407 499 285 605 646 320 646 264 118 300 671 108 68 381 165 567 596 599 493 340 413 445 176 597 456 297 510 383 469 209 289 533 607 406 213 377 420 323 179 449 473 585 496 241 295 414 654
628 298 283 291 356 479 639 317 542 443 700 435 710 459 448 152 388 303 424 442 320 531 546 553 649 191 587 660 618 539 422 155 444 604 321 359 245 180 252 864 620 167 246 186 494 489 400 238 377 159 506 227 0 539 461 232 429 268 382 83 469 779 541 261 336 376 702 115 286 131 545 259 288 290 487 510 420 306 429 363 359 312 560 297 364 423 596 469 507 99 288 368 131 348 327 362 168 493 646 481 302 510 537 231 312 737 91 595 532 574 619 242 430 584 228 553 408 577 376 588 317 669 453 697 419 534 425 470 212 508 452 298 229 312 228 367 447 609 720 535 401 384 301 667 231 145 439 260 648 112 78 760 437 452 417 353 412 107 309 222 268 812 471 31 471 391 428
688 795 482 669 681 288 155 415 617 965 179 812 668 409 766 480 158 801 190 635 452 456 780 222 707 663 530 697 451 411 898 500 881 388 844 341 584 503 735 336 309 605 307 466 760 111 938 762 170 412 513 313 539 0 360 308 110 754 161 505 112 864 123 280 682 637 327 570 261 662 607 779 454 549 117 689 864 399 956 181 655 313 124 489 286 701 143 93 577 629 336 182 517 881 756 735 529 432 695 596 432 647 650 398 256 815 629 466 554 282 107 706 964 530 381 650 804 494 616 127 669 419 250 645 958 181 958 208 363 129 982 285 320 597 417 873 875 746 184 261 619 683 363 671 769 599 744 636 373 496 602 222 898 558 169 601 568 629 315 759 766 277 641 550 231 628 967
913 593 598 414 392 562 330 156 257 772 409 522 328 50 455 512 347 599 440 788 597 105 437 548 348 647 183 340 161 84 660 329 616 145 667 532 342 313 712 547 191 608 381 287 429 420 794 692 349 306 742 312 461 360 0 339 324 549 336 486 251 506 464 297 404 330 281 555 354 586 823 607 201 649 244 341 607 159 774 270 359 469 473 611 128 385 500 274 785 505 473 356 357 786 508 458 341 73 336 784 177 294 846 491 220 456 524 148 194 157 352 698 798 182 235 290 526 152 306 484 399 209 516 308 819 202 788 153 430 450 804 205 377 692 235 668 605 388 459 137 297 381 160 319 636 424 432 682 196 499 481 499 648 209 410 300 729 568 469 656 729 525 807 488 512 313 819
583 507 259 422 459 296 419 260 525 668 474 576 653 362 555 194 156 512 207 449 259 437 614 343 634 366 510 636 497 422 621 233 621 462 546 214 342 248 438 637 445 313 46 216 575 260 632 456 146 137 419 31 232 308 339 0 197 469 150 201 250 786 314 45 450 441 515 270 58 355 492 482 268 314 271 544 600 240 656 139 444 148 333 272 212 505 369 244 453 325 142 138 239 574 494 496 265 399 627 448 261 521 510 152 124 739 323 487 486 399 393 413 661 508 158 548 559 487 429 360 433 521 258 635 652 333 655 280 91 282 681 134 38 358 195 583 619 631 490 359 444 474 207 628 463 316 538 366 489 198 300 529 627 437 193 407 391 323 147 452 466 582 468 242 269 444 660
632 691 387 576 595 247 240 339 570 859 283 723 650 368 685 373 53 697 126 553 362 429 713 225 669 554 506 663 448 392 798 399 786 392 737 260 491 405 626 444 336 497 198 368 686 99 828 652 64 308 455 204 429 110 324 197 0 650 52 394 97 828 150 172 593 558 380 461 151 552 546 672 372 452 119 627 768 321 849 80 572 219 164 395 220 623 198 75 511 520 239 77 414 770 659 645 430 398 658 524 352 590 582 295 163 778 519 454 513 298 204 598 856 505 285 601 713 472 539 185 579 438 201 628 849 201 850 188 255 128 875 195 210 500 323 769 781 695 294 265 546 601 282 643 659 496 664 533 396 387 493 332 799 500 95 522 487 519 221 649 657 386 563 439 192 553 857
876 44 544 156 222 743 818 397 496 224 890 214 679 522 271 417 620 50 674 679 585 573 396 808 578 359 598 598 674 604 155 255 183 687 123 626 208 256 373 1050 738 379 496 293 339 727 262 288 611 343 769 451 268 754 549 469 650 0 612 349 661 665 782 480 195 284 827 347 527 246 798 82 350 537 674 411 157 401 225 573 250 575 800 557 508 289 837 669 762 175 553 605 237 309 100 176 228 545 582 731 376 437 782 499 500 636 202 640 521 698 813 390 253 595 378 490 180 605 302 827 186 748 713 674 288 694 242 625 474 750 255 473 478 545 348 122 189 503 922 666 328 254 422 622 159 155 276 468 744 376 190 964 169 428 662 289 662 271 573 217 358 1009 710 283 729 309 283
596 651 337 547 571 226 292 326 571 816 335 697 664 375 663 320 12 657 105 507 314 441 700 228 674 503 519 670 472 410 761 364 754 420 694 217 462 373 574 496 373 445 146 337 670 118 782 602 15 270 419 161 382 161 336 150 52 612 0 344 138 832 173 131 567 539 424 409 100 503 508 630 354 402 161 618 735 306 805 67 550 170 190 346 219 605 227 121 472 475 189 27 376 721 626 617 396 408 664 482 337 585 542 243 144 782 472 474 518 332 256 546 811 518 257 600 684 487 522 215 552 470 180 643 801 241 805 216 203 144 830 176 159 450 297 728 750 692 345 296 531 579 268 653 613 457 644 480 430 335 449 383 765 495 75 503 442 469 172 601 605 438 518 391 177 536 810
