NAME : X-n120-k6_SARP
COMMENT : Curated from VRPLIB to SARP
TYPE : SARP
DIMENSION : 119
EDGE_WEIGHT_TYPE : EXPLICIT
EDGE_WEIGHT_FORMAT : FULL_MATRIX
EDGE_WEIGHT_SECTION
0 993 655 826 1188 550 910 1078 1134 314 1300 282 956 228 232 973 956 1126 392 795 258 572 570 1067 608 834 982 525 777 234 902 1264 1132 537 200 143 1004 671 426 651 1000 1042 736 621 362 1024 1063 1025 562 1091 625 548 587 337 253 1026 1031 909 961 610 975 193 942 541 801 319 331 1015 709 683 510 1130 764 536 961 622 321 761 132 413 847 911 462 980 640 1306 770 488 331 962 695 302 763 1099 562 1297 543 977 485 916 1321 187 1095 414 632 518 462 964 556 713 808 913 331 408 737 1063 1085 784 669
993 0 379 520 199 454 297 121 153 697 318 802 707 769 774 772 125 376 610 566 779 479 726 121 386 319 16 663 414 758 102 332 387 460 832 870 371 616 751 368 749 78 301 551 743 561 498 53 532 277 410 455 568 676 744 236 316 452 158 488 172 818 450 608 556 810 672 123 421 582 488 435 286 487 125 380 699 374 885 645 410 278 626 337 365 326 580 528 703 592 335 693 371 234 560 331 450 735 704 468 343 810 222 580 401 554 531 690 553 650 750 374 721 639 775 92 118 478 333
655 379 0 299 557 117 263 437 498 409 658 430 509 428 468 563 402 481 265 594 417 100 366 485 168 421 374 291 182 428 319 610 489 143 474 520 371 289 372 29 561 448 83 463 366 464 465 425 392 436 32 235 456 393 404 520 570 579 425 381 321 467 348 235 590 433 324 452 399 536 234 498 110 120 406 75 339 136 571 270 245 260 247 548 218 663 309 298 435 439 272 357 400 444 426 648 171 540 329 336 675 490 440 256 24 175 220 503 413 341 469 289 352 267 463 467 493 236 81
826 520 299 0 623 394 231 504 565 658 683 550 213 621 696 272 602 365 486 887 568 304 310 640 466 689 524 310 126 635 514 584 366 424 626 683 239 174 422 327 264 598 297 762 468 198 245 572 689 388 305 531 754 649 601 730 798 852 633 679 367 636 138 285 882 526 526 632 692 835 522 340 285 359 604 374 516 180 779 417 110 248 366 792 514 682 80 587 694 147 561 570 684 430 724 650 462 244 358 105 687 701 434 502 307 324 486 205 710 168 233 167 496 426 274 609 634 63 371
1188 199 557 623 0 644 393 124 60 895 122 986 776 962 972 840 285 353 802 727 968 656 876 186 583 488 212 824 544 954 298 185 362 652 1022 1063 414 753 921 551 808 179 474 738 922 601 518 183 726 265 588 654 758 874 938 334 410 589 306 680 262 1010 517 771 716 990 864 241 605 759 686 418 452 671 282 570 888 517 1083 827 516 378 802 454 564 131 696 727 902 653 531 887 551 210 752 148 646 800 869 545 150 1007 201 775 580 729 726 755 747 776 855 458 906 822 895 162 156 597 522
550 454 117 394 644 0 380 530 587 291 752 351 595 322 353 644 446 598 159 536 326 100 371 545 115 408 445 283 289 318 374 716 606 30 379 419 488 337 331 104 648 513 190 383 302 573 580 493 303 549 95 146 370 276 297 549 584 553 461 305 427 367 460 233 534 365 221 502 350 462 129 616 219 56 451 74 245 250 457 202 357 376 202 552 175 758 385 193 318 540 243 248 368 552 337 747 73 625 306 445 772 377 547 140 97 146 103 592 323 394 527 405 270 192 504 533 558 333 121
910 297 263 231 393 380 0 273 335 671 463 662 410 685 731 475 396 218 525 755 660 338 495 416 394 526 304 458 159 688 315 381 226 403 719 770 116 365 566 277 452 374 198 669 587 276 236 349 614 188 290 474 672 655 661 523 596 686 429 588 136 718 156 412 748 653 581 416 568 728 484 239 169 378 397 322 589 153 832 505 123 19 465 602 418 464 302 546 696 296 439 617 543 214 648 437 424 438 507 171 472 751 216 518 285 398 482 393 637 384 464 77 590 506 501 383 407 205 290
1078 121 437 504 124 530 273 0 64 793 222 867 668 851 868 733 242 280 689 687 851 535 752 189 480 440 137 700 421 844 219 213 290 541 907 949 310 629 799 433 704 156 354 670 802 502 427 142 646 181 469 556 686 773 826 335 416 568 272 603 139 897 407 648 677 869 751 222 541 702 584 344 331 554 241 456 772 393 977 707 396 257 680 446 469 228 575 631 804 547 448 776 492 128 675 222 539 694 746 432 243 900 117 665 460 608 617 649 668 654 737 342 788 703 774 152 167 475 409
1134 153 498 565 60 587 335 64 0 844 167 928 723 908 920 788 257 314 746 704 911 597 816 176 532 460 168 764 484 900 254 190 324 597 966 1007 362 693 862 493 757 155 415 702 863 552 473 151 685 220 530 604 721 823 883 327 407 575 282 640 202 954 463 711 694 931 808 223 571 729 635 380 393 614 254 514 831 456 1030 768 458 319 742 444 516 175 637 679 853 601 488 832 519 165 712 178 593 748 809 490 191 954 155 720 521 670 672 703 706 717 798 401 849 764 836 144 148 538 466
314 697 409 658 895 291 671 793 844 0 1011 287 837 147 83 874 648 889 174 506 230 357 509 760 313 520 684 427 571 115 601 992 897 268 239 236 779 548 387 394 888 739 477 324 314 849 866 724 254 836 384 242 292 22 137 712 717 603 650 299 707 205 744 408 511 333 159 707 397 398 209 907 508 305 652 353 198 538 192 276 641 667 325 666 334 1018 627 175 45 805 384 119 449 834 261 1015 257 864 413 726 1034 129 828 158 387 339 189 839 253 604 728 695 249 261 679 760 781 602 395
1300 318 658 683 122 752 463 222 167 1011 0 1088 810 1073 1088 872 406 362 911 844 1073 755 957 303 699 608 332 912 621 1066 419 132 368 763 1129 1172 454 828 1014 656 836 300 575 860 1021 626 537 305 848 298 690 772 880 991 1048 444 516 702 425 802 345 1119 563 862 833 1089 973 360 727 880 802 423 550 776 403 679 995 601 1198 928 582 451 899 564 683 12 760 845 1020 688 652 998 672 253 874 56 759 832 959 593 31 1121 249 887 682 827 839 789 868 844 909 516 1010 925 957 282 273 666 631
282 802 430 550 986 351 662 867 928 287 1088 0 674 149 254 693 796 871 211 775 57 333 291 896 447 727 794 245 516 181 725 1034 876 352 88 145 744 390 146 435 719 864 513 593 82 747 792 842 512 849 398 420 564 299 151 892 917 845 809 546 748 115 673 266 778 49 160 852 630 672 378 868 538 315 800 422 117 509 276 160 583 666 197 877 498 1092 490 393 331 683 565 178 669 865 529 1076 379 695 203 645 1105 223 863 257 407 265 304 682 518 431 529 653 80 164 462 883 908 514 469
956 707 509 213 776 595 410 668 723 837 810 674 0 775 863 65 801 453 663 1100 706 499 388 826 677 901 714 434 339 795 716 692 449 625 759 817 362 293 530 538 52 784 511 971 595 189 281 759 896 515 512 737 962 831 758 930 1001 1064 834 889 541 776 261 434 1095 638 691 826 905 1046 725 402 497 554 803 584 670 393 931 573 307 429 520 999 726 807 212 788 877 123 774 736 898 567 930 767 666 31 471 239 808 858 575 687 516 499 679 23 917 244 169 334 638 586 249 792 815 275 583
228 769 428 621 962 322 685 851 908 147 1073 149 775 0 106 803 740 902 164 650 92 348 412 848 387 639 758 343 559 33 680 1036 909 310 92 105 782 482 274 423 823 821 508 467 197 819 850 803 392 864 398 337 436 163 25 820 834 738 748 433 747 61 728 343 655 197 104 799 526 543 296 910 537 309 745 395 106 538 158 205 630 685 258 788 426 1079 575 289 187 764 487 76 573 871 404 1069 320 799 315 704 1093 84 867 188 404 301 238 780 394 532 645 693 140 195 586 842 865 574 442
232 774 468 696 972 353 731 868 920 83 1088 254 863 106 0 894 729 950 212 578 197 404 511 841 389 602 763 437 620 75 680 1063 957 334 186 168 835 570 377 457 912 819 542 398 301 891 915 803 333 902 441 322 365 105 111 795 799 682 732 380 776 151 792 429 583 303 172 788 478 468 287 964 572 356 734 420 196 591 111 290 691 729 343 749 414 1094 657 257 104 842 466 127 531 903 337 1089 329 888 414 771 1110 50 898 213 446 372 254 866 330 623 741 749 240 277 685 840 861 644 464
973 772 563 272 840 644 475 733 788 874 872 693 65 803 894 0 865 513 700 1156 729 545 403 891 730 961 778 459 398 824 780 752 509 673 779 838 426 326 547 592 45 848 569 1023 616 248 339 824 946 579 564 787 1012 869 787 994 1064 1124 898 941 606 799 326 467 1152 654 723 890 961 1098 772 459 557 599 867 637 700 452 957 604 370 494 552 1062 781 868 258 834 915 187 831 769 956 631 980 829 715 41 492 304 869 886 639 727 568 538 723 84 966 271 167 399 664 618 245 857 880 332 639
956 125 402 602 285 446 396 242 257 648 406 796 801 740 729 865 0 500 591 448 766 497 766 115 354 203 110 693 485 725 89 446 511 444 813 844 484 671 768 383 846 107 339 455 748 669 613 106 451 402 428 408 476 626 716 129 201 327 34 402 287 795 551 637 437 812 652 59 321 474 446 558 334 490 4 379 685 437 840 648 496 377 638 214 316 417 652 474 647 691 266 665 266 359 474 431 422 830 729 565 435 770 348 554 419 570 504 786 469 713 824 472 716 639 839 125 140 552 336
1126 376 481 365 353 598 218 280 314 889 362 871 453 902 950 513 500 0 743 919 873 554 670 468 602 676 390 651 355 906 443 239 11 621 933 985 129 533 763 495 476 432 413 860 793 265 175 414 814 100 508 683 867 873 878 609 690 823 534 782 225 933 228 611 911 857 798 495 746 911 698 65 383 596 500 537 804 365 1050 717 291 222 674 713 619 357 445 758 912 333 626 835 710 152 847 316 639 472 701 262 356 969 163 737 504 610 700 431 837 533 570 219 802 720 629 432 447 372 502
392 610 265 486 802 159 525 689 746 174 911 211 663 164 212 700 591 743 0 582 175 193 348 695 238 516 600 261 408 163 525 873 750 150 223 261 626 374 249 259 714 666 345 404 190 680 703 646 320 701 236 209 380 169 139 682 706 638 602 346 583 209 580 235 583 240 63 649 423 487 168 754 373 147 596 232 96 381 307 115 479 524 157 666 287 916 453 194 215 633 354 92 460 708 344 906 170 690 256 559 931 226 704 48 242 165 92 664 331 430 557 538 137 98 512 686 710 433 280
795 566 594 887 727 536 755 687 704 506 844 775 1100 650 578 1156 448 919 582 0 723 635 902 541 431 247 550 812 762 621 479 893 930 511 743 742 866 870 829 565 1151 550 593 183 772 1022 991 553 264 828 597 395 214 488 636 408 356 162 422 238 694 711 897 767 12 813 617 485 195 111 427 968 611 591 450 522 663 709 663 691 809 739 716 297 376 855 902 388 474 1016 326 598 212 794 247 875 465 1131 824 897 874 628 783 534 592 678 502 1091 257 926 1058 820 713 675 1040 565 571 825 517
258 779 417 568 968 326 660 851 911 230 1073 57 706 92 197 729 766 873 175 723 0 325 331 868 413 686 771 272 522 124 698 1026 879 322 59 115 749 416 188 418 753 838 499 540 114 766 806 818 460 845 385 378 510 243 93 856 878 798 777 496 737 70 685 283 726 105 116 823 583 619 336 875 526 297 770 399 81 509 230 157 591 663 204 836 460 1078 514 345 274 706 526 124 625 858 476 1065 344 729 237 658 1091 170 855 216 393 263 265 713 466 462 568 658 73 154 504 858 883 526 447
572 479 100 304 656 100 338 535 597 357 755 333 499 348 404 545 497 554 193 635 325 0 283 583 206 491 474 200 215 353 415 702 561 129 383 433 434 237 273 114 552 547 182 483 267 492 511 524 404 521 70 246 470 346 325 610 654 643 517 405 415 380 388 146 633 334 245 548 445 563 227 562 205 55 501 127 251 190 499 173 286 339 147 628 265 759 288 289 391 452 330 283 459 533 436 743 173 528 233 369 772 418 531 199 79 75 181 497 423 294 427 346 257 171 405 566 592 246 162
570 726 366 310 876 371 495 752 816 509 957 291 388 412 511 403 766 670 348 902 331 283 0 840 485 774 724 90 336 437 680 874 673 394 378 436 541 137 145 389 431 801 429 736 217 490 553 776 652 677 344 508 716 510 400 886 934 924 790 666 615 400 447 138 902 252 350 813 720 819 477 650 440 315 770 410 316 359 561 234 384 506 193 910 545 958 234 526 553 417 612 393 739 709 681 932 438 407 97 415 966 495 711 388 352 225 406 399 667 155 238 456 272 251 174 817 843 299 441
1067 121 485 640 186 545 416 189 176 760 303 896 826 848 841 891 115 468 695 541 868 583 840 0 461 307 118 774 534 834 171 364 479 546 918 952 482 734 856 470 867 43 412 566 843 675 606 68 565 369 514 519 589 739 824 151 231 403 125 516 287 901 567 718 530 908 757 59 432 579 557 531 400 584 111 474 788 493 952 743 531 398 729 269 427 314 701 587 760 709 380 773 375 317 587 335 528 854 813 587 333 881 306 661 505 658 610 809 583 770 871 492 815 735 895 37 30 599 428
608 386 168 466 583 115 394 480 532 313 699 447 677 387 389 730 354 602 238 431 413 206 485 461 0 294 375 398 347 374 294 682 611 99 460 491 509 439 443 140 729 434 197 295 408 626 617 417 227 537 167 81 290 292 363 445 474 439 364 213 402 441 505 347 429 468 299 412 240 369 104 632 225 170 358 93 333 298 499 310 406 385 316 439 60 706 473 157 324 606 129 312 254 528 261 702 69 707 421 497 722 424 522 200 162 261 150 670 249 495 627 438 368 298 610 455 478 404 105
834 319 421 689 488 408 526 440 460 520 608 727 901 639 602 961 203 676 516 247 686 491 774 307 294 0 303 689 563 617 233 648 686 393 723 742 632 710 737 393 950 309 393 265 698 800 760 309 283 582 435 308 292 497 618 204 197 163 182 232 451 698 676 636 238 754 570 248 135 272 350 727 404 463 206 365 611 510 708 602 598 509 610 150 236 618 720 350 506 805 166 569 75 547 298 634 355 931 714 681 637 648 536 471 428 553 424 889 297 761 887 596 652 589 884 326 336 630 340
982 16 374 524 212 445 304 137 168 684 332 794 714 758 763 778 110 390 600 550 771 474 724 118 375 303 0 659 416 748 87 348 401 450 823 860 381 616 746 362 756 77 298 536 737 570 509 52 517 292 404 443 553 663 734 225 304 437 144 472 182 809 457 604 541 803 663 113 405 566 476 448 284 480 110 372 690 374 873 638 415 285 620 323 352 340 583 516 690 599 320 683 355 249 545 346 439 742 700 475 358 799 238 570 395 548 520 697 538 651 753 381 714 632 777 94 120 481 325
525 663 291 310 824 283 458 700 764 427 912 245 434 343 437 459 693 651 261 812 272 200 90 774 398 689 659 0 301 366 609 839 655 305 326 385 522 145 113 311 481 735 362 646 163 504 554 711 562 645 266 418 626 426 329 809 855 836 715 576 567 342 439 56 812 216 270 742 631 729 387 640 377 228 697 327 241 311 498 151 360 467 104 828 458 915 246 436 471 438 526 314 652 671 591 892 349 457 50 409 924 427 672 300 275 137 316 441 577 190 304 432 205 166 252 753 779 281 362
777 414 182 126 544 289 159 421 484 571 621 516 339 559 620 398 485 355 408 762 522 215 336 534 347 563 416 301 0 567 396 540 360 318 581 635 228 209 410 208 390 492 171 642 438 284 295 467 573 345 195 417 637 559 536 613 677 726 515 560 282 584 173 257 757 502 457 520 567 713 414 353 160 266 488 257 457 54 712 365 71 170 320 670 392 622 168 478 603 258 436 497 559 374 608 596 352 370 350 156 630 632 375 413 195 259 388 329 595 237 339 137 449 369 361 506 532 68 248
234 758 428 635 954 318 688 844 900 115 1066 181 795 33 75 824 725 906 163 621 124 353 437 834 374 617 748 366 567 0 668 1033 913 303 124 126 788 501 302 421 844 809 506 438 225 832 860 791 364 864 399 319 406 133 37 802 813 712 731 406 744 90 738 361 625 229 110 784 501 513 279 916 535 310 730 389 125 543 145 222 638 687 275 766 410 1072 592 266 155 779 468 71 550 869 375 1064 309 820 340 715 1087 66 865 180 404 312 228 799 365 553 669 699 165 210 611 829 852 585 436
902 102 319 514 298 374 315 219 254 601 419 725 716 680 680 780 89 443 525 479 698 415 680 171 294 233 87 609 396 668 0 431 454 376 749 783 411 583 688 302 762 141 252 451 672 591 540 123 431 350 346 359 468 579 656 217 284 381 119 386 220 732 470 553 470 738 588 133 323 485 393 496 246 414 92 303 618 348 791 573 410 296 560 287 267 427 564 430 605 608 233 605 276 315 458 432 360 746 647 482 445 717 305 492 337 489 442 701 452 624 736 390 644 565 751 161 185 464 258
1264 332 610 584 185 716 381 213 190 992 132 1034 692 1036 1063 752 446 239 873 893 1026 702 874 364 682 648 348 839 540 1033 431 0 244 731 1083 1130 346 740 946 613 715 345 529 882 962 504 414 340 858 197 641 760 898 972 1012 515 593 765 472 816 290 1077 455 792 883 1029 934 413 753 914 785 296 501 731 443 644 950 530 1171 874 491 373 839 633 677 124 663 836 1006 571 659 963 703 169 887 79 735 711 887 487 120 1092 171 855 634 769 810 670 879 750 802 420 958 873 856 333 334 576 599
1132 387 489 366 362 606 226 290 324 897 368 876 449 909 957 509 511 11 750 930 879 561 673 479 611 686 401 655 360 913 454 244 0 629 939 991 133 536 767 503 471 443 421 870 798 261 170 425 824 110 516 693 877 881 885 620 701 834 544 792 236 939 229 616 921 862 805 505 756 921 706 57 391 603 511 546 811 372 1057 722 296 230 679 724 628 363 447 766 921 330 636 842 721 162 857 321 647 468 705 263 361 976 174 744 511 616 708 427 847 534 569 224 808 726 629 442 457 376 510
537 460 143 424 652 30 403 541 597 268 763 352 625 310 334 673 444 621 150 511 322 129 394 546 99 393 450 305 318 303 376 731 629 0 373 411 513 365 344 126 678 516 209 355 309 602 607 496 275 569 123 118 341 252 286 542 573 533 457 278 443 359 488 257 509 370 213 501 327 435 100 640 239 80 448 87 242 277 440 211 385 399 218 538 157 769 415 163 293 569 227 235 349 569 308 760 45 655 324 474 784 361 564 124 124 168 80 622 294 422 555 432 272 199 530 536 560 362 132
200 832 474 626 1022 379 719 907 966 239 1129 88 759 92 186 779 813 933 223 743 59 383 378 918 460 723 823 326 581 124 749 1083 939 373 0 59 809 471 233 474 805 889 556 560 164 824 864 869 484 904 442 418 529 255 108 900 918 828 823 523 795 35 744 341 747 134 161 871 614 636 376 934 583 354 818 453 134 568 190 216 650 722 263 873 504 1134 570 377 278 762 568 154 660 916 496 1121 391 781 288 717 1148 146 913 260 450 323 310 767 487 516 616 717 132 213 550 909 933 585 500
143 870 520 683 1063 419 770 949 1007 236 1172 145 817 105 168 838 844 985 261 742 115 433 436 952 491 742 860 385 635 126 783 1130 991 411 59 0 862 530 291 518 863 924 602 560 223 881 921 905 489 953 489 442 528 256 128 925 938 837 852 532 841 53 799 398 747 189 198 903 627 633 401 988 629 400 849 493 181 620 141 271 705 772 319 892 531 1177 628 392 269 820 592 179 676 963 498 1166 423 839 346 773 1191 120 960 291 496 376 342 825 489 574 674 771 188 266 607 945 968 641 541
1004 371 371 239 414 488 116 310 362 779 454 744 362 782 835 426 484 129 626 866 749 434 541 482 509 632 381 522 228 788 411 346 133 513 809 862 0 405 634 388 395 441 313 785 665 193 129 419 730 156 395 589 788 764 759 606 684 789 518 704 199 810 109 483 859 729 679 494 682 843 597 128 284 480 485 434 682 245 933 592 163 128 548 696 535 452 320 660 806 239 554 717 654 206 765 416 537 386 572 141 455 852 213 624 392 486 591 342 753 407 456 91 677 596 509 447 467 243 405
671 616 289 174 753 337 365 629 693 548 828 390 293 482 570 326 671 533 374 870 416 237 137 734 439 710 616 145 209 501 583 740 536 365 471 530 405 0 253 317 343 693 334 720 308 361 418 668 639 543 277 483 705 543 465 796 852 868 698 642 491 486 310 141 868 360 398 713 679 799 461 513 338 286 675 351 377 242 639 280 249 377 227 835 497 828 102 520 589 294 558 443 687 577 671 800 409 319 189 278 836 565 580 403 284 214 403 298 657 58 191 321 347 293 174 708 734 164 370
426 751 372 422 921 331 566 799 862 387 1014 146 530 274 377 547 768 763 249 829 188 273 145 856 443 737 746 113 410 302 688 946 767 344 233 291 634 253 0 386 574 820 450 653 77 614 667 797 568 754 343 443 629 392 266 877 915 874 787 592 669 256 552 155 830 108 231 820 661 736 406 753 470 280 772 390 189 416 418 139 472 574 130 882 502 1017 355 442 433 546 571 269 691 778 593 996 384 551 64 522 1028 356 777 296 352 199 328 539 580 289 383 544 139 154 317 839 865 394 432
651 368 29 327 551 104 277 433 493 394 656 435 538 423 457 592 383 495 259 565 418 114 389 470 140 393 362 311 208 421 302 613 503 126 474 518 388 317 386 0 590 435 85 435 375 490 487 412 365 445 45 210 429 378 398 498 546 551 404 352 324 465 371 255 561 442 320 434 370 508 211 515 115 121 387 49 339 161 561 277 270 273 259 523 189 661 338 275 418 466 243 350 372 448 399 648 149 568 346 360 674 481 444 245 36 188 205 531 387 369 498 309 356 272 490 454 479 264 54
1000 749 561 264 808 648 452 704 757 888 836 719 52 823 912 45 846 476 714 1151 753 552 431 867 729 950 756 481 390 844 762 715 471 678 805 863 395 343 574 590 0 824 561 1023 641 210 301 800 949 545 564 790 1014 882 807 974 1046 1113 879 941 580 823 300 484 1147 682 741 868 956 1098 777 420 547 606 848 636 719 443 979 622 354 471 570 1046 778 832 264 840 928 157 825 786 948 598 983 791 719 24 517 281 832 907 606 739 568 550 731 61 969 291 201 375 686 635 281 832 855 326 635
1042 78 448 598 179 513 374 156 155 739 300 864 784 821 819 848 107 432 666 550 838 547 801 43 434 309 77 735 492 809 141 345 443 516 889 924 441 693 820 435 824 0 373 561 809 633 566 25 554 332 478 497 582 717 797 179 260 420 128 506 245 873 525 680 540 875 728 68 427 580 533 494 360 551 103 441 758 451 930 710 489 355 693 292 405 310 658 567 741 667 363 746 372 283 578 325 501 811 776 544 329 857 271 633 469 622 583 766 573 728 828 450 783 702 853 21 45 556 395
736 301 83 297 474 190 198 354 415 477 575 513 511 508 542 569 339 413 345 593 499 182 429 412 197 393 298 362 171 506 252 529 421 209 556 602 313 334 450 85 561 373 0 484 448 435 420 349 422 360 115 276 482 461 483 463 520 556 365 401 239 549 311 306 588 516 405 384 399 550 286 437 30 202 342 125 422 118 647 353 217 192 328 506 230 579 328 348 500 424 267 436 387 363 457 565 226 541 403 307 592 567 359 330 107 255 289 500 444 378 498 241 435 350 504 391 417 238 92
621 551 463 762 738 383 669 670 702 324 860 593 971 467 398 1023 455 860 404 183 540 483 736 566 295 265 536 646 642 438 451 882 870 355 560 560 785 720 653 435 1023 561 484 0 593 918 902 555 85 779 459 237 34 305 453 467 444 291 441 83 640 528 795 605 187 632 436 507 134 83 261 899 508 434 458 388 482 592 489 516 699 657 546 386 254 870 765 212 294 901 234 415 192 756 64 880 310 1001 653 790 888 448 746 357 456 516 331 965 74 777 910 724 533 500 884 580 593 699 396
362 743 366 468 922 302 587 802 863 314 1021 82 595 197 301 616 748 793 190 772 114 267 217 843 408 698 737 163 438 225 672 962 798 309 164 223 665 308 77 375 641 809 448 593 0 664 710 786 509 774 335 396 566 320 189 850 882 827 763 536 678 183 592 185 773 68 161 802 612 674 355 788 471 258 752 369 117 434 344 100 504 592 122 846 463 1025 408 384 359 601 533 195 646 793 531 1007 343 617 124 564 1037 280 791 239 343 194 278 602 519 351 454 574 64 110 391 828 853 432 414
1024 561 464 198 601 573 276 502 552 849 626 747 189 819 891 248 669 265 680 1022 766 492 490 675 626 800 570 504 284 832 591 504 261 602 824 881 193 361 614 490 210 633 435 918 664 0 91 610 853 336 479 699 915 838 798 794 870 961 703 835 389 834 125 483 1016 720 722 683 830 985 697 212 413 546 670 538 713 329 976 615 220 294 564 878 665 621 259 762 883 80 699 765 812 391 888 581 635 207 550 129 621 897 400 692 479 520 670 167 875 336 328 204 694 624 399 639 660 247 523
1063 498 465 245 518 580 236 427 473 866 537 792 281 850 915 339 613 175 703 991 806 511 553 606 617 760 509 554 295 860 540 414 170 607 864 921 129 418 667 487 301 566 420 902 710 91 0 544 842 253 485 694 902 853 829 734 812 918 647 820 326 871 123 526 984 770 750 621 804 963 698 121 394 561 614 535 746 330 1006 651 224 252 602 825 649 532 319 762 896 166 674 792 779 309 877 491 636 298 603 147 532 926 318 708 483 549 681 258 865 403 413 179 733 657 480 570 589 279 512
1025 53 425 572 183 493 349 142 151 724 305 842 759 803 803 824 106 414 646 553 818 524 776 68 417 309 52 711 467 791 123 340 425 496 869 905 419 668 797 412 800 25 349 555 786 610 544 0 544 314 455 481 575 702 778 195 276 428 132 497 221 854 500 656 543 853 709 81 423 578 516 475 336 529 103 420 737 426 914 688 463 330 671 304 390 314 633 552 727 643 351 727 369 266 570 326 483 787 752 520 333 840 254 614 446 599 564 742 564 703 803 425 762 681 828 42 68 531 373
562 532 392 689 726 303 614 646 685 254 848 512 896 392 333 946 451 814 320 264 460 404 652 565 227 283 517 562 573 364 431 858 824 275 484 489 730 639 568 365 949 554 422 85 509 853 842 544 0 739 385 159 66 233 376 486 476 350 443 52 600 453 732 521 266 550 354 507 150 168 178 849 448 353 455 316 399 524 432 432 633 603 462 422 196 857 688 127 231 831 199 336 209 720 35 863 231 926 569 724 875 382 712 272 382 433 246 891 23 697 829 663 450 415 801 573 590 627 331
1091 277 436 388 265 549 188 181 220 836 298 849 515 864 902 579 402 100 701 828 845 521 677 369 537 582 292 645 345 864 350 197 110 569 904 953 156 543 754 445 545 332 360 779 774 336 253 314 739 0 466 618 789 818 840 509 590 726 435 704 140 900 264 599 819 841 760 395 660 825 637 163 330 555 402 483 772 340 1006 690 294 182 652 614 546 296 467 693 856 393 546 794 621 56 771 262 581 538 694 295 300 926 66 689 460 584 649 494 762 553 611 224 775 691 662 332 347 379 442
625 410 32 305 588 95 290 469 530 384 690 398 512 398 441 564 428 508 236 597 385 70 344 514 167 435 404 266 195 399 346 641 516 123 442 489 395 277 343 45 564 478 115 459 335 479 485 455 385 466 0 226 450 370 374 544 591 591 449 378 352 436 365 210 594 402 294 479 404 535 219 523 141 90 432 75 308 155 542 239 262 288 216 567 221 694 307 284 412 449 281 328 410 474 419 680 158 542 301 351 707 461 471 229 9 145 197 507 406 331 461 311 320 235 450 496 522 243 98
548 455 235 531 654 146 474 556 604 242 772 420 737 337 322 787 408 683 209 395 378 246 508 519 81 308 443 418 417 319 359 760 693 118 418 442 589 483 443 210 790 497 276 237 396 699 694 481 159 618 226 0 225 221 315 483 500 432 412 160 482 395 580 372 394 449 262 467 218 317 42 712 305 198 412 161 303 370 433 305 479 465 324 457 92 779 529 76 248 674 150 264 251 608 193 777 73 767 432 570 795 362 601 163 224 284 118 733 180 540 673 516 346 290 648 518 539 469 184
587 568 456 754 758 370 672 686 721 292 880 564 962 436 365 1012 476 867 380 214 510 470 716 589 290 292 553 626 637 406 468 898 877 341 529 528 788 705 629 429 1014 582 482 34 566 915 902 575 66 789 450 225 0 274 422 495 474 325 464 85 649 496 793 586 219 604 409 530 158 109 244 905 508 419 480 381 454 588 456 493 695 660 525 417 254 890 754 191 261 895 243 386 217 767 36 898 297 992 631 787 908 415 758 333 447 498 311 957 49 763 895 724 506 476 867 601 616 692 393
337 676 393 649 874 276 655 773 823 22 991 299 831 163 105 869 626 873 169 488 243 346 510 739 292 497 663 426 559 133 579 972 881 252 255 256 764 543 392 378 882 717 461 305 320 838 853 702 233 818 370 221 274 0 151 690 694 582 628 278 688 223 732 404 492 344 162 685 375 380 189 892 491 293 630 336 204 524 214 276 629 651 323 644 312 998 620 153 46 796 361 125 427 815 242 994 238 859 414 714 1014 151 809 147 373 332 173 832 233 600 726 681 256 260 678 738 759 592 377
253 744 404 601 938 297 661 826 883 137 1048 151 758 25 111 787 716 878 139 636 93 325 400 824 363 618 734 329 536 37 656 1012 885 286 108 128 759 465 266 398 807 797 483 453 189 798 829 778 376 840 374 315 422 151 0 798 813 720 724 415 722 81 706 325 640 198 80 775 507 530 273 887 512 284 721 370 88 514 178 186 607 661 239 767 403 1054 556 269 181 744 465 51 553 846 389 1044 296 783 303 683 1069 100 843 164 380 280 214 763 379 517 632 670 128 175 574 817 841 553 417
1026 236 520 730 334 549 523 335 327 712 444 892 930 820 795 994 129 609 682 408 856 610 886 151 445 204 225 809 613 802 217 515 620 542 900 925 606 796 877 498 974 179 463 467 850 794 734 195 486 509 544 483 495 690 798 0 81 259 98 434 407 878 678 754 397 912 741 115 339 464 525 670 460 597 126 487 777 564 903 751 625 504 747 120 396 456 780 539 704 819 333 747 279 461 502 481 513 959 843 693 475 839 449 641 535 681 591 914 500 839 952 600 813 740 965 185 180 681 448
1031 316 570 798 410 584 596 416 407 717 516 917 1001 834 799 1064 201 690 706 356 878 654 934 231 474 197 304 855 677 813 284 593 701 573 918 938 684 852 915 546 1046 260 520 444 882 870 812 276 476 590 591 500 474 694 813 81 0 197 167 425 486 894 752 799 344 941 762 196 326 427 542 751 521 635 199 528 801 627 904 784 694 578 785 60 420 528 843 547 703 892 352 764 269 542 487 556 540 1030 885 766 547 845 531 662 582 723 614 986 488 898 1015 673 840 772 1024 266 260 745 493
909 452 579 852 589 553 686 568 575 603 702 845 1064 738 682 1124 327 823 638 162 798 643 924 403 439 163 437 836 726 712 381 765 834 533 828 837 789 868 874 551 1113 420 556 291 827 961 918 428 350 726 591 432 325 582 720 259 197 0 296 305 602 799 837 785 150 878 685 352 216 250 471 877 567 609 328 518 729 673 779 736 761 669 750 141 379 714 882 453 579 968 312 676 185 685 347 737 491 1095 857 844 733 731 674 591 584 699 549 1053 353 920 1047 758 775 721 1041 432 433 793 498
961 158 425 633 306 461 429 272 282 650 425 809 834 748 732 898 34 534 602 422 777 517 790 125 364 182 144 715 515 731 119 472 544 457 823 852 518 698 787 404 879 128 365 441 763 703 647 132 443 435 449 412 464 628 724 98 167 296 0 393 321 803 585 659 412 827 663 66 307 455 452 591 362 508 34 396 697 466 842 664 528 410 657 180 322 436 682 475 646 724 266 673 250 391 464 453 433 863 750 599 455 774 380 564 440 589 513 819 460 741 854 506 729 654 867 144 153 582 355
610 488 381 679 680 305 588 603 640 299 802 546 889 433 380 941 402 782 346 238 496 405 666 516 213 232 472 576 560 406 386 816 792 278 523 532 704 642 592 352 941 506 401 83 536 835 820 497 52 704 378 160 85 278 415 434 425 305 393 0 564 494 712 532 238 581 386 457 99 158 189 820 426 358 406 306 431 509 481 453 616 576 479 372 171 811 684 153 280 818 158 372 157 683 72 818 233 920 587 707 829 428 674 298 374 443 264 883 68 699 832 641 480 437 808 525 541 617 313
975 172 321 367 262 427 136 139 202 707 345 748 541 747 776 606 287 225 583 694 737 415 615 287 402 451 182 567 282 744 220 290 236 443 795 841 199 491 669 324 580 245 239 640 678 389 326 221 600 140 352 482 649 688 722 407 486 602 321 564 0 788 280 516 686 746 644 295 522 687 504 276 211 441 288 356 661 257 883 587 258 119 556 500 407 348 436 558 724 423 406 674 485 127 632 329 450 568 614 302 359 803 121 566 345 484 523 523 622 515 600 208 671 586 635 252 275 336 312
193 818 467 636 1010 367 718 897 954 205 1119 115 776 61 151 799 795 933 209 711 70 380 400 901 441 698 809 342 584 90 732 1077 939 359 35 53 810 486 256 465 823 873 549 528 183 834 871 854 453 900 436 395 496 223 81 878 894 799 803 494 788 0 750 352 715 163 146 853 586 603 353 937 576 347 799 441 129 568 162 220 654 719 270 848 482 1124 583 350 244 774 545 131 633 910 464 1113 373 799 307 724 1138 112 907 241 443 324 291 783 455 532 637 720 140 215 573 894 917 592 488
942 450 348 138 517 460 156 407 463 744 563 673 261 728 792 326 551 228 580 897 685 388 447 567 505 676 457 439 173 738 470 455 229 488 744 799 109 310 552 371 300 525 311 795 592 125 123 500 732 264 365 580 793 732 706 678 752 837 585 712 280 750 0 407 890 653 628 570 705 861 581 203 288 440 553 420 624 211 883 529 103 175 481 757 541 560 218 646 776 142 574 669 686 312 766 525 519 288 488 34 564 803 319 586 364 427 560 243 754 305 348 80 612 536 402 533 555 160 401
541 608 235 285 771 233 412 648 711 408 862 266 434 343 429 467 637 611 235 767 283 146 138 718 347 636 604 56 257 361 553 792 616 257 341 398 483 141 155 255 484 680 306 605 185 483 526 656 521 599 210 372 586 404 325 754 799 785 659 532 516 352 407 0 766 247 257 686 583 686 344 604 323 178 641 273 237 262 500 139 320 419 86 773 407 864 232 397 450 423 474 302 601 623 551 842 302 460 98 379 874 425 623 269 219 89 277 438 538 196 322 392 211 152 282 697 724 248 306
801 556 590 882 716 534 748 677 694 511 833 778 1095 655 583 1152 437 911 583 12 726 633 902 530 429 238 541 812 757 625 470 883 921 509 747 747 859 868 830 561 1147 540 588 187 773 1016 984 543 266 819 594 394 219 492 640 397 344 150 412 238 686 715 890 766 0 816 620 474 191 118 427 960 606 589 439 519 665 704 670 692 803 732 716 285 373 844 899 390 479 1011 322 601 205 785 251 864 464 1126 824 891 863 633 774 535 589 677 503 1087 261 924 1055 813 716 676 1038 554 560 820 513
319 810 433 526 990 365 653 869 931 333 1089 49 638 197 303 654 812 857 240 813 105 334 252 908 468 754 803 216 502 229 738 1029 862 370 134 189 729 360 108 442 682 875 516 632 68 720 770 853 550 841 402 449 604 344 198 912 941 878 827 581 746 163 653 247 816 0 196 867 662 712 407 851 539 324 816 434 151 501 323 165 567 659 190 903 521 1093 462 428 377 654 590 220 699 860 569 1075 401 658 171 624 1104 272 859 287 411 262 331 648 557 398 489 638 103 173 419 894 919 494 480
331 672 324 526 864 221 581 751 808 159 973 160 691 104 172 723 652 798 63 617 116 245 350 757 299 570 663 270 457 110 588 934 805 213 161 198 679 398 231 320 741 728 405 436 161 722 750 709 354 760 294 262 409 162 80 741 762 685 663 386 644 146 628 257 620 196 0 710 469 517 220 807 433 205 657 295 46 434 256 120 528 581 171 720 344 979 485 233 204 671 410 45 510 768 373 968 230 717 253 605 993 176 764 100 300 202 150 694 362 452 573 590 98 106 521 749 772 475 342
1015 123 452 632 241 502 416 222 223 707 360 852 826 799 788 890 59 495 649 485 823 548 813 59 412 248 113 742 520 784 133 413 505 501 871 903 494 713 820 434 868 68 384 507 802 683 621 81 507 395 479 467 530 685 775 115 196 352 66 457 295 853 570 686 474 867 710 0 373 521 505 555 376 545 55 433 743 474 899 703 524 397 691 224 375 371 687 533 705 712 325 724 316 347 529 389 480 854 780 587 390 829 335 613 470 622 562 809 525 752 859 493 772 694 878 80 87 586 389
709 421 399 692 605 350 568 541 571 397 727 630 905 526 478 961 321 746 423 195 583 445 720 432 240 135 405 631 567 501 323 753 756 327 614 627 682 679 661 370 956 427 399 134 612 830 804 423 150 660 404 218 158 375 507 339 326 216 307 99 522 586 705 583 191 662 469 373 0 165 257 790 418 405 325 329 513 514 580 523 615 554 541 272 182 737 708 238 379 822 132 461 60 633 163 748 283 935 649 704 755 526 623 375 398 495 335 896 162 734 865 630 559 508 850 446 459 630 322
683 582 536 835 759 462 728 702 729 398 880 672 1046 543 468 1098 474 911 487 111 619 563 819 579 369 272 566 729 713 513 485 914 921 435 636 633 843 799 736 508 1098 580 550 83 674 985 963 578 168 825 535 317 109 380 530 464 427 250 455 158 687 603 861 686 118 712 517 521 165 0 343 954 572 514 477 462 563 662 552 599 767 715 629 367 322 890 842 295 364 971 289 495 210 797 144 905 390 1076 736 857 909 518 788 440 531 598 414 1039 156 857 989 787 614 583 965 598 608 772 466
510 488 234 522 686 129 484 584 635 209 802 378 725 296 287 772 446 698 168 427 336 227 477 557 104 350 476 387 414 279 393 785 706 100 376 401 597 461 406 211 777 533 286 261 355 697 698 516 178 637 219 42 244 189 273 525 542 471 452 189 504 353 581 344 427 407 220 505 257 343 0 723 315 175 451 163 261 370 397 267 479 477 289 500 131 809 514 65 221 667 192 223 292 630 210 806 62 754 398 569 825 324 624 121 219 255 78 721 196 519 652 520 304 251 623 553 575 461 196
1130 435 498 340 418 616 239 344 380 907 423 868 402 910 964 459 558 65 754 968 875 562 650 531 632 727 448 640 353 916 496 296 57 640 934 988 128 513 753 515 420 494 437 899 788 212 121 475 849 163 523 712 905 892 887 670 751 877 591 820 276 937 203 604 960 851 807 555 790 954 723 0 408 608 558 560 809 373 1061 718 285 247 672 771 653 417 419 784 933 285 666 845 757 217 883 375 662 419 689 235 415 980 228 752 519 612 718 379 872 506 530 217 802 722 593 494 510 358 528
764 286 110 285 452 219 169 331 393 508 550 538 497 537 572 557 334 383 373 611 526 205 440 400 225 404 284 377 160 535 246 501 391 239 583 629 284 338 470 115 547 360 30 508 471 413 394 336 448 330 141 305 508 491 512 460 521 567 362 426 211 576 288 323 606 539 433 376 418 572 315 408 0 230 337 155 449 107 676 378 198 162 350 510 255 554 323 377 530 406 286 465 404 334 483 539 256 528 420 286 567 596 331 360 134 277 319 486 471 379 494 216 460 375 505 377 403 228 121
536 487 120 359 671 56 378 554 614 305 776 315 554 309 356 599 490 596 147 591 297 55 315 584 170 463 480 228 266 310 414 731 603 80 354 400 480 286 280 121 606 551 202 434 258 546 561 529 353 555 90 198 419 293 284 597 635 609 508 358 441 347 440 178 589 324 205 545 405 514 175 608 230 0 495 111 219 235 454 159 337 377 150 605 230 781 342 235 337 507 299 239 424 564 385 768 125 583 251 421 794 373 560 147 96 91 126 552 371 344 477 393 235 152 450 570 595 301 156
961 125 406 604 282 451 397 241 254 652 403 800 803 745 734 867 4 500 596 450 770 501 770 111 358 206 110 697 488 730 92 443 511 448 818 849 485 675 772 387 848 103 342 458 752 670 614 103 455 402 432 412 480 630 721 126 199 328 34 406 288 799 553 641 439 816 657 55 325 477 451 558 337 495 0 383 690 440 844 652 499 379 643 213 320 413 655 478 651 693 270 670 269 358 478 428 427 833 733 567 432 774 347 559 423 574 508 788 473 716 827 474 720 643 842 121 136 555 340
622 380 75 374 570 74 322 456 514 353 679 422 584 395 420 637 379 537 232 522 399 127 410 474 93 365 372 327 257 389 303 644 546 87 453 493 434 351 390 49 636 441 125 388 369 538 535 420 316 483 75 161 381 336 370 487 528 518 396 306 356 441 420 273 519 434 295 433 329 462 163 560 155 111 383 0 319 209 527 269 318 316 260 501 146 684 381 227 375 515 207 320 336 482 351 675 102 614 357 409 699 447 477 210 70 195 167 578 338 406 536 357 342 261 524 461 486 311 48
321 699 339 516 888 245 589 772 831 198 995 117 670 106 196 700 685 804 96 663 81 251 316 788 333 611 690 241 457 125 618 950 811 242 134 181 682 377 189 339 719 758 422 482 117 713 746 737 399 772 308 303 454 204 88 777 801 729 697 431 661 129 624 237 665 151 46 743 513 563 261 809 449 219 690 319 0 439 264 99 527 591 152 760 382 1000 469 278 243 658 449 79 552 782 419 987 265 695 219 600 1013 188 779 140 315 197 187 675 407 429 545 592 53 89 489 778 802 469 367
761 374 136 180 517 250 153 393 456 538 601 509 393 538 591 452 437 365 381 709 509 190 359 493 298 510 374 311 54 543 348 530 372 277 568 620 245 242 416 161 443 451 118 592 434 329 330 426 524 340 155 370 588 524 514 564 627 673 466 509 257 568 211 262 704 501 434 474 514 662 370 373 107 235 440 209 439 0 688 353 109 158 313 618 340 603 216 434 567 310 382 473 505 361 559 581 308 424 359 200 613 607 361 381 153 246 351 383 547 278 388 157 438 355 404 466 492 121 196
132 885 571 779 1083 457 832 977 1030 192 1198 276 931 158 111 957 840 1050 307 663 230 499 561 952 499 708 873 498 712 145 791 1171 1057 440 190 141 933 639 418 561 979 930 647 489 344 976 1006 914 432 1006 542 433 456 214 178 903 904 779 842 481 883 162 883 500 670 323 256 899 580 552 397 1061 676 454 844 527 264 688 0 362 783 830 415 852 525 1204 732 367 202 921 576 215 636 1009 431 1198 438 955 466 860 1219 81 1004 317 547 457 361 937 426 688 797 844 293 352 734 950 972 730 572
413 645 270 417 827 202 505 707 768 276 928 160 573 205 290 604 648 717 115 691 157 173 234 743 310 602 638 151 365 222 573 874 722 211 216 271 592 280 139 277 622 710 353 516 100 615 651 688 432 690 239 305 493 276 186 751 784 736 664 453 587 220 529 139 692 165 120 703 523 599 267 718 378 159 652 269 99 353 362 0 434 508 53 749 367 932 370 304 320 559 436 165 553 705 457 916 247 598 141 504 945 286 703 160 247 107 189 577 444 333 453 501 85 17 403 729 754 372 315
847 410 245 110 516 357 123 396 458 641 582 583 307 630 691 370 496 291 479 809 591 286 384 531 406 598 415 360 71 638 410 491 296 385 650 705 163 249 472 270 354 489 217 699 504 220 224 463 633 294 262 479 695 629 607 625 694 761 528 616 258 654 103 320 803 567 528 524 615 767 479 285 198 337 499 318 527 109 783 434 0 139 388 693 446 582 179 543 672 208 483 569 601 330 667 553 417 337 409 91 589 703 333 484 261 330 457 293 655 262 342 73 518 439 378 500 524 85 303
911 278 260 248 378 376 19 257 319 667 451 666 429 685 729 494 377 222 524 739 663 339 506 398 385 509 285 467 170 687 296 373 230 399 722 772 128 377 574 273 471 355 192 657 592 294 252 330 603 182 288 465 660 651 661 504 578 669 410 576 119 719 175 419 732 659 581 397 554 715 477 247 162 377 379 316 591 158 830 508 139 0 470 584 407 452 318 538 691 315 426 616 528 205 637 426 418 457 515 190 460 750 205 516 283 402 478 412 626 398 481 96 593 509 517 365 389 219 282
462 626 247 366 802 202 465 680 742 325 899 197 520 258 343 552 638 674 157 716 204 147 193 729 316 610 620 104 320 275 560 839 679 218 263 319 548 227 130 259 570 693 328 546 122 564 602 671 462 652 216 324 525 323 239 747 785 750 657 479 556 270 481 86 716 190 171 691 541 629 289 672 350 150 643 260 152 313 415 53 388 470 0 754 375 903 317 335 368 507 444 217 566 670 489 885 259 545 108 454 914 339 669 196 225 72 215 524 476 280 403 457 131 66 356 712 738 322 303
980 337 548 792 454 552 602 446 444 666 564 877 999 788 749 1062 214 713 666 297 836 628 910 269 439 150 323 828 670 766 287 633 724 538 873 892 696 835 882 523 1046 292 506 386 846 878 825 304 422 614 567 457 417 644 767 120 60 141 180 372 500 848 757 773 285 903 720 224 272 367 500 771 510 605 213 501 760 618 852 749 693 584 754 0 382 576 833 499 651 895 313 719 217 569 431 601 502 1029 856 768 595 796 557 620 559 694 573 985 433 883 1004 677 801 736 1008 301 299 738 470
