NAME : X-n143-k7_SARP
COMMENT : Curated from VRPLIB to SARP
TYPE : SARP
DIMENSION : 143
EDGE_WEIGHT_TYPE : EXPLICIT
EDGE_WEIGHT_FORMAT : FULL_MATRIX
EDGE_WEIGHT_SECTION
0 1127 829 553 650 502 963 706 834 940 233 664 1156 813 424 1202 499 956 912 788 811 1098 801 1198 122 1318 412 1007 946 969 633 1301 619 746 413 513 199 1027 379 1333 161 1149 995 764 772 76 605 1165 913 242 540 1152 1098 1045 631 400 631 755 888 276 1121 668 608 764 1183 1111 606 285 321 737 857 386 533 804 892 662 934 524 820 917 1197 707 268 867 859 1310 895 1036 1195 884 977 364 1299 584 973 1005 414 583 840 110 578 478 1109 1001 1142 696 644 968 693 808 894 1034 389 961 839 1185 1071 838 1161 1117 809 418 452 642 190 1009 1224 897 1163 892 683 936 819 369 285 1088 970 326 751 1137 496 393 1381
1127 0 572 720 866 626 249 604 461 636 993 466 66 319 776 450 696 747 718 469 561 637 330 143 1007 406 810 332 663 217 503 377 863 511 770 882 985 146 834 389 1048 481 446 469 453 1060 572 97 551 886 629 439 175 254 544 801 586 770 515 971 408 635 556 382 429 127 685 859 815 416 419 743 626 442 553 485 365 935 375 231 129 723 940 896 714 444 887 198 280 959 1023 847 387 543 388 124 797 892 294 1021 600 970 465 181 110 677 491 188 863 523 550 587 776 325 420 200 698 523 76 61 556 938 676 800 1003 174 180 445 326 402 620 253 503 774 859 595 274 869 387 157 649 821 428
829 572 0 743 952 458 619 744 708 936 817 371 634 369 692 940 338 1033 985 672 25 1026 450 709 736 954 730 267 962 357 480 926 932 137 419 883 784 587 732 946 834 936 192 164 635 753 592 662 84 620 594 908 678 701 583 705 222 934 802 821 868 745 564 505 916 652 747 554 533 289 156 505 342 159 63 514 211 938 236 371 697 861 778 1097 950 980 1105 647 812 1154 1246 735 933 423 209 478 415 935 371 753 601 943 903 593 660 810 478 553 975 747 837 954 448 252 162 748 1056 772 644 522 780 877 484 889 800 594 747 131 829 170 741 590 77 615 665 989 652 732 333 691 556 726 989
553 720 743 0 211 299 493 158 309 388 339 384 723 483 136 664 488 419 371 273 717 545 417 740 445 797 141 764 396 651 277 784 189 608 472 165 358 585 175 817 413 604 817 592 275 517 166 721 805 382 148 614 627 553 188 155 535 236 341 302 588 118 193 348 647 656 53 424 389 484 663 334 428 619 788 264 710 220 578 584 744 169 291 391 318 781 410 567 692 436 535 190 780 320 764 619 513 197 505 451 148 250 566 551 692 144 285 533 239 267 343 481 444 713 644 706 522 293 724 736 261 223 298 152 371 560 757 724 648 690 134 477 684 232 287 535 486 227 459 670 195 161 862
650 866 952 211 0 509 621 263 410 359 417 590 856 672 306 698 693 330 298 397 927 511 596 857 565 851 285 957 352 833 480 845 31 817 669 137 454 722 309 878 490 629 1019 799 416 636 366 847 1014 541 359 651 743 658 382 312 746 136 391 374 637 237 394 524 687 780 210 598 570 687 867 529 638 825 997 458 909 138 779 765 864 147 388 218 251 823 246 688 775 245 344 319 837 530 963 781 708 69 691 565 353 192 597 687 816 189 486 679 44 350 372 469 638 908 848 809 462 360 855 893 323 234 503 69 460 695 866 929 719 892 250 614 892 412 439 518 604 353 659 785 405 302 917
502 626 458 299 509 0 480 358 412 601 395 165 656 313 235 763 195 669 618 362 433 736 301 702 381 853 273 543 619 476 146 832 484 329 208 426 376 531 278 862 437 725 567 325 332 434 191 667 529 260 158 716 608 569 202 249 240 520 495 387 680 341 172 276 740 616 318 242 196 253 412 120 129 360 510 187 477 481 347 420 699 447 347 682 572 855 698 549 718 732 830 284 832 82 526 503 249 483 340 396 182 485 684 508 646 402 155 472 538 416 518 662 192 493 392 697 738 448 661 617 436 421 50 451 393 516 731 467 698 444 345 450 410 171 245 711 494 288 255 645 104 271 910
963 249 619 493 621 480 0 362 213 397 797 355 235 258 572 324 611 508 474 227 600 431 200 248 842 378 602 462 424 310 336 354 620 511 666 649 798 103 630 384 861 317 566 469 218 903 367 229 632 730 431 288 137 92 339 598 539 521 269 769 249 396 358 203 299 163 452 722 676 363 468 598 529 462 627 302 454 700 384 261 251 476 744 648 467 388 640 75 239 712 779 644 356 405 500 199 702 652 250 854 395 739 285 68 199 432 326 81 616 275 305 368 662 428 459 223 479 274 235 287 307 716 527 556 815 75 267 519 228 470 380 32 542 595 681 390 34 672 317 179 468 615 432
706 604 744 158 263 358 362 0 158 250 497 373 597 424 282 506 552 311 261 135 719 400 342 604 593 640 296 709 265 577 266 628 259 608 559 293 514 461 330 662 570 446 781 582 153 665 168 590 794 515 208 456 490 409 166 306 562 194 183 460 430 41 192 270 489 524 106 543 502 461 636 434 477 600 780 230 667 340 544 509 609 128 448 354 216 623 362 432 542 413 503 345 623 340 721 518 601 290 440 600 176 383 408 426 560 76 267 417 265 109 188 331 537 661 618 563 389 135 596 630 103 372 378 196 527 434 617 698 493 656 24 352 676 359 430 385 348 382 424 533 271 315 706
834 461 708 309 410 412 213 158 0 229 640 359 446 350 416 368 590 331 288 50 685 332 263 448 716 490 438 619 255 474 278 476 411 578 619 452 651 315 469 509 710 319 706 544 82 785 237 437 743 622 300 318 333 251 216 441 563 309 95 606 287 197 245 203 348 370 260 635 590 420 577 514 507 553 732 233 590 498 483 410 454 264 588 445 268 477 441 278 384 508 583 485 472 363 643 392 660 445 358 726 261 541 278 280 406 222 273 279 403 62 129 257 604 576 562 405 351 70 445 494 96 529 447 347 665 287 459 637 339 590 180 210 633 470 550 303 194 518 375 376 356 455 555
940 636 936 388 359 601 397 250 229 0 718 580 603 578 522 348 791 112 87 265 913 160 492 578 832 507 528 841 28 692 487 506 377 806 806 463 742 495 561 537 793 276 933 772 303 905 410 584 972 763 457 306 475 386 400 543 782 223 137 677 301 281 429 432 342 521 337 793 752 648 806 683 712 782 961 443 817 489 713 631 589 240 674 277 112 473 260 438 461 338 389 576 496 569 868 594 848 421 585 838 423 542 250 462 554 244 484 476 329 193 101 109 785 800 791 516 139 165 599 681 166 561 625 325 754 468 575 865 397 819 270 408 862 607 673 159 366 614 604 512 520 548 572
233 993 817 339 417 395 797 497 640 718 0 556 1011 699 227 1002 484 727 685 598 794 878 664 1042 164 1130 202 938 722 867 492 1115 387 705 415 280 48 875 171 1148 76 944 953 711 589 227 430 1015 897 212 368 952 934 871 459 201 597 525 680 43 924 457 441 613 984 955 392 287 292 648 801 313 480 749 877 508 870 293 742 807 1043 481 54 634 631 1116 663 872 1016 653 747 155 1111 471 917 876 438 351 725 158 402 251 905 845 989 475 503 818 461 604 682 817 381 888 782 1019 846 632 1014 994 600 186 352 411 46 853 1064 853 977 835 473 774 786 226 154 871 798 125 647 976 345 185 1194
664 466 371 384 590 165 355 373 359 580 556 0 502 149 370 666 256 669 620 316 346 690 157 554 545 733 409 391 604 312 110 708 571 234 315 539 540 385 422 737 601 640 434 211 279 595 224 515 425 422 241 623 470 447 213 389 204 563 453 544 584 374 196 168 642 470 381 393 349 101 279 278 174 235 410 143 331 595 198 255 550 491 506 726 583 742 735 415 591 783 875 431 711 86 384 342 348 581 176 560 237 611 602 368 497 439 107 328 609 387 484 616 315 340 260 558 709 415 507 453 417 556 214 524 557 374 585 340 582 306 371 323 305 331 409 659 377 442 91 503 224 412 785
1156 66 634 723 856 656 235 597 446 603 1011 502 0 359 789 392 741 713 687 462 622 591 356 77 1035 340 822 398 630 278 525 311 855 567 811 882 1006 139 848 323 1069 427 512 524 450 1090 584 31 615 916 643 385 129 217 556 815 637 752 490 986 356 631 570 398 372 82 684 894 849 462 480 775 667 500 618 503 429 934 430 282 63 710 957 870 688 378 859 170 218 933 992 862 321 574 454 170 840 887 336 1049 612 971 415 172 52 667 514 193 850 508 523 545 815 390 480 136 654 504 10 127 539 944 706 791 1023 164 114 508 268 465 615 247 564 797 882 548 253 886 429 100 669 834 362
813 319 369 483 672 313 258 424 350 578 699 149 359 0 498 582 383 681 636 322 347 658 87 418 694 622 536 286 605 172 215 596 659 253 453 646 685 256 554 621 747 571 360 212 287 744 317 376 395 572 356 545 348 346 295 521 289 617 441 683 505 438 292 156 557 338 465 541 498 109 228 428 308 210 386 219 245 702 136 108 411 551 647 773 609 639 776 301 478 834 919 565 600 232 298 194 482 676 27 709 339 726 536 249 361 498 205 206 683 397 478 587 458 237 214 432 691 417 366 304 432 679 363 603 702 253 451 287 481 241 429 227 292 474 555 621 288 580 70 374 357 542 669
424 776 692 136 306 235 572 282 416 522 227 370 789 498 0 781 398 554 506 372 668 678 451 818 311 905 39 761 531 670 283 889 277 564 364 198 235 652 59 922 295 726 796 557 362 383 206 792 764 248 147 731 709 644 234 26 473 365 464 198 702 245 220 393 763 731 185 296 265 469 640 225 356 591 745 291 699 249 566 606 819 302 174 510 453 893 532 647 790 548 648 72 886 288 751 663 403 263 523 318 178 250 686 622 765 280 294 596 343 385 470 612 333 710 620 793 657 415 792 782 385 188 213 265 250 630 839 698 751 671 259 550 644 107 152 666 572 103 457 750 146 45 969
1202 450 940 664 698 763 324 506 368 348 1002 666 392 582 781 0 920 431 430 416 922 248 518 331 1084 161 800 755 365 607 619 166 711 835 964 782 1016 362 833 194 1074 72 866 793 437 1153 603 362 946 989 667 50 282 240 580 806 860 565 324 966 84 546 608 501 25 326 612 997 951 686 787 874 836 785 943 577 762 817 706 573 347 561 952 617 459 125 595 297 178 672 701 849 154 700 801 482 1003 753 573 1094 628 868 102 349 341 543 611 388 673 398 332 245 954 730 778 261 322 371 383 510 405 872 804 652 1030 349 309 833 125 784 530 355 863 838 918 214 295 883 639 294 720 818 225
499 696 338 488 693 195 611 552 590 791 484 256 741 383 398 920 0 863 813 541 317 920 413 800 399 989 431 514 811 503 311 965 667 248 86 596 448 635 423 992 497 890 496 270 508 423 384 758 420 283 353 875 724 703 391 403 133 715 678 492 837 536 362 419 896 719 511 218 195 280 361 181 84 310 399 356 441 646 341 467 794 641 449 876 767 998 892 670 847 923 1022 424 967 226 476 573 102 660 405 416 377 640 850 622 743 597 317 581 725 602 704 845 111 471 345 810 927 634 748 670 625 569 191 640 463 627 833 399 838 396 539 579 320 302 335 892 633 412 313 754 294 422 1041
956 747 1033 419 330 669 508 311 331 112 727 669 713 681 554 431 863 0 51 361 1008 199 594 686 857 592 552 948 84 800 569 595 355 899 869 455 757 606 584 625 803 359 1038 868 398 930 479 694 1072 801 517 395 585 496 474 571 867 203 245 685 397 331 502 530 429 632 374 841 802 744 908 739 788 880 1061 528 922 467 813 739 697 252 688 187 101 553 163 549 562 241 280 598 584 648 974 705 911 398 689 860 487 522 341 574 664 278 568 587 292 286 207 188 845 906 892 622 136 263 709 793 253 555 687 317 767 579 681 967 497 922 325 519 960 649 705 221 478 636 701 620 579 572 655
912 718 985 371 298 618 474 261 288 87 685 620 687 636 506 430 813 51 0 315 961 215 549 664 811 590 505 907 66 761 519 591 320 851 818 416 713 575 538 622 760 358 995 821 351 884 429 669 1026 753 466 390 560 471 424 524 817 165 207 643 387 281 452 484 426 606 325 791 752 696 862 689 737 833 1014 479 878 433 768 698 675 206 644 190 53 554 173 520 548 250 305 552 581 598 931 670 860 364 646 815 436 487 335 541 639 229 518 552 262 239 170 186 795 864 846 603 165 219 683 761 206 516 636 277 723 547 662 922 484 877 275 483 913 600 658 229 445 590 654 597 529 525 655
788 469 672 273 397 362 227 135 50 265 598 316 462 322 372 416 541 361 315 0 648 379 235 471 669 533 396 599 290 459 230 517 394 540 569 424 606 326 427 551 667 369 682 508 37 737 188 456 711 573 251 366 357 281 166 398 519 310 138 565 334 169 195 169 395 389 228 585 540 383 547 464 459 519 699 185 566 473 453 393 476 255 545 456 287 523 456 298 421 519 599 442 514 315 619 388 610 425 333 679 212 513 328 291 426 207 225 283 395 76 168 304 554 554 531 434 393 100 462 497 110 495 397 330 621 299 486 607 380 562 153 217 599 422 503 351 215 475 340 400 306 412 597
811 561 25 717 927 433 600 719 685 913 794 346 622 347 668 922 317 1008 961 648 0 1004 428 697 715 939 705 265 938 344 455 911 906 111 399 858 762 570 707 931 813 916 199 140 611 734 566 649 104 599 569 888 662 682 558 680 199 909 779 797 849 720 538 481 897 637 721 534 511 265 142 482 318 138 83 489 204 913 216 355 685 836 755 1072 926 964 1080 629 796 1128 1221 711 918 397 209 463 397 910 351 732 575 918 883 575 647 785 452 534 950 723 813 931 427 245 145 733 1033 748 632 513 755 853 459 863 777 577 734 127 812 160 716 571 59 590 641 967 632 708 309 676 531 702 975
1098 637 1026 545 511 736 431 400 332 160 878 690 591 658 678 248 920 199 215 379 1004 0 576 547 990 406 686 893 160 740 609 414 532 902 943 621 902 512 720 441 953 181 995 865 414 1062 549 566 1051 916 602 223 464 385 534 700 895 376 242 837 240 434 564 528 253 512 494 942 899 743 884 828 838 868 1043 564 881 644 793 688 561 400 833 385 260 363 359 446 405 435 454 735 402 694 929 627 985 576 659 996 566 698 179 486 538 403 605 512 477 321 219 75 925 858 871 478 74 288 584 691 304 720 765 482 913 489 534 940 340 891 422 452 949 760 828 43 396 772 697 491 664 706 466
801 330 450 417 596 301 200 342 263 492 664 157 356 87 451 518 413 594 549 235 428 576 0 402 679 576 487 367 518 237 173 552 585 328 472 581 655 231 509 580 718 500 446 289 201 735 255 366 481 561 304 478 314 292 229 475 342 535 355 643 438 360 233 73 493 316 393 541 496 171 315 420 332 293 471 160 330 637 221 169 399 470 611 688 523 587 690 258 434 750 833 521 555 220 384 213 506 606 99 693 280 664 464 212 345 418 161 173 605 311 391 503 470 320 300 401 607 330 360 331 346 623 350 527 673 218 431 374 427 328 350 167 374 444 529 540 224 541 123 347 319 496 628
1198 143 709 740 857 702 248 604 448 578 1042 554 77 418 818 331 800 686 664 471 697 547 402 0 1077 265 848 475 604 353 566 236 859 638 868 895 1041 172 876 246 1104 375 589 594 466 1135 612 48 692 960 674 331 114 200 584 844 702 745 477 1015 308 640 601 434 313 88 698 943 897 524 555 822 724 572 694 538 505 944 500 351 16 710 988 851 671 305 837 173 153 913 966 890 246 622 531 238 899 893 396 1090 640 984 368 198 57 670 555 230 846 507 507 509 870 466 553 71 614 498 67 203 535 963 751 794 1058 190 37 584 211 540 624 268 638 834 920 505 256 917 488 71 706 862 285
122 1007 736 445 565 381 842 593 716 832 164 545 1035 694 311 1084 399 857 811 669 715 990 679 1077 0 1198 306 897 841 852 511 1180 534 642 317 429 117 905 273 1212 123 1032 893 657 652 73 485 1044 819 125 420 1035 976 924 511 290 527 659 773 201 1003 556 486 643 1064 989 496 181 210 622 750 268 423 697 798 540 826 450 707 799 1075 605 178 783 758 1191 810 915 1073 806 903 259 1178 464 867 884 327 502 721 17 458 412 992 880 1021 589 522 847 608 692 781 924 288 850 732 1064 966 723 1039 998 696 343 332 548 119 887 1103 794 1042 785 570 815 718 248 166 978 849 221 633 1015 374 286 1260
1318 406 954 797 851 853 378 640 490 507 1130 733 340 622 905 161 989 592 590 533 939 406 576 265 1198 0 927 735 525 602 707 29 862 866 1044 926 1139 371 959 36 1199 233 850 823 546 1264 714 309 946 1094 778 201 278 286 687 930 911 719 466 1096 214 681 713 578 165 303 746 1093 1047 731 798 969 907 807 946 669 758 965 730 585 280 710 1078 778 617 51 755 321 145 833 860 975 22 781 789 477 1080 903 607 1209 740 1014 257 374 301 686 698 416 828 531 480 405 1038 722 794 210 480 508 330 467 544 1012 898 801 1154 370 231 835 156 788 664 410 880 950 1033 374 359 1007 687 264 826 944 67
412 810 730 141 285 273 602 296 438 528 202 409 822 536 39 800 431 552 505 396 705 686 487 848 306 927 0 800 535 708 321 913 255 602 392 168 218 684 34 946 274 742 835 596 389 379 238 824 802 258 183 750 738 671 267 28 510 357 479 169 722 257 255 428 782 762 193 313 287 508 679 254 392 630 783 327 738 216 605 643 850 300 152 495 452 914 519 677 816 529 629 49 909 327 790 699 429 237 561 311 210 213 703 653 797 284 331 629 325 402 483 622 360 749 659 821 661 431 825 817 400 149 248 251 231 661 869 737 775 710 273 581 683 132 157 676 600 86 496 781 185 20 992
1007 332 267 764 957 543 462 709 619 841 938 391 398 286 761 755 514 948 907 599 265 893 367 475 897 735 800 0 868 152 488 706 944 270 600 924 915 394 813 721 974 767 114 244 567 932 598 428 225 773 628 732 474 522 578 781 381 902 704 930 694 724 571 439 731 437 749 722 688 293 153 635 475 204 232 501 73 981 196 209 461 836 890 1055 885 769 1055 461 601 1117 1198 821 715 474 60 273 612 959 269 914 617 1000 741 413 435 784 480 382 969 673 741 828 619 51 169 526 938 688 408 274 708 947 586 889 932 411 512 138 633 119 715 441 220 714 785 852 496 830 306 474 615 803 760
946 663 962 396 352 619 424 265 255 28 722 604 630 605 531 365 811 84 66 290 938 160 518 604 841 525 535 868 0 719 508 525 372 830 823 462 748 522 568 556 798 292 960 797 327 913 428 611 998 774 473 324 501 413 419 551 805 216 165 681 322 293 449 457 360 548 346 807 766 673 833 699 733 807 987 466 844 484 739 659 615 242 679 255 101 489 237 465 484 314 362 583 515 590 895 622 866 416 612 846 440 538 269 490 580 252 506 504 320 217 127 121 802 827 817 541 126 190 625 709 188 560 642 322 759 495 600 892 420 845 283 436 888 619 683 167 394 621 629 538 536 555 589
969 217 357 651 833 476 310 577 474 692 867 312 278 172 670 607 503 800 761 459 344 740 237 353 852 602 708 152 719 0 387 573 823 297 583 815 851 246 725 591 913 617 259 256 429 897 487 305 344 728 528 582 331 372 463 692 383 766 556 853 544 597 463 310 583 299 630 689 648 232 202 584 443 226 344 389 157 872 165 68 341 705 816 915 741 631 913 312 462 978 1056 736 581 397 194 127 605 843 148 868 510 896 590 262 304 653 377 230 841 530 593 676 595 123 203 393 786 543 287 174 566 851 524 764 869 261 390 233 489 188 586 289 287 642 721 699 344 751 221 338 528 714 634
633 503 480 277 480 146 336 266 278 487 492 110 525 215 283 619 311 569 519 230 455 609 173 566 511 707 321 488 508 387 0 686 463 344 346 436 483 394 340 717 546 583 540 321 196 570 114 533 536 396 141 573 467 423 103 306 298 454 368 472 535 265 86 133 596 478 271 387 340 207 387 263 229 345 520 45 433 493 301 322 564 381 439 617 479 709 627 407 573 673 766 351 686 85 487 385 385 474 240 524 130 513 543 369 510 330 11 336 499 294 395 534 335 437 368 555 620 325 529 502 321 464 191 414 500 377 592 449 552 413 262 307 415 272 357 581 349 370 182 505 147 328 765
1301 377 926 784 845 832 354 628 476 506 1115 708 311 596 889 166 965 595 591 517 911 414 552 236 1180 29 913 706 525 573 686 0 855 839 1020 916 1123 343 944 34 1184 236 820 795 529 1245 696 280 917 1075 761 200 250 263 669 915 884 715 457 1082 208 669 694 556 165 274 734 1073 1026 705 770 948 883 779 917 648 729 956 702 556 251 702 1063 779 615 75 758 296 118 836 866 960 14 759 760 449 1056 895 580 1191 723 1004 256 347 271 677 676 390 823 520 473 407 1016 692 765 180 488 497 301 438 534 1000 877 793 1139 343 202 806 138 760 652 386 852 932 1015 379 338 992 662 235 807 929 80
619 863 932 189 31 484 620 259 411 377 387 571 855 659 277 711 667 355 320 394 906 532 585 859 534 862 255 944 372 823 463 855 0 796 641 107 424 720 279 888 460 643 1002 780 411 605 349 848 994 510 337 664 745 661 366 282 723 156 399 344 648 230 377 513 700 781 194 568 541 670 850 501 613 807 977 443 894 113 763 754 865 153 357 248 272 835 276 689 782 276 375 288 848 509 948 775 679 44 679 534 334 167 610 685 817 189 469 676 74 352 382 486 610 894 830 813 485 365 855 888 328 204 477 64 430 693 869 911 727 875 243 611 873 383 408 537 605 322 643 787 381 271 929
746 511 137 608 817 329 511 608 578 806 705 234 567 253 564 835 248 899 851 540 111 902 328 638 642 866 602 270 830 297 344 839 796 0 334 751 676 495 606 861 731 824 251 43 503 670 455 591 200 521 460 799 589 598 446 578 115 797 673 705 759 608 427 376 810 569 611 463 433 159 117 393 226 72 182 378 197 807 138 287 627 725 663 961 816 887 969 549 721 1017 1110 612 844 288 229 400 343 801 262 659 464 814 789 495 584 673 341 453 839 614 707 829 357 232 104 666 929 640 576 471 646 751 361 753 693 498 674 152 731 151 605 480 81 493 551 867 541 612 205 608 424 600 907
413 770 419 472 669 208 666 559 619 806 415 315 811 453 364 964 86 869 818 569 399 943 472 868 317 1044 392 600 823 583 346 1020 641 334 0 560 376 700 379 1049 420 929 582 356 539 337 396 827 503 206 352 918 785 757 409 364 219 706 702 428 881 538 379 467 941 785 504 136 123 356 447 140 144 396 482 390 527 606 423 543 862 635 385 863 770 1050 881 729 904 906 1006 376 1022 264 563 646 42 628 477 334 383 593 889 683 810 595 354 643 704 623 725 869 34 556 431 873 944 655 818 747 642 520 182 621 390 689 900 485 890 482 544 635 406 260 274 919 685 359 383 818 290 380 1098
513 882 883 165 137 426 649 293 452 463 280 539 882 646 198 782 596 455 416 424 858 621 581 895 429 926 168 924 462 815 436 916 107 751 560 0 317 744 184 950 354 716 972 740 432 499 329 878 951 413 298 733 781 702 352 196 667 252 460 237 712 255 354 512 768 813 198 475 452 639 817 421 552 770 933 427 868 57 735 748 900 224 251 355 364 904 383 722 834 378 475 191 910 466 922 783 596 74 668 428 307 90 681 710 849 240 444 695 181 399 450 569 527 874 797 856 580 419 883 900 382 100 410 140 323 718 909 877 784 845 272 635 830 300 311 622 639 222 619 824 327 180 992
199 985 784 358 454 376 798 514 651 742 48 540 1006 685 235 1016 448 757 713 606 762 902 655 1041 117 1139 218 915 748 851 483 1123 424 676 376 317 0 872 184 1156 63 959 926 684 595 183 432 1012 865 170 368 966 935 875 460 210 565 556 697 84 937 475 440 608 997 953 411 245 254 628 775 284 450 722 844 504 846 335 720 793 1041 508 69 672 660 1128 700 873 1022 693 788 168 1120 454 892 867 396 389 711 113 404 295 920 843 987 498 494 814 498 618 700 839 343 866 756 1021 873 648 1010 984 617 228 330 443 17 851 1064 825 985 809 490 774 756 212 131 893 801 133 630 976 337 199 1203
1027 146 587 585 722 531 103 461 315 495 875 385 139 256 652 362 635 606 575 326 570 512 231 172 905 371 684 394 522 246 394 343 720 495 700 744 872 0 710 367 935 374 504 452 313 963 446 140 586 789 507 338 93 130 418 678 545 624 370 849 301 494 433 264 338 86 546 772 726 365 431 650 557 436 584 368 401 796 359 216 170 578 821 750 569 394 742 68 226 814 879 724 349 451 440 121 732 750 239 918 474 833 350 35 116 533 383 58 718 377 406 455 700 369 425 175 567 377 140 186 410 806 579 656 888 28 201 473 244 425 478 109 511 664 749 470 129 750 325 119 536 697 413
379 834 732 175 309 278 630 330 469 561 171 422 848 554 59 833 423 584 538 427 707 720 509 876 273 959 34 813 568 725 340 944 279 606 379 184 184 710 0 978 241 776 843 603 419 346 264 851 805 232 205 783 767 701 293 34 510 388 513 140 754 291 279 452 815 789 227 291 268 520 688 244 391 637 786 350 749 227 617 662 877 332 119 522 484 946 547 705 846 554 653 16 941 339 800 721 414 256 579 277 236 216 736 680 824 317 350 655 350 435 516 656 346 762 668 850 694 464 851 840 433 146 248 280 198 688 897 744 807 719 306 608 687 122 130 710 629 53 511 809 198 15 1024
1333 389 946 817 878 862 384 662 509 537 1148 737 323 621 922 194 992 625 622 551 931 441 580 246 1212 36 946 721 556 591 717 34 888 861 1049 950 1156 367 978 0 1217 266 835 818 562 1277 728 292 934 1107 793 232 274 293 702 948 910 748 491 1115 241 702 726 586 196 294 767 1103 1057 730 789 979 911 800 935 680 746 990 724 578 261 736 1096 810 647 87 788 322 145 866 894 993 41 789 775 468 1085 929 605 1223 755 1038 287 373 287 710 707 415 856 553 506 437 1045 709 786 198 515 531 313 449 568 1034 907 826 1172 368 211 824 171 778 685 415 872 964 1048 408 368 1025 688 255 839 963 49
161 1048 834 413 490 437 861 570 710 793 76 601 1069 747 295 1074 497 803 760 667 813 953 718 1104 123 1199 274 974 798 913 546 1184 460 731 420 354 63 935 241 1217 0 1017 981 740 656 170 494 1075 916 214 430 1024 997 937 522 269 618 600 753 118 996 531 503 671 1056 1016 466 286 302 688 832 340 505 779 895 567 904 363 779 855 1104 556 123 706 707 1187 735 936 1084 723 816 226 1181 516 949 929 437 423 773 111 466 317 977 906 1049 550 557 877 534 676 756 892 389 925 813 1083 921 705 1073 1046 673 257 390 486 46 914 1127 881 1046 866 546 837 809 274 192 946 863 192 692 1038 400 256 1263
1149 481 936 604 629 725 317 446 319 276 944 640 427 571 726 72 890 359 358 369 916 181 500 375 1032 233 742 767 292 617 583 236 643 824 929 716 959 374 776 266 1017 0 876 783 394 1102 556 400 948 941 618 44 307 245 534 750 839 494 263 906 74 486 563 473 72 354 552 953 908 670 785 832 806 778 943 539 768 750 701 575 390 494 894 545 388 197 523 306 227 600 630 791 225 666 811 494 969 685 565 1041 579 801 41 355 375 478 576 390 602 341 266 172 917 739 775 304 254 312 419 538 344 808 763 584 973 356 358 835 164 786 470 346 859 788 866 144 284 827 623 327 674 761 297
995 446 192 817 1019 567 566 781 706 933 953 434 512 360 796 866 496 1038 995 682 199 995 446 589 893 850 835 114 960 259 540 820 1002 251 582 972 926 504 843 835 981 876 0 243 647 919 654 543 126 772 674 841 587 631 637 813 366 975 795 950 803 792 626 515 842 550 809 713 684 333 156 642 476 206 139 561 116 1029 240 306 575 907 909 1133 969 883 1136 571 715 1193 1279 850 830 509 66 384 586 1014 349 910 670 1042 848 521 549 854 534 487 1035 757 832 928 607 137 176 640 1037 775 522 388 792 984 604 951 942 520 626 100 746 127 784 543 177 736 799 954 600 854 360 588 651 835 875
764 469 164 592 799 325 469 582 544 772 711 211 524 212 557 793 270 868 821 508 140 865 289 594 657 823 596 244 797 256 321 795 780 43 356 740 684 452 603 818 740 783 243 0 471 689 435 548 214 534 445 757 545 555 424 573 138 773 638 707 717 585 406 341 768 526 591 480 447 124 93 400 235 40 199 352 171 796 95 243 584 702 666 936 787 844 943 506 678 993 1085 609 801 274 210 357 369 787 220 674 446 806 748 452 541 649 318 410 820 583 673 792 376 201 75 622 893 607 533 430 615 745 361 734 701 455 631 142 688 128 580 439 94 493 557 829 500 612 169 564 415 595 864
772 453 635 275 416 332 218 153 82 303 589 279 450 287 362 437 508 398 351 37 611 414 201 466 652 546 389 567 327 429 196 529 411 503 539 432 595 313 419 562 656 394 647 471 0 719 168 447 675 552 233 388 353 282 143 388 483 338 174 558 354 182 171 133 416 382 234 560 514 346 511 438 425 482 663 151 531 483 417 362 469 279 536 488 322 539 489 292 427 550 632 434 527 281 585 365 579 439 299 663 194 521 353 278 417 228 191 265 418 112 205 339 524 521 495 433 430 137 451 477 146 497 369 348 611 287 483 572 391 527 168 204 562 404 487 385 212 465 303 396 284 404 609
76 1060 753 517 636 434 903 665 785 905 227 595 1090 744 383 1153 423 930 884 737 734 1062 735 1135 73 1264 379 932 913 897 570 1245 605 670 337 499 183 963 346 1277 170 1102 919 689 719 0 551 1101 837 174 487 1103 1036 987 577 362 555 732 844 267 1071 628 551 702 1133 1048 568 210 248 665 781 317 459 729 816 601 859 518 746 847 1132 678 248 854 830 1258 881 976 1137 876 972 332 1244 516 898 936 338 572 770 71 526 478 1062 939 1078 661 581 904 679 762 852 995 313 886 764 1125 1039 794 1095 1048 767 411 385 620 181 946 1162 822 1108 816 642 876 743 315 236 1049 912 294 680 1075 438 359 1325
605 572 592 166 366 191 367 168 237 410 430 224 584 317 206 603 384 479 429 188 566 549 255 612 485 714 238 598 428 487 114 696 349 455 396 329 432 446 264 728 494 556 654 435 168 551 0 586 649 386 65 554 504 443 29 231 398 345 311 403 521 157 28 191 582 525 157 398 354 322 501 280 309 459 633 98 545 385 414 419 613 271 377 509 384 707 521 442 591 563 658 278 694 175 599 464 438 362 340 495 28 410 516 416 560 222 120 391 385 229 330 476 376 548 482 589 548 262 587 582 246 369 216 299 448 424 634 563 558 526 158 344 529 236 320 527 369 305 294 546 118 250 776
1165 97 662 721 847 667 229 590 437 584 1015 515 31 376 792 362 758 694 669 456 649 566 366 48 1044 309 824 428 611 305 533 280 848 591 827 878 1012 140 851 292 1075 400 543 548 447 1101 586 0 645 926 647 357 110 199 558 818 657 740 475 990 330 625 574 404 343 67 681 906 861 481 507 786 684 525 646 508 458 929 454 305 36 701 961 854 672 347 842 159 187 917 973 864 290 586 484 192 857 880 354 1057 615 968 389 171 31 659 522 198 839 498 508 523 830 419 506 105 631 492 22 158 527 943 716 783 1029 163 85 537 239 492 609 245 591 804 889 524 243 890 446 75 676 837 332
913 551 84 805 1014 529 632 794 743 972 897 425 615 395 764 946 420 1072 1026 711 104 1051 481 692 819 946 802 225 998 344 536 917 994 200 503 951 865 586 805 934 916 948 126 214 675 837 649 645 0 703 658 917 675 707 638 778 300 986 836 899 878 798 621 542 922 643 806 638 615 333 167 584 419 194 21 565 188 1007 260 374 679 915 857 1148 995 976 1155 650 806 1206 1297 810 925 486 165 470 499 1000 392 836 661 1014 918 597 647 863 532 559 1034 787 872 981 531 226 181 737 1086 809 625 496 821 950 559 948 881 598 729 114 830 163 793 605 121 690 744 1013 666 808 372 682 624 799 976
242 886 620 382 541 260 730 515 622 763 212 422 916 572 248 989 283 801 753 573 599 916 561 960 125 1094 258 773 774 728 396 1075 510 521 206 413 170 789 232 1107 214 941 772 534 552 174 386 926 703 0 323 940 863 815 410 234 407 613 688 232 906 482 383 529 968 873 429 75 88 497 627 144 299 574 682 429 702 449 583 676 958 551 192 753 700 1091 777 802 966 786 885 222 1074 342 744 763 226 487 598 141 362 423 900 765 904 525 407 730 582 606 701 846 174 726 609 951 900 638 921 875 614 349 211 509 184 772 988 672 938 662 494 702 598 156 102 899 740 191 509 901 269 240 1155
540 629 594 148 359 158 431 208 300 457 368 241 643 356 147 667 353 517 466 251 569 602 304 674 420 778 183 628 473 528 141 761 337 460 352 298 368 507 205 793 430 618 674 445 233 487 65 647 658 323 0 617 567 508 92 172 388 362 368 343 585 186 74 246 646 587 160 340 297 341 519 226 286 473 641 144 571 355 438 462 675 289 314 525 418 772 540 505 656 575 672 219 759 172 624 516 394 342 380 430 39 372 578 477 621 245 151 450 384 286 384 530 329 577 500 653 596 318 646 635 298 323 170 297 384 485 697 580 623 547 192 407 537 172 255 582 434 243 322 608 63 192 841
1152 439 908 614 651 716 288 456 318 306 952 623 385 545 731 50 875 395 390 366 888 223 478 331 1035 201 750 732 324 582 573 200 664 799 918 733 966 338 783 232 1024 44 841 757 388 1103 554 357 917 940 617 0 267 210 531 756 819 519 275 916 40 496 559 457 36 313 562 949 902 647 755 826 791 751 913 530 735 769 673 544 346 513 901 579 416 171 558 271 183 636 669 798 191 654 776 458 957 706 538 1044 578 819 56 321 333 494 564 358 627 348 283 207 907 705 746 261 295 321 377 498 355 822 756 604 980 322 314 803 120 754 480 319 830 789 869 185 257 833 600 285 671 768 267
1098 175 678 627 743 608 137 490 333 475 934 470 129 348 709 282 724 585 560 357 662 464 314 114 976 278 738 474 501 331 467 250 745 589 785 781 935 93 767 274 997 307 587 545 353 1036 504 110 675 863 567 267 0 89 476 735 637 633 366 906 234 526 495 334 260 49 584 851 804 457 522 728 644 529 673 436 487 829 452 308 121 596 881 744 562 302 732 62 134 807 863 781 256 531 523 205 819 778 331 989 532 870 290 102 79 556 456 143 733 393 398 416 784 453 517 88 526 385 124 232 421 850 656 680 951 96 130 562 159 514 510 161 603 731 816 421 142 809 415 43 603 752 321
1045 254 701 553 658 569 92 409 251 386 871 447 217 346 644 240 703 496 471 281 682 385 292 200 924 286 671 522 413 372 423 263 661 598 757 702 875 130 701 293 937 245 631 555 282 987 443 199 707 815 508 210 89 0 415 670 630 545 278 840 172 447 438 293 215 135 508 810 764 453 547 686 621 545 703 387 524 749 467 334 209 511 817 654 473 296 642 62 150 717 775 716 265 495 566 250 793 696 335 936 471 792 220 111 168 473 413 148 647 309 309 333 752 495 539 154 444 298 213 306 335 776 614 596 891 111 208 594 136 545 430 124 624 676 761 343 75 746 408 129 549 686 342
631 544 583 188 382 202 339 166 216 400 459 213 556 295 234 580 391 474 424 166 558 534 229 584 511 687 267 578 419 463 103 669 366 446 409 352 460 418 293 702 522 534 637 424 143 577 29 558 638 410 92 531 476 415 0 260 396 351 294 432 497 162 30 164 558 497 172 419 374 307 486 299 314 446 622 77 527 408 398 396 585 278 405 515 381 682 525 414 564 571 664 307 668 175 582 437 451 382 317 522 57 435 494 387 531 227 106 362 398 214 316 460 391 528 467 561 537 246 558 555 234 396 232 314 476 395 605 548 532 510 159 316 518 263 347 510 341 333 277 517 141 279 749
400 801 705 155 312 249 598 306 441 543 201 389 815 521 26 806 403 571 524 398 680 700 475 844 290 930 28 781 551 692 306 915 282 578 364 196 210 678 34 948 269 750 813 573 388 362 231 818 778 234 172 756 735 670 260 0 484 379 488 172 727 268 245 418 788 757 206 287 259 488 657 226 366 607 759 316 718 243 585 628 845 319 148 520 471 919 543 673 816 555 655 47 912 307 769 687 401 264 546 296 203 239 711 647 791 299 317 622 351 409 494 635 332 730 638 819 677 439 818 806 409 173 222 276 224 656 865 714 777 688 282 576 659 104 135 689 598 77 478 776 166 22 995
631 586 222 535 746 240 539 562 563 782 597 204 637 289 473 860 133 867 817 519 199 895 342 702 527 911 510 381 805 383 298 884 723 115 219 667 565 545 510 910 618 839 366 138 483 555 398 657 300 407 388 819 637 630 396 484 0 743 657 599 779 555 372 369 835 626 546 347 319 180 229 284 120 178 280 339 308 721 217 356 693 669 556 907 776 926 919 589 766 960 1056 513 889 223 344 467 230 722 307 544 401 723 801 537 646 620 299 495 772 589 687 820 241 339 213 720 912 618 644 554 617 656 262 685 582 542 736 267 766 263 555 507 191 392 443 863 566 510 223 662 343 505 958
755 770 934 236 136 520 521 194 309 223 525 563 752 617 365 565 715 203 165 310 909 376 535 745 659 719 357 902 216 766 454 715 156 797 706 252 556 624 388 748 600 494 975 773 338 732 345 740 986 613 362 519 633 545 351 379 743 0 270 482 507 189 372 462 555 674 203 659 625 653 830 569 648 793 972 422 861 269 738 699 753 74 487 164 115 689 177 582 652 220 313 401 707 520 915 697 747 200 633 661 343 323 464 589 709 124 456 588 108 247 245 332 679 854 812 693 329 248 750 803 214 352 528 114 565 596 750 892 593 851 193 519 867 467 514 382 500 439 618 674 421 377 786
888 515 802 341 391 495 269 183 95 137 680 453 490 441 464 324 678 245 207 138 779 242 355 477 773 466 479 704 165 556 368 457 399 673 702 460 697 370 513 491 753 263 795 638 174 844 311 475 836 688 368 275 366 278 294 488 657 270 0 643 252 223 324 298 309 409 289 708 664 515 670 590 596 646 825 323 679 499 576 494 486 246 631 380 199 444 372 320 384 444 510 528 451 452 731 463 744 438 448 781 330 548 225 336 444 220 363 345 374 82 38 167 685 662 655 423 256 50 487 556 81 548 526 336 710 343 481 728 328 681 207 276 727 533 608 217 241 564 470 407 428 498 532
276 971 821 302 374 387 769 460 606 677 43 544 986 683 198 966 492 685 643 565 797 837 643 1015 201 1096 169 930 681 853 472 1082 344 705 428 237 84 849 140 1115 118 906 950 707 558 267 403 990 899 232 343 916 906 840 432 172 599 482 643 0 889 420 417 589 949 928 355 307 305 638 797 316 480 744 879 486 863 251 733 791 1017 439 43 591 590 1081 620 844 985 610 705 125 1078 458 912 856 454 308 709 197 375 211 868 819 963 436 483 793 418 568 643 777 393 879 777 990 804 595 989 974 563 144 346 369 87 827 1036 850 944 829 436 747 785 215 157 831 769 103 634 948 326 154 1161
1121 408 868 588 637 680 249 430 287 301 924 584 356 505 702 84 837 397 387 334 849 240 438 308 1003 214 722 694 322 544 535 208 648 759 881 712 937 301 754 241 996 74 803 717 354 1071 521 330 878 906 585 40 234 172 497 727 779 507 252 889 0 471 524 418 62 281 536 913 867 607 716 790 753 711 873 493 696 751 633 505 322 496 873 577 409 193 558 233 167 636 675 770 200 616 738 421 919 688 498 1013 546 800 61 283 304 472 527 319 615 321 266 211 870 667 707 238 309 296 349 465 331 799 720 586 951 284 294 764 102 715 454 279 791 756 837 199 217 804 560 256 637 740 281
668 635 745 118 237 341 396 41 197 281 457 374 631 438 245 546 536 331 281 169 720 434 360 640 556 681 257 724 293 597 265 669 230 608 538 255 475 494 291 702 531 486 792 585 182 628 157 625 798 482 186 496 526 447 162 268 555 189 223 420 471 0 184 287 529 559 66 514 473 466 644 408 464 606 783 234 679 304 553 529 645 117 408 353 232 663 363 468 581 409 502 306 664 333 734 545 580 257 457 563 159 345 448 459 595 65 268 447 245 150 226 367 514 676 626 601 418 175 631 658 143 332 356 168 488 467 654 706 534 666 17 384 679 327 394 421 384 343 432 569 248 276 747
608 556 564 193 394 172 358 192 245 429 441 196 570 292 220 608 362 502 452 195 538 564 233 601 486 713 255 571 449 463 86 694 377 427 379 354 440 433 279 726 503 563 626 406 171 551 28 574 621 383 74 559 495 438 30 245 372 372 324 417 524 184 0 173 586 514 185 390 345 293 473 269 286 431 605 74 518 411 386 396 602 299 388 536 408 708 547 433 587 591 686 292 693 149 572 444 421 389 315 498 47 434 522 404 547 249 92 377 413 244 346 490 361 521 454 581 566 277 573 563 264 390 202 328 457 412 624 535 557 498 183 334 500 238 323 541 363 316 267 536 114 265 774
764 382 505 348 524 276 203 270 203 432 613 168 398 156 393 501 419 530 484 169 481 528 73 434 643 578 428 439 457 310 133 556 513 376 467 512 608 264 452 586 671 473 515 341 133 702 191 404 542 529 246 457 334 293 164 418 369 462 298 589 418 287 173 0 477 347 322 519 472 217 378 395 335 350 531 105 400 568 284 241 433 397 559 618 455 583 620 274 442 679 763 465 557 203 454 273 504 535 171 656 218 597 434 237 379 345 122 206 532 245 332 454 460 392 362 422 553 267 402 391 279 559 323 455 625 245 460 439 424 394 277 174 431 400 486 495 219 488 172 372 272 438 635
1183 429 916 647 687 740 299 489 348 342 984 642 372 557 763 25 896 429 426 395 897 253 493 313 1064 165 782 731 360 583 596 165 700 810 941 768 997 338 815 196 1056 72 842 768 416 1133 582 343 922 968 646 36 260 215 558 788 835 555 309 949 62 529 586 477 0 304 595 975 929 661 762 852 812 760 918 554 738 805 681 548 329 549 934 614 452 136 592 272 162 670 702 830 155 676 777 458 979 741 548 1074 607 855 92 325 320 528 588 363 663 381 319 242 931 706 754 243 326 354 363 489 389 857 781 640 1012 324 293 808 104 759 513 330 838 818 898 216 270 865 614 273 699 800 231
1111 127 652 656 780 616 163 524 370 521 955 470 82 338 731 326 719 632 606 389 637 512 316 88 989 303 762 437 548 299 478 274 781 569 785 813 953 86 789 294 1016 354 550 526 382 1048 525 67 643 873 587 313 49 135 497 757 626 674 409 928 281 559 514 347 304 0 615 857 811 446 496 736 642 507 643 451 455 862 432 284 88 634 901 788 607 333 777 92 164 852 910 803 282 536 488 175 817 813 319 1002 553 902 338 110 36 592 467 144 772 431 442 465 785 420 492 96 574 425 78 185 461 878 665 716 970 102 115 532 201 485 543 181 578 746 832 470 176 830 408 39 618 775 338
606 685 747 53 210 318 452 106 260 337 392 381 684 465 185 612 511 374 325 228 721 494 393 698 496 746 193 749 346 630 271 734 194 611 504 198 411 546 227 767 466 552 809 591 234 568 157 681 806 429 160 562 584 508 172 206 546 203 289 355 536 66 185 322 595 615 0 466 428 478 658 368 446 616 790 249 700 250 570 562 702 131 344 364 273 729 380 525 644 414 512 243 729 326 754 589 545 213 485 502 146 287 513 512 651 97 276 497 229 215 290 429 477 700 638 661 472 241 685 704 208 268 324 143 424 521 713 719 598 682 82 438 685 275 336 483 443 280 449 627 217 213 812
285 859 554 424 598 242 722 543 635 793 287 393 894 541 296 997 218 841 791 585 534 942 541 943 181 1093 313 722 807 689 387 1073 568 463 136 475 245 772 291 1103 286 953 713 480 560 210 398 906 638 75 340 949 851 810 419 287 347 659 708 307 913 514 390 519 975 857 466 0 47 457 573 124 249 520 617 425 650 514 537 641 940 593 266 806 739 1093 828 791 960 842 942 284 1073 321 689 735 152 548 567 198 378 492 913 750 886 563 397 714 638 626 724 870 107 676 555 939 932 658 899 844 638 418 196 561 258 757 972 614 938 607 524 693 538 192 166 923 735 257 475 887 280 297 1152
321 815 533 389 570 196 676 502 590 752 292 349 849 498 265 951 195 802 752 540 511 899 496 897 210 1047 287 688 766 648 340 1026 541 433 123 452 254 726 268 1057 302 908 684 447 514 248 354 861 615 88 297 902 804 764 374 259 319 625 664 305 867 473 345 472 929 811 428 47 0 417 540 78 213 487 594 378 616 495 499 599 894 557 262 774 701 1047 796 745 914 813 913 263 1026 275 657 691 151 523 524 227 334 477 867 704 840 524 350 668 608 582 681 827 89 641 522 893 890 614 854 801 595 403 149 529 269 711 926 585 891 575 483 646 510 159 153 879 689 241 433 841 236 272 1105
