NAME : X-n181-k23_SARP
COMMENT : Curated from VRPLIB to SARP
TYPE : SARP
DIMENSION : 181
EDGE_WEIGHT_TYPE : EXPLICIT
EDGE_WEIGHT_FORMAT : FULL_MATRIX
EDGE_WEIGHT_SECTION
0 321 502 587 487 535 693 423 423 433 509 513 393 575 491 609 504 346 467 704 333 635 489 373 331 358 197 440 459 284 745 622 552 351 431 195 607 535 540 542 573 527 306 367 580 491 438 530 436 613 329 387 594 339 418 614 363 645 556 202 373 627 556 584 513 499 588 364 561 582 488 561 398 460 699 446 648 340 404 622 468 517 301 474 414 493 670 427 421 383 231 357 291 304 470 271 289 399 646 640 415 481 463 451 592 349 360 535 450 442 588 380 395 290 496 588 361 354 440 362 510 364 477 330 472 563 592 392 485 676 617 485 633 508 577 428 519 467 448 396 508 505 444 618 566 722 377 554 572 428 447 429 383 483 540 383 426 433 494 312 395 466 333 408 470 564 373 554 559 450 249 380 376 355 572 561 386 372 537 363 659
321 0 199 290 177 410 374 561 231 150 369 211 73 255 340 329 407 92 338 518 199 473 173 461 431 424 276 267 138 316 428 304 234 443 157 126 319 264 241 226 274 211 71 59 267 331 576 238 500 296 492 539 287 29 321 302 416 340 237 244 95 313 240 399 203 178 440 109 242 267 235 240 306 546 490 147 535 152 246 348 161 636 395 199 123 217 354 461 127 94 121 108 86 184 273 191 98 120 348 353 129 168 312 141 279 467 449 218 157 162 281 87 182 351 364 280 137 52 355 250 200 85 161 306 202 278 469 502 370 401 316 336 352 328 256 588 198 209 323 498 601 203 274 310 296 406 173 234 265 284 566 138 487 180 224 70 108 192 207 409 194 149 12 261 405 282 95 329 438 324 381 127 507 425 438 382 502 106 224 437 338
502 199 0 267 28 341 206 628 184 75 299 213 133 108 271 327 361 249 290 379 238 360 151 520 503 480 474 214 106 391 315 137 165 508 244 314 305 93 234 65 254 164 196 141 83 258 642 249 537 206 583 617 241 199 473 233 467 281 161 364 227 230 183 281 185 115 344 143 90 200 305 132 303 587 336 56 448 193 223 351 185 682 474 258 88 63 257 488 81 119 319 257 276 249 381 379 287 106 304 332 221 167 256 59 214 540 510 164 54 237 238 209 314 427 304 235 286 200 337 412 22 225 155 352 268 285 386 564 321 209 277 272 159 238 137 663 105 95 285 556 637 209 222 254 320 302 171 99 228 249 623 214 548 200 173 128 149 122 242 486 172 66 189 238 383 292 129 194 365 286 482 133 579 482 354 274 567 133 186 494 186
587 290 267 0 246 606 241 843 436 308 564 79 241 186 535 61 622 241 549 637 456 626 132 739 713 700 464 471 189 596 183 217 104 723 157 401 38 356 49 214 16 105 347 281 243 522 858 57 769 98 779 824 36 263 336 66 690 64 109 533 214 86 85 548 93 157 612 339 198 76 129 145 547 818 588 278 715 402 470 85 129 911 679 117 294 330 119 725 289 300 357 231 296 452 209 348 299 314 59 68 173 127 516 249 67 750 727 104 290 145 35 211 216 633 567 38 233 242 589 312 246 224 138 574 123 42 653 782 582 423 32 535 381 504 150 872 162 357 541 776 871 87 479 49 75 157 401 180 40 503 845 159 766 110 95 266 188 373 94 692 411 221 280 486 638 47 314 459 631 542 669 344 790 701 621 541 783 328 83 713 198
487 177 28 246 0 360 212 633 196 74 317 188 109 103 289 305 377 222 305 405 240 384 126 524 506 484 451 228 79 392 309 141 146 512 216 297 284 120 211 62 232 142 182 122 93 276 646 225 545 193 584 620 222 175 446 217 472 265 143 358 199 216 163 305 161 91 366 135 85 183 278 118 313 595 363 47 470 191 233 329 158 690 475 232 78 85 246 497 71 105 297 230 251 247 353 354 263 98 286 313 193 141 272 36 197 543 515 143 52 210 219 182 287 429 321 216 259 175 349 385 23 199 129 356 241 262 407 569 337 236 258 289 186 258 126 666 85 111 299 561 645 184 236 237 296 294 174 89 208 262 628 186 553 174 152 107 121 132 216 487 178 38 167 248 397 269 117 218 384 300 481 129 582 486 374 297 571 124 164 498 187
535 410 341 606 360 0 499 395 182 303 43 543 400 442 73 665 47 501 75 186 228 107 480 300 312 271 626 145 425 265 639 449 506 304 542 439 644 264 569 402 592 501 346 369 395 85 402 580 278 546 401 403 582 434 731 574 256 622 502 333 495 570 523 105 518 450 59 304 425 541 617 472 137 323 207 331 126 262 165 688 503 410 307 572 324 278 591 230 327 335 493 516 490 257 676 584 501 311 645 673 513 492 99 361 555 339 299 503 318 541 579 481 589 280 46 576 547 451 98 658 363 488 480 210 580 619 61 337 50 314 618 75 309 103 476 435 445 249 93 325 357 538 137 595 651 631 237 438 568 128 373 513 324 523 512 375 448 238 564 310 217 387 411 152 96 626 325 170 28 91 352 289 365 275 37 90 344 311 524 280 501
693 374 206 241 212 499 0 828 379 281 463 250 301 119 441 293 530 384 467 463 443 479 228 720 706 680 629 401 237 596 152 72 175 710 333 499 268 241 247 152 238 200 393 327 124 427 841 268 731 144 788 820 205 362 558 175 667 204 169 569 355 156 186 411 228 203 482 347 133 174 351 144 497 781 407 258 579 399 418 313 265 876 678 317 290 250 141 681 283 317 485 384 430 455 437 518 439 310 233 276 326 244 434 245 178 743 711 193 260 320 208 341 411 632 472 205 404 352 521 516 191 360 241 554 327 280 529 764 494 225 225 443 200 400 127 864 180 287 467 755 828 254 407 196 316 155 376 140 212 437 820 312 748 264 194 311 279 321 289 689 373 227 362 431 563 287 330 330 517 467 688 339 781 682 499 415 767 336 207 694 45
423 561 628 843 633 395 828 0 450 558 407 765 602 735 415 888 348 639 382 569 394 491 713 109 130 149 607 431 660 247 941 763 764 121 717 489 875 593 795 692 827 747 496 562 706 427 16 796 118 820 95 38 832 590 805 838 162 883 763 323 653 842 776 496 750 699 449 508 717 801 794 747 334 85 600 587 435 446 410 908 715 94 165 760 561 579 877 164 568 547 558 656 597 392 814 640 602 540 897 909 690 716 409 611 815 94 118 752 581 723 827 648 722 210 392 825 677 612 323 736 648 642 705 276 763 837 418 64 368 690 866 411 671 456 758 41 707 541 375 74 103 757 427 853 857 926 458 722 812 395 35 698 80 736 761 577 655 508 767 152 457 639 569 398 300 842 533 534 399 375 191 508 55 146 422 477 61 520 766 135 814
423 231 184 436 196 182 379 450 0 128 139 368 219 293 110 492 188 320 115 298 92 245 306 341 330 302 471 37 249 227 499 315 340 333 361 282 473 146 395 250 421 332 171 188 258 100 463 404 353 389 416 443 415 253 552 413 288 460 338 237 313 412 356 175 345 280 209 123 274 378 437 313 119 404 281 158 305 93 40 515 325 499 306 392 145 129 441 305 149 153 325 335 313 120 494 413 325 130 481 504 331 316 84 187 392 366 333 334 147 360 412 299 407 261 137 409 366 270 153 480 206 306 304 179 399 445 239 386 148 268 451 107 235 99 321 487 279 92 105 377 453 362 45 432 475 486 59 283 399 66 442 332 370 346 343 193 268 64 386 315 37 215 230 53 202 451 143 130 209 106 326 107 404 304 207 155 389 129 353 315 367
433 150 75 308 74 303 281 558 128 0 260 241 106 177 230 364 315 222 241 378 166 344 178 450 432 410 424 163 122 318 383 211 213 438 244 252 345 114 267 135 293 204 128 92 158 219 572 277 471 265 510 546 288 161 457 287 399 334 212 289 208 288 229 265 217 152 319 70 159 251 316 190 242 522 344 31 420 118 162 387 200 616 402 270 28 66 320 424 26 57 269 235 235 175 381 341 247 35 353 376 216 189 209 59 265 469 440 207 22 241 284 191 302 355 261 281 266 170 281 389 91 203 177 282 278 317 355 495 275 254 324 229 206 206 200 592 153 63 233 487 573 235 171 305 348 368 100 163 271 194 555 214 479 220 215 87 146 65 261 413 105 87 144 178 330 324 62 186 329 234 408 58 508 412 323 252 497 61 225 424 259
509 369 299 564 317 43 463 407 139 260 0 500 357 402 30 622 68 458 42 198 192 126 437 307 313 273 591 102 381 250 600 410 463 307 499 402 601 225 526 361 549 459 305 327 355 41 416 537 293 504 403 412 539 392 690 532 258 580 460 308 452 528 480 92 475 407 80 262 384 499 574 430 114 341 207 288 167 222 125 645 460 431 303 529 281 236 551 243 283 292 454 474 449 222 633 545 461 268 603 630 470 449 57 317 513 343 304 460 275 497 536 438 546 271 16 533 504 409 90 617 321 445 436 193 536 576 100 347 39 288 575 32 278 63 434 447 402 206 61 335 379 495 94 553 608 592 195 397 525 89 389 470 333 480 469 332 404 195 521 307 175 344 369 113 109 583 282 137 70 59 343 246 372 277 70 70 353 268 481 285 462
513 211 213 79 188 543 250 765 368 241 500 0 163 160 471 126 555 168 482 591 380 572 63 661 635 623 403 404 119 518 239 204 76 645 91 324 111 305 30 173 63 57 269 203 212 458 780 37 693 117 700 745 81 184 308 105 613 133 83 454 139 123 64 493 28 98 553 264 164 82 105 117 475 742 546 212 657 326 399 148 50 834 600 67 223 273 166 650 219 225 283 160 222 375 191 287 227 241 137 144 98 52 450 182 86 671 650 62 225 78 75 134 164 554 501 75 169 164 518 268 194 149 64 498 77 77 593 704 515 395 107 470 348 443 131 794 112 295 473 698 795 8 412 106 108 214 328 145 60 433 767 84 688 31 58 189 110 306 40 614 340 156 200 415 568 83 239 406 569 474 590 271 711 624 560 484 705 253 43 636 205
393 73 133 241 109 400 301 602 219 106 357 163 0 182 327 288 405 119 333 483 218 448 112 498 472 459 342 256 67 355 361 231 169 482 142 199 274 211 193 153 225 149 109 40 195 316 617 197 530 231 540 584 231 66 352 241 450 283 171 297 102 249 178 370 148 109 421 103 169 205 218 169 316 579 449 90 521 164 244 310 115 671 438 175 79 165 289 487 80 66 190 130 143 212 277 246 154 89 295 307 113 113 302 74 218 509 487 155 103 141 226 85 196 392 356 224 161 68 362 285 131 98 103 334 181 238 455 541 366 341 264 325 291 307 185 632 126 169 321 535 632 156 264 253 263 341 170 161 210 281 604 114 525 136 162 27 54 165 172 451 186 77 62 260 412 244 78 292 427 322 431 114 549 461 423 356 542 93 166 473 266
575 255 108 186 103 442 119 735 293 177 402 160 182 0 375 247 466 269 396 452 343 448 119 627 609 587 512 322 118 495 207 52 87 615 228 380 222 180 169 43 176 103 277 210 57 362 749 189 645 105 687 723 153 243 461 137 575 183 81 459 240 128 104 371 132 87 439 237 19 110 264 43 412 696 402 150 542 294 332 271 159 791 579 223 180 167 150 597 173 203 367 271 312 351 349 404 321 201 209 244 216 137 362 131 123 646 617 98 155 217 153 225 306 532 408 149 293 233 444 412 88 244 130 459 233 215 483 671 427 238 186 376 195 339 36 769 63 202 392 664 745 160 329 160 253 194 277 21 147 357 730 203 655 164 103 193 161 230 198 591 279 110 243 346 490 223 217 283 464 393 584 232 685 589 451 368 674 226 119 601 86
491 340 271 535 289 73 441 415 110 230 30 471 327 375 0 593 91 429 34 213 168 146 408 312 315 277 566 73 352 241 576 386 435 311 469 377 572 201 497 334 520 430 277 297 330 14 425 507 304 477 404 417 511 362 661 505 261 553 432 291 423 501 452 97 446 378 104 232 357 471 544 403 102 353 215 259 196 194 98 616 430 446 301 499 251 209 525 254 254 262 427 444 421 198 603 518 432 238 575 601 440 419 30 288 485 346 308 431 246 468 508 408 517 265 32 505 475 379 93 588 293 415 407 184 506 547 129 354 54 275 547 6 261 42 407 455 374 178 48 343 394 465 65 525 579 567 166 370 496 64 399 440 339 450 440 302 375 165 491 306 146 315 339 88 124 554 253 120 100 47 337 216 378 280 98 73 359 238 452 289 438
609 329 327 61 305 665 293 888 492 364 622 126 288 247 593 0 679 267 606 697 506 686 186 785 758 747 470 527 243 642 209 276 164 769 181 431 25 417 97 275 73 164 392 328 304 580 903 92 819 154 821 867 95 301 315 120 738 93 169 573 244 137 146 608 147 215 671 390 259 137 125 206 601 867 649 334 775 452 524 24 174 959 723 136 348 389 159 775 344 351 380 254 321 500 188 356 322 367 69 35 203 178 573 305 126 794 774 163 347 172 95 245 221 678 624 98 249 279 643 304 306 255 189 623 138 51 713 828 639 483 68 592 441 563 211 916 222 415 597 823 921 133 535 97 47 184 453 241 101 558 891 192 812 153 154 315 235 429 123 737 465 278 320 540 693 47 364 520 689 598 710 397 834 748 680 601 828 379 141 761 252
504 407 361 622 377 47 530 348 188 315 68 555 405 466 91 679 0 499 73 230 215 151 493 254 267 225 607 152 437 227 666 476 523 258 547 422 659 292 582 424 607 517 339 372 421 104 356 592 232 567 355 357 599 433 725 594 210 642 521 303 496 591 540 149 532 465 104 305 448 560 624 492 112 277 253 344 146 256 162 702 513 366 263 580 333 299 615 184 336 339 480 515 483 241 677 573 494 317 664 689 517 504 106 374 574 292 253 519 332 546 596 483 588 239 59 593 545 451 64 651 383 488 491 175 586 632 90 291 40 354 635 89 346 130 497 389 462 267 85 279 313 550 144 614 662 657 237 460 584 125 328 519 278 533 528 379 455 249 574 265 219 401 409 147 49 638 328 205 59 84 310 292 318 229 79 132 297 313 539 234 529
346 92 249 241 222 501 384 639 320 222 458 168 119 269 429 267 499 0 429 599 291 559 158 543 511 508 245 356 155 399 405 321 219 525 86 165 262 330 194 253 226 192 162 135 299 420 655 184 586 277 565 615 249 67 235 272 501 299 224 317 30 287 218 483 173 182 528 197 262 243 156 241 398 631 566 209 625 243 337 282 127 718 475 131 195 284 331 549 197 172 116 17 55 273 182 135 59 199 300 296 69 145 402 191 250 546 531 201 221 96 243 44 90 433 455 243 46 52 447 167 243 25 145 394 130 218 559 583 461 458 271 426 408 415 258 664 206 285 414 580 686 160 364 273 227 380 263 248 227 375 647 84 568 139 203 136 109 275 148 489 283 186 90 352 497 220 178 408 528 416 454 214 585 508 527 467 582 192 197 520 343
467 338 290 549 305 75 467 382 115 241 42 482 333 396 34 606 73 429 0 240 153 168 420 279 281 243 552 78 363 210 598 409 451 277 474 364 586 226 509 354 534 444 272 300 353 44 393 518 272 496 371 384 527 362 657 522 228 570 448 266 425 520 467 128 459 392 122 233 377 488 551 421 72 322 246 271 201 188 92 629 440 415 268 506 260 228 545 222 263 266 418 444 416 182 606 510 427 244 591 616 445 430 34 300 502 312 274 446 259 474 523 411 518 233 30 520 475 380 60 584 312 417 418 153 513 559 136 320 34 308 563 28 291 74 426 422 390 195 19 310 364 476 70 542 589 588 165 389 511 54 367 446 306 460 455 306 382 176 500 273 147 328 339 77 96 565 256 152 103 17 305 220 344 247 109 105 326 241 466 255 462
704 518 379 637 405 186 463 569 298 378 198 591 483 452 213 697 230 599 240 0 377 79 530 482 497 455 769 271 482 447 615 437 533 488 617 580 674 285 610 423 625 538 467 465 396 213 575 626 451 555 584 582 605 535 834 588 440 634 528 504 585 578 552 123 563 493 126 410 439 562 683 492 312 491 58 397 156 391 305 721 563 569 493 636 405 324 587 408 404 427 622 612 604 407 755 707 616 400 661 696 591 546 242 422 575 522 482 537 383 612 604 568 679 465 212 600 643 547 282 765 397 580 534 391 645 660 152 516 230 240 639 219 266 201 489 610 479 314 258 504 515 588 265 612 696 615 356 457 597 276 544 587 504 579 545 463 519 326 621 495 334 441 515 298 279 667 423 191 173 257 537 391 545 459 151 145 523 412 560 464 481
333 199 238 456 240 228 443 394 92 166 192 380 218 343 168 506 215 291 153 377 0 314 324 286 266 247 399 108 269 153 548 375 371 273 351 210 491 227 410 300 440 356 129 179 320 165 408 415 313 427 345 380 441 227 511 445 236 491 371 146 293 449 384 254 363 307 272 117 324 409 429 353 107 362 367 194 354 54 72 528 332 456 236 389 168 198 483 269 174 156 265 308 269 30 473 358 280 146 507 523 321 329 138 218 423 303 276 361 188 353 437 282 381 189 183 435 336 248 158 437 256 284 318 119 394 456 289 330 182 358 476 163 322 177 364 427 314 162 136 324 415 374 112 461 481 532 67 329 422 103 392 326 314 354 369 191 272 125 389 248 74 246 204 80 207 461 142 222 256 137 246 114 343 248 262 231 332 128 376 260 424
635 473 360 626 384 107 479 491 245 344 126 572 448 448 146 686 151 559 168 79 314 0 510 403 418 375 711 213 458 371 627 441 522 408 587 522 664 270 595 413 613 524 416 424 394 150 497 609 373 552 505 503 597 493 794 584 361 631 518 434 549 576 541 79 545 475 48 364 432 555 658 484 238 414 113 367 102 336 243 710 539 495 414 611 369 300 591 329 370 387 569 573 558 344 725 658 569 361 657 689 560 524 176 395 568 442 403 523 353 584 595 533 644 387 139 592 605 508 205 723 381 543 512 315 620 645 75 437 154 266 632 152 279 146 483 532 465 282 186 425 441 568 206 607 680 624 304 449 586 211 467 557 425 557 532 426 489 285 599 416 282 418 472 234 200 652 381 167 94 185 459 346 466 379 72 92 444 368 546 384 490
489 173 151 132 126 480 228 713 306 178 437 63 112 119 408 186 493 158 420 530 324 510 0 608 583 569 402 342 57 466 256 169 63 593 109 295 168 244 89 119 116 38 221 152 162 396 728 100 637 124 652 695 119 151 344 130 559 171 67 409 128 140 68 430 39 38 491 207 117 95 156 84 415 686 486 149 594 270 338 209 40 780 550 110 162 210 182 593 158 168 267 157 207 321 237 291 215 181 184 200 98 18 387 120 106 620 597 46 162 98 114 116 188 503 439 112 176 135 457 293 133 134 13 442 120 139 530 651 453 342 153 407 294 380 101 743 59 232 411 645 739 59 350 141 171 234 268 100 99 372 714 85 635 50 52 136 64 244 91 563 280 93 161 354 507 146 182 344 506 412 543 212 660 570 497 422 652 196 54 583 186
373 461 520 739 524 300 720 109 341 450 307 661 498 627 312 785 254 543 279 482 286 403 608 0 41 40 541 323 554 145 833 654 657 22 618 401 772 485 691 584 723 642 394 458 598 323 122 694 64 713 104 105 726 490 724 732 53 777 657 233 555 735 670 398 646 593 358 402 608 695 696 640 226 91 507 480 362 339 301 806 612 175 75 660 454 470 769 79 460 441 471 560 504 287 721 558 511 433 792 805 590 611 303 504 709 41 13 646 472 623 722 548 629 111 292 720 583 513 220 653 539 544 601 168 663 735 333 45 267 586 760 307 565 352 650 146 600 432 269 37 146 654 319 747 756 818 350 614 707 288 106 598 29 633 655 472 551 399 665 62 348 532 469 290 205 740 427 429 309 270 123 400 66 38 332 377 48 413 661 26 705
331 431 503 713 506 312 706 130 330 432 313 635 472 609 315 758 267 511 281 497 266 418 583 41 0 43 500 316 531 117 814 639 635 19 587 365 745 475 665 566 697 618 367 432 583 324 145 666 105 692 90 114 702 460 686 709 57 753 635 197 524 713 647 405 621 570 371 379 591 672 665 619 221 131 518 460 386 317 291 778 585 208 37 631 433 457 749 109 440 418 434 528 470 263 687 521 477 412 767 779 560 586 302 484 686 37 29 623 454 593 697 518 595 80 298 696 549 483 224 615 522 513 576 152 633 707 351 72 274 584 736 309 559 353 631 161 579 419 269 71 184 627 313 723 727 798 332 595 682 282 136 569 58 606 631 447 525 385 637 23 333 511 440 281 218 712 403 428 324 270 82 380 77 39 346 383 71 391 637 38 689
358 424 480 700 484 271 680 149 302 410 273 623 459 587 277 747 225 508 243 455 247 375 569 40 43 0 517 284 515 109 793 614 618 34 581 370 733 446 653 544 684 602 357 419 558 287 162 655 83 673 130 143 687 453 694 692 15 737 617 202 518 695 631 365 607 553 329 362 568 655 659 600 188 123 477 440 343 300 262 768 573 212 57 623 414 430 729 71 420 402 439 525 470 248 687 529 477 393 752 767 553 573 266 464 669 69 32 607 432 586 683 511 594 79 258 680 548 476 185 622 499 508 562 128 626 697 308 85 234 549 721 271 527 316 610 185 560 392 233 77 178 616 280 707 718 778 310 574 668 249 145 560 69 594 615 434 513 359 627 50 308 492 432 251 176 701 387 393 282 233 113 361 103 4 304 344 88 374 622 14 665
197 276 474 464 451 626 629 607 471 424 591 403 342 512 566 470 607 245 552 769 399 711 402 541 500 517 0 500 395 421 641 564 462 519 312 189 475 537 423 492 453 436 306 335 536 562 623 408 600 517 515 573 481 276 227 508 518 527 468 322 274 525 459 645 414 426 670 368 503 483 345 485 494 632 749 423 750 378 468 477 369 699 466 347 398 491 568 580 403 367 155 247 201 369 303 116 191 391 521 504 308 388 536 415 489 525 528 444 432 325 475 288 250 441 582 476 234 280 544 182 473 269 389 449 341 431 687 568 578 677 496 561 628 569 502 618 449 478 534 570 684 396 506 505 424 616 413 491 461 502 627 323 557 377 446 346 351 453 373 478 435 419 285 478 585 431 364 590 653 535 421 387 557 516 660 624 564 370 438 526 588
440 267 214 471 228 145 401 431 37 163 102 404 256 322 73 527 152 356 78 271 108 213 342 323 316 284 500 0 285 221 527 340 374 317 398 310 508 162 431 279 456 366 205 224 283 65 443 440 330 420 404 427 449 289 588 445 270 493 371 247 350 444 390 147 380 314 175 159 303 411 474 345 97 380 260 193 269 123 36 551 362 475 295 429 182 155 471 280 185 190 357 371 348 138 531 446 360 167 514 538 368 352 47 222 425 351 316 368 181 397 446 336 444 252 100 443 402 306 122 515 236 343 340 168 436 480 203 367 112 271 485 70 243 70 351 469 313 120 71 358 427 398 8 465 511 515 94 314 433 36 420 369 352 382 377 230 304 98 422 303 73 250 266 37 169 487 180 121 173 72 321 144 387 287 171 125 371 166 388 298 392
459 138 106 189 79 425 237 660 249 122 381 119 67 118 352 243 437 155 363 482 269 458 57 554 531 515 395 285 0 414 295 170 105 539 138 264 225 198 146 98 173 88 174 103 144 340 675 155 582 165 602 643 173 124 369 179 504 223 106 362 129 185 116 379 96 42 437 152 108 142 201 102 359 631 441 93 540 215 281 266 81 725 497 154 105 159 224 537 101 113 248 160 194 268 275 290 204 125 238 256 116 67 331 64 155 568 543 93 106 131 168 112 210 451 383 166 186 115 400 311 93 130 55 387 163 196 475 598 397 310 207 351 260 325 118 691 59 178 354 591 684 113 293 193 227 275 212 97 154 315 660 108 582 99 101 86 47 187 141 510 223 41 127 297 450 202 127 294 450 355 494 156 607 516 442 368 599 141 108 528 200
284 316 391 596 392 265 596 247 227 318 250 518 355 495 241 642 227 399 210 447 153 371 466 145 117 109 421 221 414 0 699 527 518 127 473 263 629 372 548 452 580 501 250 315 472 247 262 550 189 576 193 230 585 345 587 592 104 636 518 99 410 597 530 338 504 454 323 263 477 555 551 504 139 232 456 345 368 202 190 662 468 319 84 515 318 348 633 160 324 301 332 416 361 146 578 423 369 296 650 662 445 469 220 368 569 154 133 506 340 478 581 403 485 37 235 579 439 368 166 515 409 400 459 57 519 591 317 186 217 492 619 235 462 272 515 277 463 311 194 182 287 511 220 606 611 683 219 480 565 193 250 453 171 489 514 330 408 275 521 97 223 395 324 184 188 595 287 341 285 195 99 264 194 109 302 314 187 274 520 121 577
745 428 315 183 309 639 152 941 499 383 600 239 361 207 576 209 666 405 598 615 548 627 256 833 814 793 641 527 295 699 0 190 193 821 330 551 190 375 218 250 192 218 468 397 245 562 955 236 852 132 891 928 160 407 518 134 781 121 191 655 375 118 189 556 232 253 627 438 225 163 312 196 618 902 559 354 727 498 538 220 278 997 783 296 382 371 74 803 375 401 519 398 458 553 390 525 464 403 140 179 336 264 565 332 154 851 823 210 361 316 166 367 397 736 608 165 408 390 649 495 294 384 268 665 303 223 673 878 628 376 153 577 350 537 184 975 239 408 596 870 952 246 534 138 248 26 483 219 180 563 937 322 861 266 205 381 320 437 269 795 486 305 416 552 694 227 415 472 659 597 785 435 891 795 643 558 880 426 208 807 139
622 304 137 217 141 449 72 763 315 211 410 204 231 52 386 276 476 321 409 437 375 441 169 654 639 614 564 340 170 527 190 0 129 644 278 429 250 185 209 81 210 149 321 256 57 372 776 230 668 123 720 753 181 293 510 158 601 199 122 498 292 144 144 368 179 139 438 276 62 141 309 88 434 719 384 187 539 329 354 298 209 814 610 269 218 185 150 619 211 245 418 323 364 385 395 456 373 239 228 267 267 187 376 173 150 676 645 143 189 266 182 277 357 564 418 179 345 285 462 462 120 296 182 487 280 251 484 699 439 209 210 387 172 347 74 798 115 223 408 690 767 206 346 181 289 184 308 73 181 376 756 254 683 212 147 240 213 255 244 622 306 156 293 368 505 258 258 282 469 409 619 268 714 616 453 369 702 265 162 628 53
552 234 165 104 146 506 175 764 340 213 463 76 169 87 435 164 523 219 451 533 371 522 63 657 635 618 462 374 105 518 193 129 0 643 158 358 141 253 82 110 92 27 278 207 142 422 778 102 683 62 707 747 76 214 384 74 607 121 7 466 189 80 18 444 53 64 509 255 96 38 180 44 455 732 485 183 612 318 376 188 93 827 602 142 204 228 120 637 198 216 329 216 270 372 267 349 277 225 141 167 155 74 418 155 52 672 646 18 193 145 73 178 235 555 467 70 232 198 494 341 143 196 76 490 152 129 551 701 484 325 112 435 281 403 55 795 61 257 444 694 784 79 381 92 166 172 311 77 64 407 763 140 685 89 19 191 127 276 116 615 318 127 223 391 542 136 231 356 529 445 599 257 712 619 518 438 702 244 33 631 131
351 443 508 723 512 304 710 121 333 438 307 645 482 615 311 769 258 525 277 488 273 408 593 22 19 34 519 317 539 127 821 644 643 0 600 381 756 477 675 572 707 627 377 442 587 320 135 677 86 699 97 110 711 472 703 717 49 762 643 212 537 721 656 399 630 579 362 387 596 681 677 626 220 113 510 467 373 325 293 789 596 194 53 643 441 460 756 93 447 427 450 541 484 272 702 537 491 419 776 789 572 596 299 491 694 35 10 632 460 605 707 530 609 92 292 705 563 495 219 632 528 526 585 156 646 718 340 59 268 582 745 305 559 350 637 155 586 423 266 55 167 638 313 732 739 805 338 601 692 282 123 580 44 616 640 457 535 389 648 40 337 518 451 282 209 723 412 426 315 267 101 387 71 30 337 378 60 399 646 24 694
431 157 244 157 216 542 333 717 361 244 499 91 142 228 469 181 547 86 474 617 351 587 109 618 587 581 312 398 138 473 330 278 158 600 0 250 177 335 113 226 144 133 225 175 271 458 732 100 656 208 645 694 170 127 235 196 573 218 164 397 64 214 151 509 106 145 562 242 226 173 79 191 454 703 578 221 663 299 385 197 69 792 551 45 219 294 257 616 218 208 200 74 140 338 138 195 142 231 216 210 29 91 444 196 178 623 605 140 235 13 164 69 78 508 498 165 78 105 501 184 231 75 98 462 46 133 597 659 508 446 189 467 397 448 207 743 168 306 462 654 757 85 406 194 143 304 310 209 149 422 723 31 643 69 140 168 98 306 64 565 327 178 150 401 552 135 219 427 569 463 534 255 662 581 564 496 658 234 129 594 289
195 126 314 401 297 439 499 489 282 252 402 324 199 380 377 431 422 165 364 580 210 522 295 401 365 370 189 310 264 263 551 429 358 381 250 0 425 362 353 350 386 333 125 175 389 372 505 346 452 420 408 461 404 144 324 422 367 456 361 169 188 435 362 456 322 304 481 188 367 389 318 366 310 492 562 259 564 189 279 447 277 573 328 295 229 317 477 422 235 197 69 179 113 182 326 160 116 217 460 459 229 288 347 260 399 397 388 341 265 260 398 190 236 291 394 398 193 162 361 252 320 177 283 277 295 382 499 437 391 504 430 372 458 379 382 509 324 298 346 436 547 316 316 428 392 529 225 360 382 313 501 242 423 293 346 190 232 270 310 342 246 273 138 289 405 384 190 404 466 347 299 206 435 370 472 435 435 193 345 381 464
607 319 305 38 284 644 268 875 473 345 601 111 274 222 572 25 659 262 586 674 491 664 168 772 745 733 475 508 225 629 190 250 141 756 177 425 0 394 81 251 52 143 379 314 279 560 891 81 804 128 810 856 69 291 330 94 724 71 146 563 238 112 123 585 129 194 649 374 235 112 131 182 583 852 624 315 753 436 506 48 160 945 711 133 330 368 136 760 326 334 377 250 317 485 202 359 319 349 50 34 196 161 553 286 100 782 760 141 327 166 70 237 225 665 604 73 249 270 625 313 284 248 173 608 136 45 691 815 619 458 43 572 416 542 186 904 200 395 578 809 906 118 516 72 59 164 436 217 77 539 878 184 799 140 133 300 220 410 115 724 447 258 309 522 675 44 349 497 668 579 699 380 822 734 658 579 815 363 120 747 227
535 264 93 356 120 264 241 593 146 114 225 305 211 180 201 417 292 330 226 285 227 270 244 485 475 446 537 162 198 372 375 185 253 477 335 362 394 0 326 143 343 255 237 204 130 188 605 341 492 285 561 588 327 272 560 315 432 363 248 370 311 308 271 192 278 208 259 174 164 285 398 214 259 542 243 121 362 199 185 441 278 637 451 351 141 47 328 442 137 171 382 340 348 248 473 453 360 147 388 419 310 260 194 141 298 511 477 254 109 329 325 293 402 406 233 322 371 278 281 496 112 308 249 324 361 377 303 529 254 142 362 203 98 162 215 631 196 68 227 520 588 302 168 337 412 367 165 179 316 199 583 304 513 294 262 197 238 104 335 461 153 157 257 195 322 384 174 104 285 227 470 157 548 448 271 188 533 170 276 459 237
540 241 234 49 211 569 247 795 395 267 526 30 193 169 497 97 582 194 509 610 410 595 89 691 665 653 423 431 146 548 218 209 82 675 113 353 81 326 0 188 33 72 299 234 224 484 810 22 723 107 731 776 58 214 314 87 643 106 88 484 166 106 65 515 50 120 577 293 177 73 105 126 504 772 564 238 681 356 427 120 81 864 631 78 251 296 147 679 247 254 310 184 249 405 191 307 252 270 108 114 125 81 476 209 72 702 680 74 251 100 52 162 179 585 528 53 190 193 546 280 214 176 93 528 86 51 618 734 542 407 78 496 362 468 136 824 131 320 500 729 825 38 439 82 86 193 357 158 39 461 797 111 719 61 66 219 140 333 51 644 368 182 231 443 596 58 268 428 594 501 620 300 742 654 585 508 735 283 51 666 202
542 226 65 214 62 402 152 692 250 135 361 173 153 43 334 275 424 253 354 423 300 413 119 584 566 544 492 279 98 452 250 81 110 572 226 350 251 143 188 0 202 117 241 176 46 321 706 206 602 143 645 680 184 218 461 172 531 220 106 419 226 167 129 335 144 82 401 196 25 142 274 71 369 652 375 108 505 252 288 299 159 747 536 229 139 125 192 553 132 165 342 258 291 309 356 388 301 160 245 276 209 137 320 93 155 603 574 115 112 216 182 210 302 489 367 179 283 212 402 406 44 228 128 416 239 238 445 628 385 223 219 335 175 299 73 726 61 160 349 620 702 171 286 194 275 237 234 36 174 314 687 198 612 169 123 160 145 187 208 548 236 76 215 303 448 245 178 247 425 350 542 190 642 546 412 331 631 185 138 558 125
573 274 254 16 232 592 238 827 421 293 549 63 225 176 520 73 607 226 534 625 440 613 116 723 697 684 453 456 173 580 192 210 92 707 144 386 52 343 33 202 0 91 331 265 233 508 842 45 753 95 763 808 35 247 331 67 674 75 97 517 199 87 73 535 77 142 598 323 187 69 122 134 532 802 577 263 702 386 454 97 113 895 662 105 279 316 124 709 274 284 342 217 282 436 205 336 285 298 74 83 158 111 501 234 61 734 711 90 275 131 31 196 206 617 552 34 221 227 573 304 233 209 122 558 112 42 640 766 567 414 45 520 371 490 141 856 149 343 526 760 855 71 464 54 79 166 385 169 29 487 829 144 750 94 81 250 172 358 81 676 396 206 264 470 623 49 298 446 617 527 653 329 773 685 607 528 766 312 68 697 195
527 211 164 105 142 501 200 747 332 204 459 57 149 103 430 164 517 192 444 538 356 524 38 642 618 602 436 366 88 501 218 149 27 627 133 333 143 255 72 117 91 0 258 188 155 417 762 89 669 86 688 730 85 189 361 92 592 135 32 446 162 102 30 445 30 52 508 240 107 57 161 61 444 719 492 173 611 303 366 187 67 812 585 120 191 226 144 624 186 200 303 189 243 355 246 322 250 211 151 172 128 48 411 145 69 655 631 8 185 120 81 151 210 538 462 79 206 173 484 316 143 169 50 475 131 122 549 685 477 338 120 430 292 400 76 778 59 252 436 679 771 57 374 105 158 195 298 88 67 398 747 114 669 64 14 172 103 268 95 598 308 116 199 382 534 129 215 357 526 437 580 243 695 604 516 438 686 228 22 616 156
306 71 196 347 182 346 393 496 171 128 305 269 109 277 277 392 339 162 272 467 129 416 221 394 367 357 306 205 174 250 468 321 278 377 225 125 379 237 299 241 331 258 0 71 275 269 512 300 431 339 432 476 339 99 386 350 348 392 279 188 165 358 287 345 256 215 380 63 261 314 304 273 236 478 444 140 471 84 180 412 219 569 331 266 108 192 397 391 115 77 155 179 144 113 344 242 156 93 403 413 197 221 248 148 326 403 382 264 144 229 334 156 252 286 300 333 207 121 286 312 205 156 212 236 270 341 405 436 303 379 372 273 333 270 288 525 230 173 256 431 532 261 212 362 362 449 112 258 319 218 500 204 421 239 271 88 160 147 271 345 134 168 76 194 336 345 67 284 374 257 322 82 443 358 375 325 437 68 275 370 363
367 59 141 281 122 369 327 562 188 92 327 203 40 210 297 328 372 135 300 465 179 424 152 458 432 419 335 224 103 315 397 256 207 442 175 175 314 204 234 176 265 188 71 0 214 287 577 237 491 268 501 544 271 70 370 280 410 322 208 259 126 287 217 348 188 144 394 67 195 244 253 203 279 539 434 88 492 125 210 350 154 631 398 211 64 157 326 448 68 37 180 149 144 171 306 249 156 64 335 347 146 153 271 86 256 469 447 194 97 176 266 111 220 352 324 264 180 83 326 301 145 119 143 295 217 278 426 501 333 342 304 295 293 281 218 592 159 152 287 495 592 196 233 292 302 378 135 190 250 247 564 149 485 176 201 17 94 140 211 411 153 100 52 226 376 283 44 274 397 288 392 81 509 420 394 332 502 59 205 433 295
580 267 83 243 93 395 124 706 258 158 355 212 195 57 330 304 421 299 353 396 320 394 162 598 583 558 536 283 144 472 245 57 142 587 271 389 279 130 224 46 233 155 275 214 0 317 720 243 611 159 665 697 210 261 505 192 545 238 136 447 272 183 160 318 183 126 387 225 47 167 315 99 377 662 346 137 489 276 298 327 202 757 555 271 169 129 198 562 162 198 385 303 335 332 398 434 346 188 265 300 254 181 320 129 179 620 589 151 137 260 209 255 347 508 363 206 329 257 405 451 70 274 172 431 281 271 432 642 383 183 243 332 138 292 93 742 103 166 352 634 710 211 290 216 309 237 252 66 204 319 699 243 626 211 157 199 190 199 249 566 250 118 257 311 449 279 210 231 415 352 565 216 658 560 401 317 645 215 173 572 109
491 331 258 522 276 85 427 427 100 219 41 458 316 362 14 580 104 420 44 213 165 150 396 323 324 287 562 65 340 247 562 372 422 320 458 372 560 188 484 321 508 417 269 287 317 0 437 495 316 464 414 428 498 353 652 491 271 540 419 292 413 488 439 94 434 366 110 223 344 458 533 390 108 365 211 247 205 187 93 604 419 458 309 488 240 196 511 266 242 252 421 435 413 195 593 511 424 227 562 589 430 407 28 276 472 356 318 419 234 457 495 398 507 272 46 492 466 370 104 580 280 406 395 190 495 535 139 364 67 264 534 16 248 30 394 466 361 165 55 354 407 453 57 512 566 553 158 356 484 63 411 429 350 438 428 292 363 154 480 315 137 303 330 85 137 541 243 108 111 54 344 207 388 290 107 70 370 229 439 299 425
438 576 642 858 646 402 841 16 463 572 416 780 617 749 425 903 356 655 393 575 408 497 728 122 145 162 623 443 675 262 955 776 778 135 732 505 891 605 810 706 842 762 512 577 720 437 0 812 125 835 110 52 847 605 821 853 175 897 778 339 669 856 791 505 765 714 456 523 730 816 809 761 346 86 607 601 438 460 423 923 730 80 181 776 576 592 891 173 582 562 574 672 612 407 829 656 618 554 912 924 705 731 419 626 829 109 132 767 594 738 842 663 738 225 402 840 692 628 333 752 661 658 720 290 778 852 423 78 377 701 880 421 682 467 772 37 721 554 386 86 95 773 438 867 872 940 472 736 827 407 32 714 94 751 775 592 670 521 782 167 470 653 585 411 308 857 547 545 406 386 207 522 70 160 429 485 76 534 781 148 827
530 238 249 57 225 580 268 796 404 277 537 37 197 189 507 92 592 184 518 626 415 609 100 694 666 655 408 440 155 550 236 230 102 677 100 346 81 341 22 206 45 89 300 237 243 495 812 0 727 128 730 776 76 211 293 106 646 119 109 482 158 126 86 529 64 134 590 299 196 95 83 146 510 775 581 248 693 360 435 113 82 867 631 61 259 309 166 684 256 260 300 173 239 408 169 292 242 277 117 115 116 88 486 219 93 703 682 92 261 88 70 156 161 586 538 72 176 189 554 261 230 168 100 531 68 41 630 736 552 426 89 506 380 480 157 824 147 332 509 731 829 42 448 98 72 210 363 176 59 470 799 104 720 61 86 223 143 343 36 645 376 193 229 451 604 47 273 442 605 510 619 306 743 656 597 521 736 288 70 669 224
436 500 537 769 545 278 731 118 353 471 293 693 530 645 304 819 232 586 272 451 313 373 637 64 105 83 600 330 582 189 852 668 683 86 656 452 804 492 723 602 753 669 431 491 611 316 125 727 0 736 156 135 754 529 776 757 86 803 682 285 595 759 697 381 676 619 331 430 626 721 735 662 234 51 482 502 319 367 314 840 645 146 135 698 479 483 791 50 484 470 521 603 550 320 766 611 558 458 820 837 628 642 301 528 735 99 76 673 493 661 750 587 673 162 279 748 627 552 213 704 557 585 631 196 702 768 300 71 254 579 789 300 564 346 671 159 624 445 267 60 102 686 324 774 792 838 372 634 736 293 96 635 67 666 682 504 584 415 700 124 367 556 507 300 184 774 455 424 281 267 187 426 103 84 305 362 80 441 690 74 720
613 296 206 98 193 546 144 820 389 265 504 117 231 105 477 154 567 277 496 555 427 552 124 713 692 673 517 420 165 576 132 123 62 699 208 420 128 285 107 143 95 86 339 268 159 464 835 128 736 0 765 805 62 275 420 35 662 79 59 526 247 24 59 476 104 123 543 313 121 35 211 75 506 786 504 235 646 374 426 176 149 881 660 182 259 268 59 689 253 274 389 272 329 429 296 402 335 280 106 144 210 133 462 209 34 729 703 78 243 194 64 237 281 613 509 61 285 259 542 385 184 254 137 545 191 137 587 757 528 332 87 478 293 442 70 853 113 301 491 750 837 123 428 58 173 110 364 107 69 454 818 195 741 140 74 251 188 325 154 672 370 181 285 441 589 143 289 388 568 491 658 313 769 675 555 473 759 301 80 687 100
329 492 583 779 584 401 788 95 416 510 403 700 540 687 404 821 355 565 371 584 345 505 652 104 90 130 515 404 602 193 891 720 707 97 645 408 810 561 731 645 763 688 432 501 665 414 110 730 156 765 0 58 771 520 718 780 145 823 707 248 581 786 718 495 688 642 459 453 669 744 720 695 310 152 607 538 466 393 377 840 650 189 110 689 509 540 823 183 516 491 475 581 519 337 734 554 523 487 835 844 619 653 391 559 757 63 102 694 533 652 766 577 643 156 387 765 599 542 314 651 602 570 644 237 691 770 436 86 364 673 804 399 647 442 707 103 653 503 359 97 190 693 401 793 787 873 412 672 751 371 122 629 89 670 702 517 592 467 698 101 415 586 501 368 305 774 476 517 411 360 111 456 58 126 433 473 78 465 706 120 769
387 539 617 824 620 403 820 38 443 546 412 745 584 723 417 867 357 615 384 582 380 503 695 105 114 143 573 427 643 230 928 753 747 110 694 461 856 588 776 680 808 730 476 544 697 428 52 776 135 805 58 0 814 568 774 822 157 865 748 298 630 827 759 503 732 683 459 492 705 785 770 733 330 113 610 574 454 431 403 887 695 132 146 738 547 570 862 175 553 531 529 631 570 376 787 610 576 525 879 889 667 697 408 597 798 77 111 736 568 700 809 625 696 192 397 807 651 590 325 706 636 619 687 266 740 816 431 66 372 691 847 412 669 457 744 49 692 533 375 78 140 738 423 835 835 912 446 709 794 392 71 676 79 716 744 559 636 498 745 133 447 624 548 392 308 821 516 535 410 375 162 493 40 140 433 482 60 504 749 130 803
594 287 241 36 222 582 205 832 415 288 539 81 231 153 511 95 599 249 527 605 441 597 119 726 702 687 481 449 173 585 160 181 76 711 170 404 69 327 58 184 35 85 339 271 210 498 847 76 754 62 771 814 0 262 366 32 677 53 80 527 220 52 59 519 84 136 584 325 166 43 156 114 529 804 555 257 688 388 450 118 127 897 668 136 276 304 90 709 271 285 365 241 304 440 240 365 308 297 66 92 180 119 493 229 31 739 715 81 268 157 6 214 237 622 543 7 248 243 568 336 219 230 128 560 143 76 627 770 559 389 36 511 347 479 117 862 137 333 520 764 856 89 457 24 111 135 383 149 22 482 832 165 754 111 73 255 181 351 109 682 392 200 276 466 617 82 300 431 605 521 662 328 779 689 594 514 771 313 65 701 162
339 29 199 263 175 434 362 590 253 161 392 184 66 243 362 301 433 67 362 535 227 493 151 490 460 453 276 289 124 345 407 293 214 472 127 144 291 272 214 218 247 189 99 70 261 353 605 211 529 275 520 568 262 0 301 279 446 315 217 272 66 291 218 417 179 161 462 130 231 245 206 224 333 575 504 152 558 178 271 319 135 665 424 170 133 225 333 490 136 108 125 82 77 212 246 182 89 134 321 325 100 144 335 140 256 496 478 197 163 133 257 58 156 381 388 256 113 23 382 231 197 57 139 335 173 250 492 531 395 406 291 359 356 349 240 616 183 222 348 527 630 176 297 286 267 385 197 221 240 309 595 109 516 154 202 75 87 209 178 438 217 143 24 286 432 254 112 344 462 349 409 147 536 454 460 401 531 125 201 466 324
418 321 473 336 446 731 558 805 552 457 690 308 352 461 661 315 725 235 657 834 511 794 344 724 686 694 227 588 369 587 518 510 384 703 235 324 330 560 314 461 331 361 386 370 505 652 821 293 776 420 718 774 366 301 0 397 691 397 391 491 250 418 373 718 332 380 761 430 461 387 210 422 618 815 800 441 856 469 566 312 303 893 649 242 429 516 455 746 431 407 256 222 242 488 128 165 231 434 380 349 254 325 632 420 386 716 711 368 454 245 361 267 159 615 685 364 191 287 669 74 463 254 333 598 232 295 790 757 689 680 365 657 630 649 437 821 403 520 642 757 869 305 595 385 271 492 494 443 352 604 820 263 744 298 365 371 325 510 269 663 515 408 322 580 717 291 413 643 759 643 614 447 752 693 759 702 755 426 352 704 513
614 302 233 66 217 574 175 838 413 287 532 105 241 137 505 120 594 272 522 588 445 584 130 732 709 692 508 445 179 592 134 158 74 717 196 422 94 315 87 172 67 92 350 280 192 491 853 106 757 35 780 822 32 279 397 0 681 48 75 538 243 21 63 507 101 139 574 330 152 37 188 102 529 807 537 256 677 392 449 141 146 901 676 165 278 296 61 711 273 291 387 265 326 446 271 392 331 299 73 109 203 134 489 229 24 746 721 86 266 183 36 235 266 629 537 34 274 261 566 367 211 251 141 564 173 107 617 775 554 367 52 505 327 471 101 869 134 327 516 769 859 112 453 24 141 109 385 136 48 479 837 188 759 133 79 264 194 349 137 689 392 201 291 464 614 113 305 419 597 517 672 331 786 694 585 503 777 318 78 706 133
