NAME : X-n172-k51_SARP
COMMENT : Curated from VRPLIB to SARP
TYPE : SARP
DIMENSION : 171
EDGE_WEIGHT_TYPE : EXPLICIT
EDGE_WEIGHT_FORMAT : FULL_MATRIX
EDGE_WEIGHT_SECTION
0 246 261 501 394 386 423 549 155 244 457 294 74 628 535 225 363 603 439 488 552 654 393 463 365 354 240 275 242 86 376 408 395 424 106 574 144 472 336 419 623 398 496 437 243 165 216 431 69 564 273 529 532 209 362 485 167 166 161 305 496 434 84 422 562 114 521 356 549 396 467 47 507 566 652 145 80 625 538 85 165 655 508 555 247 80 478 481 544 493 366 102 72 38 498 151 544 444 349 393 134 459 271 85 520 513 620 405 484 197 630 512 364 432 639 270 568 78 521 607 420 137 476 287 595 368 439 374 380 338 182 661 544 408 658 73 517 553 615 281 538 519 545 462 450 382 229 331 594 368 132 485 491 9 428 462 504 614 556 403 485 476 247 349 383 511 286 404 538 571 617
246 0 41 626 370 353 501 673 139 489 233 439 266 872 592 212 214 847 679 684 792 898 249 227 158 556 19 520 164 260 197 305 470 669 158 672 107 574 421 288 867 487 330 575 164 98 210 246 314 809 163 770 774 333 458 568 359 102 366 164 553 672 211 450 331 352 765 481 788 637 501 259 266 808 726 114 176 866 653 209 130 899 747 800 489 191 234 249 597 625 461 296 183 209 628 372 617 570 103 312 114 578 485 280 765 617 865 254 660 179 875 758 510 400 698 439 807 203 279 851 346 276 701 337 840 482 677 545 454 518 416 905 784 539 902 190 634 795 857 322 639 642 602 655 487 173 313 298 839 482 378 595 592 250 587 247 527 374 311 417 726 244 13 481 490 590 92 469 784 325 862
261 41 0 605 336 318 476 711 174 499 249 474 270 880 633 187 173 856 685 676 798 907 285 235 185 585 28 533 205 286 229 265 509 680 185 712 133 550 459 247 876 526 290 557 205 99 187 274 330 819 127 776 781 368 497 608 387 100 392 203 593 693 238 419 339 360 774 463 794 643 542 280 246 815 767 143 198 873 630 236 121 907 767 810 498 196 232 223 567 605 499 297 192 225 665 375 589 550 95 352 136 557 484 282 777 593 874 288 693 218 886 772 546 440 738 471 812 228 279 859 385 270 700 376 849 519 698 533 494 550 421 913 790 521 911 197 672 802 863 362 614 621 573 686 528 198 350 265 849 520 391 572 568 264 572 266 568 375 298 458 733 217 28 517 528 630 129 509 796 315 872
501 626 605 0 342 360 148 991 629 444 854 756 429 595 1021 419 533 585 435 221 502 624 858 836 784 729 609 481 719 584 818 468 883 506 581 1035 585 71 825 512 596 880 594 68 719 536 419 870 495 570 495 489 501 699 844 962 624 531 607 764 984 663 583 243 939 427 535 149 490 434 963 542 778 527 1124 597 560 557 42 584 499 605 696 573 421 480 820 726 177 19 847 400 500 522 940 376 131 58 690 883 571 48 302 417 570 55 596 866 873 685 629 610 812 933 1120 717 498 574 868 578 913 378 349 787 589 840 658 159 869 755 390 610 488 94 613 487 968 517 556 782 67 17 168 826 946 799 728 378 597 839 468 45 64 492 106 871 1001 961 844 904 476 722 617 812 857 989 711 895 587 872 605
394 370 336 342 0 20 194 943 442 515 566 687 334 825 911 182 206 806 627 503 729 855 620 538 518 735 352 560 514 474 565 126 774 664 412 964 386 273 716 171 823 782 251 325 514 315 189 608 436 778 208 710 719 594 747 869 560 309 552 532 870 760 445 103 633 405 734 250 720 602 830 440 448 752 1036 401 403 800 351 444 280 844 819 775 499 325 510 394 244 351 750 328 343 388 891 375 277 302 397 677 376 299 410 332 755 308 822 624 873 502 846 775 758 754 1017 664 735 433 555 804 710 271 589 649 805 757 759 359 758 730 423 850 717 291 851 334 909 740 794 637 323 353 252 844 814 530 601 73 810 758 458 300 286 388 364 589 863 643 515 753 679 390 357 742 772 894 463 779 775 544 826
386 353 318 360 20 0 212 934 428 516 547 679 328 833 899 170 186 814 634 517 738 863 602 518 500 731 334 561 499 465 546 108 762 669 400 953 372 291 705 152 831 771 235 340 499 300 177 589 431 785 190 718 727 584 736 858 553 295 546 515 858 760 434 123 613 403 741 263 729 607 817 432 428 760 1025 387 391 809 370 433 266 853 821 782 502 315 490 374 264 368 739 324 333 379 883 375 297 319 377 661 362 316 416 327 761 327 830 606 867 488 854 779 750 739 1005 656 744 422 535 812 694 267 599 636 812 748 760 371 746 723 424 858 725 306 859 324 900 748 803 625 343 371 272 840 801 511 590 59 817 748 455 318 305 381 378 569 849 623 495 740 686 370 340 733 761 883 445 767 781 524 833
423 501 476 148 194 212 0 952 526 442 722 704 349 681 957 289 387 666 496 328 585 711 743 701 659 709 483 485 613 509 697 320 817 552 484 987 477 80 758 364 680 819 445 138 613 419 291 747 436 644 358 568 578 630 782 905 570 413 556 650 918 683 497 97 802 379 603 102 574 482 889 468 633 609 1070 490 466 649 161 497 380 696 730 644 421 381 681 580 124 157 786 326 402 435 901 332 122 112 555 780 464 106 307 340 632 120 680 750 853 586 709 662 768 841 1060 670 586 487 728 662 811 287 434 708 667 784 680 201 802 721 364 702 571 112 703 390 925 598 646 700 139 160 124 814 872 673 652 232 674 784 428 106 96 414 185 741 926 820 699 822 545 576 490 761 801 931 590 827 651 728 686
549 673 711 991 943 934 952 0 540 557 731 255 615 749 180 767 871 726 683 878 741 756 569 769 659 275 683 531 521 469 619 940 216 604 547 73 591 984 254 939 741 192 999 923 522 659 758 643 519 692 791 726 720 353 216 136 386 664 398 567 189 437 503 967 820 574 675 866 748 648 247 503 905 734 165 577 549 781 1032 505 683 777 481 678 580 619 816 908 1077 977 213 631 602 555 52 622 1067 941 752 472 595 959 692 621 639 1020 738 580 161 495 718 589 186 384 193 283 763 516 836 738 458 681 783 341 712 193 449 835 228 236 602 780 744 904 774 610 41 728 769 356 1043 1007 1076 221 248 667 362 877 703 192 527 989 1001 556 894 713 261 892 922 312 690 904 684 201 184 133 627 225 643 919 726
155 139 174 629 442 428 526 540 0 392 309 300 209 773 476 261 332 747 590 640 701 797 240 322 215 419 145 416 91 132 222 409 344 567 51 545 56 588 291 403 767 358 459 568 92 129 254 276 212 708 257 679 681 194 327 443 224 134 233 150 435 546 86 500 416 269 666 480 699 546 391 146 400 714 606 41 76 773 662 84 162 801 623 698 398 149 347 388 639 623 330 243 129 119 493 304 648 571 235 255 66 583 424 224 660 631 765 251 521 61 771 646 372 317 582 300 718 84 385 752 286 251 631 213 738 347 553 517 329 379 337 807 695 536 804 142 502 701 763 200 655 645 642 517 375 232 178 369 737 348 279 605 607 163 568 311 422 473 438 312 634 382 148 344 357 466 139 346 678 447 761
244 489 499 444 515 516 442 557 392 0 699 349 234 384 618 402 566 359 200 326 310 409 619 707 607 287 481 45 469 271 612 579 491 180 346 608 388 450 441 603 378 480 691 377 470 400 394 666 180 320 479 287 290 335 447 552 242 400 221 538 586 246 308 491 806 140 277 342 308 155 582 247 744 322 702 389 323 382 486 309 388 411 304 312 23 304 722 713 561 428 450 215 307 283 508 145 539 400 591 594 378 419 142 225 278 480 376 631 430 418 386 278 389 601 706 303 327 308 765 363 614 267 261 438 351 432 245 285 480 322 93 417 303 366 414 302 539 310 371 440 502 459 558 382 566 623 380 477 350 431 113 450 465 239 342 703 622 858 797 547 242 707 489 399 451 577 528 507 297 813 373
457 233 249 854 566 547 722 731 309 699 0 549 492 1082 599 436 368 1056 896 917 1008 1106 165 47 94 697 249 725 250 439 114 467 516 876 353 706 314 798 488 433 1076 541 426 806 249 330 435 94 519 1017 365 986 989 457 526 602 519 334 533 182 566 848 395 659 107 570 975 711 1006 852 504 454 215 1021 731 312 377 1081 878 393 363 1110 924 1007 704 417 102 250 807 854 527 524 406 419 696 597 832 799 170 266 326 806 713 506 969 841 1074 156 767 300 1080 955 609 367 691 568 1025 393 106 1061 290 508 927 404 1047 558 855 778 504 644 636 1115 1001 769 1113 415 690 1009 1071 390 861 869 813 780 496 78 416 501 1046 559 586 821 816 463 819 28 514 171 203 424 941 248 240 572 559 617 171 507 987 192 1070
294 439 474 756 687 679 704 255 300 349 549 0 361 646 270 512 624 620 520 674 606 662 406 579 463 160 445 338 307 214 437 688 144 457 299 283 345 742 104 690 639 130 754 688 309 411 504 476 269 581 541 587 584 106 98 207 134 415 150 369 237 346 251 714 651 330 550 623 610 477 237 248 691 608 368 333 297 664 797 253 431 676 418 567 370 364 618 685 828 744 101 380 347 301 204 381 821 703 529 334 348 720 468 368 525 780 636 419 223 268 627 489 73 294 364 47 628 263 647 629 339 427 604 153 607 84 357 606 135 97 370 680 606 666 675 355 223 599 652 165 804 773 828 230 222 475 134 622 601 84 289 750 759 301 665 538 276 719 719 222 544 679 448 57 103 233 411 161 537 722 627
74 266 270 429 334 328 349 615 209 234 492 361 0 611 608 180 336 587 414 432 528 638 449 492 405 402 256 272 300 159 424 365 468 413 159 643 181 398 409 382 607 470 466 366 301 171 171 479 102 550 247 506 511 281 434 557 229 170 220 357 569 454 154 352 595 94 506 283 524 374 540 119 512 545 723 187 135 602 466 154 155 637 523 543 230 76 499 480 471 422 437 33 87 94 563 105 470 372 364 459 168 386 221 14 511 440 605 459 539 260 618 511 430 503 712 333 542 145 545 590 487 66 435 361 580 438 457 308 453 396 151 643 519 336 641 77 584 532 593 354 464 447 472 512 524 422 303 277 581 438 138 412 417 65 360 501 577 640 567 476 463 474 264 418 454 583 325 477 530 586 603
628 872 880 595 825 833 681 749 773 384 1082 646 611 0 879 760 926 26 202 376 96 30 990 1091 988 505 863 357 845 647 991 918 784 206 729 819 772 644 750 950 8 763 1041 555 846 781 753 1043 563 67 844 115 106 678 739 808 589 780 570 915 857 315 687 764 1189 521 107 587 107 238 876 628 1123 73 914 772 706 47 628 689 765 30 271 79 383 684 1105 1089 766 576 742 587 689 666 716 509 725 586 973 951 761 602 422 600 121 649 11 1003 589 793 45 162 648 936 937 602 97 689 1149 21 966 629 248 777 39 712 303 480 778 571 460 34 110 571 31 683 752 85 42 783 661 601 759 528 863 1005 727 809 47 711 496 627 649 623 504 1084 913 1242 1178 868 150 1083 871 676 728 827 911 802 110 1195 25
535 592 633 1021 911 899 957 180 476 618 599 270 608 879 0 729 803 854 779 944 854 890 434 641 540 375 606 604 429 449 493 884 140 708 499 122 531 1002 199 876 871 142 922 954 429 604 722 506 527 817 733 836 832 327 178 71 397 609 415 457 41 564 468 954 676 594 792 883 859 738 95 489 792 852 135 516 508 904 1061 469 635 907 621 803 639 590 693 805 1079 1010 174 632 570 529 181 645 1077 967 652 332 539 983 738 617 761 1041 868 443 314 419 853 717 236 233 107 315 876 480 705 864 311 672 869 263 840 187 576 874 155 314 638 911 855 930 905 581 150 844 892 276 1065 1038 1080 367 107 545 310 840 832 187 557 1012 1020 544 933 577 90 749 799 180 796 800 605 220 168 53 527 132 769 791 857
225 212 187 419 182 170 289 767 261 402 436 512 180 760 729 0 166 738 559 506 671 789 456 418 369 577 193 444 337 298 408 185 593 574 230 785 206 363 535 203 757 601 289 373 338 137 9 457 279 705 88 649 656 416 567 689 391 131 386 365 689 633 265 243 522 269 659 278 664 523 649 268 383 690 855 220 222 745 443 264 100 784 701 699 393 149 406 339 388 419 570 189 165 212 716 259 406 363 273 503 195 370 341 184 671 406 755 462 709 322 773 679 585 576 836 493 681 253 454 739 536 135 552 467 734 579 635 359 577 563 311 790 660 336 789 157 732 677 737 456 427 434 393 686 632 384 420 111 736 580 318 385 381 221 392 453 681 549 447 572 610 334 201 566 593 714 302 598 691 471 756
363 214 173 533 206 186 387 871 332 566 368 624 336 926 803 166 0 904 724 657 836 955 448 336 335 714 198 607 377 418 386 100 676 739 325 877 280 467 623 74 923 690 133 501 377 213 173 422 426 870 90 814 821 520 659 774 518 210 518 373 763 790 374 307 428 429 825 412 829 689 713 398 245 855 936 294 329 910 548 373 199 949 860 864 557 283 304 193 450 538 662 350 292 338 822 423 483 485 202 523 276 486 506 343 836 507 921 449 836 384 939 843 697 613 909 614 846 363 349 905 556 300 714 543 899 678 793 507 660 690 475 955 825 464 954 290 833 843 902 529 524 546 458 821 699 344 510 155 902 679 474 493 483 362 530 392 740 437 312 630 776 189 200 672 689 797 297 676 856 341 922
603 847 856 585 806 814 666 726 747 359 1056 620 587 26 854 738 904 0 181 367 83 51 964 1065 963 480 839 331 819 621 965 898 758 181 704 796 747 631 724 929 20 737 1020 542 820 757 731 1017 537 40 822 98 88 652 713 783 563 756 544 889 832 291 662 748 1163 496 82 571 95 215 851 602 1099 58 891 747 680 59 619 664 741 56 249 53 358 660 1081 1065 754 566 716 563 665 641 692 486 714 574 949 924 736 590 402 576 95 638 18 977 566 767 44 138 623 910 913 575 90 664 1124 13 939 606 236 751 14 686 279 465 752 545 436 61 97 557 57 659 728 68 49 757 651 592 747 505 838 980 700 789 25 685 471 616 637 598 491 1058 888 1216 1154 842 129 1059 847 650 703 803 885 777 84 1171 20
439 679 685 435 627 634 496 683 590 200 896 520 414 202 779 559 724 181 0 236 114 231 819 901 804 411 669 188 669 471 812 717 664 85 544 745 583 471 620 749 199 648 840 383 670 586 552 865 379 151 643 91 97 526 618 709 433 584 413 737 751 266 507 573 1002 328 108 398 110 46 757 446 925 131 841 584 519 188 473 509 567 225 274 149 193 489 913 889 594 416 621 388 496 478 640 311 558 413 778 792 571 431 221 402 137 485 197 831 532 618 219 176 543 792 854 473 129 507 957 180 811 428 108 629 178 597 256 297 655 466 263 231 105 392 230 489 674 119 179 632 502 445 588 474 742 821 573 609 182 596 312 460 480 433 333 900 796 1051 982 732 52 883 677 561 615 732 725 681 155 1000 199
488 684 676 221 503 517 328 878 640 326 917 674 432 376 944 506 657 367 236 0 284 404 880 910 833 604 669 348 729 553 855 618 815 318 589 933 612 276 762 658 377 805 747 191 731 586 503 910 452 356 594 274 285 646 771 878 557 583 537 788 911 493 571 421 1014 382 324 254 272 250 904 516 890 309 1027 619 564 337 252 573 556 385 510 360 305 503 907 844 395 202 774 399 518 521 831 338 352 221 769 880 598 235 220 417 364 275 377 890 740 685 411 410 715 906 1032 629 279 566 954 360 905 408 135 747 372 758 485 150 803 646 320 390 270 217 393 507 863 301 336 745 286 226 387 685 887 850 686 512 381 757 400 256 278 480 143 928 943 1050 953 861 268 839 678 725 776 903 754 829 379 977 387
552 792 798 502 729 738 585 741 701 310 1008 606 528 96 854 671 836 83 114 284 0 126 926 1014 916 480 783 291 778 579 922 824 749 149 655 807 695 549 709 857 96 730 949 460 779 700 664 975 490 76 756 23 22 625 703 783 533 698 513 847 829 304 617 668 1114 441 67 491 13 156 842 556 1039 25 904 697 631 74 536 619 681 115 283 85 305 603 1026 1002 671 483 706 502 610 590 702 424 631 491 892 894 684 507 330 516 109 555 96 939 583 727 127 165 619 888 922 560 22 618 1071 77 912 541 153 727 88 678 293 384 741 541 377 121 14 475 121 603 738 18 66 731 568 509 664 522 828 933 673 716 98 677 423 533 554 546 409 1012 880 1165 1095 825 68 997 791 642 696 805 837 766 115 1114 103
654 898 907 624 855 863 711 756 797 409 1106 662 638 30 890 789 955 51 231 404 126 0 1012 1116 1013 518 890 381 868 670 1014 947 799 231 754 827 797 673 766 979 32 777 1070 585 870 808 782 1066 588 89 873 145 136 698 754 819 610 807 591 938 870 326 712 794 1213 547 133 617 137 266 890 652 1151 103 921 797 731 70 657 714 793 28 275 100 409 711 1131 1116 796 605 756 614 716 692 724 537 754 616 1000 971 787 632 452 627 140 678 34 1025 595 816 38 174 662 953 945 618 126 714 1175 51 985 657 278 796 59 726 314 510 793 584 487 27 140 601 20 710 760 115 68 802 690 630 788 535 878 1030 746 839 62 725 522 657 678 648 533 1108 927 1267 1205 884 179 1111 898 690 742 838 936 817 126 1222 37
393 249 285 858 620 602 743 569 240 619 165 406 449 990 434 456 448 964 819 880 926 1012 0 208 120 562 268 636 152 347 67 546 354 785 291 542 274 811 332 521 984 381 539 801 150 324 453 75 443 924 412 904 905 327 369 438 405 329 422 94 401 729 315 698 252 506 884 709 925 773 339 375 366 936 567 264 316 996 888 313 362 1019 805 913 628 383 260 388 844 854 369 482 366 359 535 544 861 800 255 101 288 811 664 463 873 855 981 13 616 201 983 850 458 203 528 432 945 317 271 970 127 485 867 254 954 403 738 755 344 503 573 1025 921 767 1021 377 528 924 985 241 878 874 849 635 331 119 280 548 950 404 508 831 830 402 804 145 350 324 365 260 859 385 262 421 401 453 157 344 889 357 975
463 227 235 836 538 518 701 769 322 707 47 579 492 1091 641 418 336 1065 901 910 1014 1116 208 0 116 723 240 735 274 454 150 433 554 885 362 747 319 778 522 397 1085 578 385 791 273 325 419 140 528 1026 343 992 995 483 561 642 539 328 552 210 608 866 408 633 104 574 983 696 1011 858 546 465 168 1028 775 319 385 1088 859 406 354 1118 943 1017 710 416 55 205 780 837 562 522 407 425 732 597 808 782 146 309 330 788 712 506 980 820 1083 199 799 322 1091 968 641 411 735 595 1030 404 68 1070 334 502 927 438 1057 593 873 768 542 672 639 1124 1007 754 1121 415 728 1016 1078 423 840 851 787 809 538 104 445 475 1056 594 594 801 795 469 807 75 557 151 158 465 948 203 232 605 594 658 183 545 998 150 1079
365 158 185 784 518 500 659 659 215 607 94 463 405 988 540 369 335 963 804 833 916 1013 120 116 0 607 176 631 158 345 54 434 443 782 260 640 225 732 409 406 983 467 420 732 157 251 368 90 427 923 311 893 896 367 448 535 426 255 439 94 504 754 301 604 202 479 881 638 913 760 445 361 252 929 675 221 285 988 811 299 286 1017 831 913 612 331 158 269 752 783 449 437 318 327 620 508 773 728 136 214 237 736 626 419 876 775 980 118 683 207 986 861 525 316 638 479 932 299 184 968 244 426 838 323 954 479 762 698 430 555 546 1022 909 697 1019 328 618 916 978 308 797 800 757 693 434 17 329 449 952 480 493 753 750 372 742 97 460 262 263 361 849 266 168 490 481 552 80 436 893 262 976
354 556 585 729 735 731 709 275 419 287 697 160 402 505 375 577 714 480 411 604 480 518 562 723 607 0 558 257 449 300 587 762 283 336 401 334 452 729 259 772 497 260 847 661 450 505 568 630 300 442 625 462 458 240 240 304 199 508 196 515 352 193 347 740 802 336 417 615 485 374 373 316 819 477 430 443 390 529 771 349 515 534 260 428 310 433 757 805 832 714 242 408 422 376 229 377 816 682 654 494 450 701 427 403 386 762 494 575 145 402 481 344 144 452 444 130 502 357 790 490 499 464 509 313 466 209 205 571 280 68 346 538 481 647 532 426 264 469 517 323 785 745 830 109 361 621 283 679 459 208 283 732 745 357 628 689 409 868 854 377 424 800 563 174 225 325 547 302 395 860 484
240 19 28 609 352 334 483 683 145 481 249 445 256 863 606 193 198 839 669 669 783 890 268 240 176 558 0 514 179 261 216 288 481 661 158 684 107 555 431 272 859 498 318 558 178 85 191 264 309 801 145 760 765 339 468 580 360 88 366 182 566 669 212 431 345 343 757 464 779 627 515 256 268 799 739 115 174 857 635 210 114 890 744 793 481 180 244 248 578 608 471 284 174 203 636 361 598 552 110 330 111 560 473 268 758 599 857 273 665 189 867 752 517 416 711 444 797 203 290 842 363 261 689 348 832 491 674 529 466 522 406 896 774 522 894 180 644 786 847 334 620 624 584 659 501 191 321 279 831 491 372 577 574 244 570 264 542 385 317 432 717 242 9 489 499 602 111 481 777 332 854
275 520 533 481 560 561 485 531 416 45 725 338 272 357 604 444 607 331 188 348 291 381 636 735 631 257 514 0 489 290 634 623 482 151 373 585 417 491 435 646 351 468 733 415 490 435 436 687 207 292 519 269 270 338 437 536 245 435 224 558 573 201 330 536 832 178 250 385 291 143 574 271 779 300 680 417 350 360 522 332 425 386 260 282 64 339 752 750 603 464 440 256 341 312 483 188 580 439 623 604 408 458 182 264 245 519 349 648 397 437 356 240 371 604 687 291 310 332 795 337 623 309 266 441 322 419 200 321 472 299 137 391 286 406 388 337 515 289 349 444 541 495 600 347 559 648 385 521 321 418 142 489 505 270 377 727 614 886 830 545 224 744 521 384 437 560 554 499 264 846 345
242 164 205 719 514 499 613 521 91 469 250 307 300 845 429 337 377 819 669 729 778 868 152 274 158 449 179 489 0 199 147 465 311 639 141 514 136 677 267 451 839 331 493 659 1 200 332 198 292 779 316 755 757 209 306 408 269 206 284 71 390 598 163 580 357 354 738 569 777 624 337 224 387 789 563 123 166 848 751 162 238 874 675 768 478 239 311 387 722 714 308 333 220 209 478 393 734 661 230 167 149 672 513 314 729 720 837 163 529 52 840 711 373 241 534 321 796 166 342 825 199 342 715 180 809 333 606 608 296 398 422 879 772 626 876 232 481 777 838 165 743 735 726 536 323 173 173 441 807 334 358 695 696 250 659 245 363 420 412 253 710 383 177 339 338 429 106 308 746 415 831
86 260 286 584 474 465 509 469 132 271 439 214 159 647 449 298 418 621 471 553 579 670 347 454 345 300 261 290 199 0 344 475 309 440 102 490 154 557 250 480 641 313 550 518 200 206 289 397 101 581 331 557 559 123 277 400 101 209 106 268 410 415 49 507 547 171 540 440 578 426 382 41 526 590 567 147 90 650 621 51 220 675 491 570 281 150 478 508 630 575 280 185 133 86 418 218 629 527 362 329 151 542 333 169 532 598 638 360 418 147 642 516 287 355 553 197 598 58 517 626 353 223 523 204 611 284 421 450 294 272 235 681 574 490 677 141 435 578 639 199 622 601 631 404 365 361 144 408 609 284 162 569 575 94 506 439 419 605 568 320 512 503 266 268 299 426 271 318 549 578 633
376 197 229 818 565 546 697 619 222 612 114 437 424 991 493 408 386 965 812 855 922 1014 67 150 54 587 216 634 147 344 0 485 404 784 271 597 244 768 374 458 985 429 473 764 145 282 406 55 433 925 356 899 901 347 412 492 415 287 431 76 459 744 305 647 215 491 884 671 920 767 398 366 302 933 627 237 296 993 847 303 319 1019 820 914 619 353 200 322 795 816 413 457 338 340 583 524 814 761 190 164 257 771 644 438 875 812 982 64 654 199 986 857 495 266 590 458 939 305 217 970 192 452 852 291 955 445 752 725 392 532 558 1025 916 729 1022 349 578 921 982 276 834 835 800 667 388 53 305 494 953 446 500 789 787 384 771 102 411 282 306 316 854 318 209 459 445 508 107 395 893 300 977
408 305 265 468 126 108 320 940 409 579 467 688 365 918 884 185 100 898 717 618 824 947 546 433 434 762 288 623 465 475 485 0 753 743 393 951 354 399 698 45 915 765 129 446 465 282 194 522 464 866 152 804 812 587 733 851 572 277 569 467 844 815 437 229 523 452 822 365 816 686 797 449 327 846 1015 369 391 897 477 435 257 939 881 862 567 329 399 272 364 476 736 370 343 390 890 434 401 426 302 617 348 424 496 368 838 435 914 547 891 465 935 851 761 704 991 672 832 424 442 897 650 314 691 622 895 749 817 469 737 745 486 945 812 411 945 337 903 833 890 609 449 479 372 870 782 443 583 109 898 749 502 425 412 405 482 492 826 526 393 716 769 268 291 739 761 875 392 755 858 423 916
395 470 509 883 774 762 817 216 344 491 516 144 468 784 140 593 676 758 664 815 749 799 354 554 443 283 481 482 311 309 404 753 0 600 363 203 399 862 59 747 777 29 799 816 312 471 585 429 388 720 601 729 726 187 46 99 261 476 280 352 101 476 329 815 606 456 690 744 753 621 93 349 691 750 263 384 371 805 922 330 500 814 543 706 511 451 601 697 939 872 43 492 432 390 181 507 937 828 541 260 406 844 604 477 664 902 774 366 278 292 763 625 141 186 245 191 770 342 620 768 252 532 748 133 745 74 488 738 16 215 503 818 748 791 813 442 175 740 793 147 926 900 940 314 79 452 172 704 738 75 421 872 880 403 796 498 132 678 706 107 687 692 481 109 60 122 415 18 675 703 764
424 669 680 506 664 669 552 604 567 180 876 457 413 206 708 574 739 181 85 318 149 231 785 885 782 336 661 151 639 440 784 743 600 0 524 668 567 536 560 771 201 582 861 450 640 581 566 837 357 141 654 130 127 477 554 637 386 580 367 709 682 181 481 621 983 320 100 451 153 73 693 421 925 154 764 567 500 212 546 483 568 235 192 132 183 484 902 893 657 488 557 392 488 462 562 316 625 479 771 748 557 497 255 403 98 554 198 797 450 587 206 111 472 740 779 411 171 483 945 186 765 439 194 578 172 530 171 359 592 395 265 240 148 453 237 482 597 143 201 583 572 518 652 391 679 799 525 637 170 529 291 527 546 419 402 877 732 1037 977 675 88 887 669 494 548 660 705 617 117 994 194
106 158 185 581 412 400 484 547 51 346 353 299 159 729 499 230 325 704 544 589 655 754 291 362 260 401 158 373 141 102 271 393 363 524 0 559 52 543 307 392 724 373 456 520 142 112 223 326 166 665 243 633 636 195 340 460 202 117 208 200 458 514 53 463 459 220 622 432 653 500 419 104 424 668 626 45 25 728 615 51 137 757 590 655 351 103 382 406 598 575 343 192 82 69 498 254 606 523 261 302 50 536 374 173 618 586 721 301 513 104 729 607 372 357 606 290 672 45 423 708 332 204 581 236 695 356 520 467 347 368 287 763 648 488 760 95 510 656 718 226 610 598 601 503 402 277 191 341 694 356 233 559 562 113 518 357 452 513 467 344 588 401 164 347 368 485 182 367 636 479 718
574 672 712 1035 964 953 987 73 545 608 706 283 643 819 122 785 877 796 745 933 807 827 542 747 640 334 684 585 514 490 597 951 203 668 559 0 598 1023 254 947 811 187 1001 966 514 669 776 616 552 761 800 792 786 369 219 106 417 674 432 552 143 506 519 995 789 611 742 905 814 708 206 527 891 802 97 584 563 850 1075 521 696 847 552 747 631 639 796 898 1111 1022 216 662 620 576 105 661 1104 983 743 442 604 1000 739 650 707 1060 808 552 233 494 789 658 222 347 120 319 829 532 812 807 424 709 843 336 782 206 518 881 218 287 645 850 810 946 844 630 71 795 838 350 1084 1051 1111 292 211 648 368 896 773 206 567 1030 1041 581 940 686 210 862 902 282 755 894 684 226 192 89 617 206 713 897 796
144 107 133 585 386 372 477 591 56 388 314 345 181 772 531 206 280 747 583 612 695 797 274 319 225 452 107 417 136 154 244 354 399 567 52 598 0 542 344 349 767 412 409 527 136 73 199 298 210 708 203 673 676 240 380 497 254 78 259 180 491 564 105 446 419 255 665 436 692 539 447 152 373 709 661 15 69 769 617 103 106 799 640 699 391 110 335 355 587 581 383 214 94 106 542 283 598 527 210 303 14 539 402 195 663 585 764 283 562 116 773 653 418 370 638 340 711 96 378 751 335 211 614 268 738 398 570 482 383 418 322 805 688 493 802 105 553 697 759 256 608 602 590 554 431 242 230 313 738 399 276 560 561 150 530 321 478 470 418 368 629 349 112 392 409 521 145 401 681 431 761
472 574 550 71 273 291 80 984 588 450 798 742 398 644 1002 363 467 631 471 276 549 673 811 778 732 729 555 491 677 557 768 399 862 536 543 1023 542 0 804 443 644 861 524 89 677 488 364 819 475 613 435 534 545 676 825 945 608 482 592 717 963 682 551 172 879 412 575 118 537 464 938 515 713 573 1109 554 523 609 81 551 450 656 722 615 428 441 760 660 123 83 828 371 461 489 932 362 90 58 632 843 528 41 309 387 608 44 644 819 874 646 675 644 801 898 1102 704 547 541 807 626 874 341 396 759 634 823 678 177 847 749 384 661 535 85 664 448 958 563 606 752 67 80 117 830 921 746 701 312 642 823 457 27 19 463 140 816 975 899 779 875 516 656 563 798 841 972 661 873 626 808 651
336 421 459 825 716 705 758 254 291 441 488 104 409 750 199 535 623 724 620 762 709 766 332 522 409 259 431 435 267 250 374 698 59 560 307 254 344 804 0 694 742 67 748 758 268 416 527 406 331 684 547 689 687 128 39 153 206 421 225 316 160 449 271 756 583 399 653 686 712 576 142 290 652 711 320 330 313 768 864 272 444 780 519 671 460 393 567 654 880 815 41 433 373 331 212 450 879 770 497 247 351 786 549 418 629 844 740 345 285 242 731 593 130 193 303 149 730 284 590 733 246 473 700 87 711 71 460 682 44 192 448 784 708 733 779 384 214 702 756 102 868 842 881 309 125 419 115 647 705 72 366 814 822 345 740 473 181 654 672 119 646 649 432 92 72 178 372 69 641 670 730
419 288 247 512 171 152 364 939 403 603 433 690 382 950 876 203 74 929 749 658 857 979 521 397 406 772 272 646 451 480 458 45 747 771 392 947 349 443 694 0 947 761 91 489 451 280 211 492 478 897 149 836 844 587 729 845 579 275 577 447 835 836 439 274 484 472 852 406 850 716 787 457 284 878 1008 363 393 930 522 437 260 972 903 892 593 339 360 229 408 520 732 391 350 397 890 459 445 469 272 597 344 467 528 387 867 479 946 522 898 456 966 878 763 687 982 677 866 427 402 929 630 337 727 614 926 747 838 509 731 752 511 978 846 454 978 346 902 866 924 601 494 523 416 880 772 414 580 146 929 748 520 470 457 416 524 459 814 484 350 704 801 225 275 739 758 869 371 748 887 380 948
623 867 876 596 823 831 680 741 767 378 1076 639 607 8 871 757 923 20 199 377 96 32 984 1085 983 497 859 351 839 641 985 915 777 201 724 811 767 644 742 947 0 755 1038 555 840 777 750 1037 557 60 841 113 104 671 732 800 583 776 564 909 850 307 682 763 1183 516 102 586 107 234 869 622 1119 72 906 767 700 53 629 684 761 37 263 72 378 680 1100 1084 767 577 734 583 685 661 708 505 726 587 968 944 756 603 419 595 114 650 3 997 581 787 39 154 641 929 929 594 98 684 1144 19 959 625 248 770 31 704 295 480 771 563 455 41 110 571 37 679 744 83 47 776 663 603 759 520 856 1000 720 807 39 703 491 628 649 617 504 1078 906 1236 1174 861 147 1079 866 668 721 819 905 795 102 1191 17
398 487 526 880 782 771 819 192 358 480 541 130 470 763 142 601 690 737 648 805 730 777 381 578 467 260 498 468 331 313 429 765 29 582 373 187 412 861 67 761 755 0 815 812 331 483 593 455 386 699 614 711 708 190 36 87 256 488 274 375 106 453 337 819 633 452 670 743 734 606 114 352 713 730 255 397 379 784 919 338 510 792 518 685 500 458 625 717 941 868 33 492 439 395 155 503 938 825 561 288 418 842 596 479 643 900 752 393 250 308 741 603 116 214 242 177 752 349 645 747 280 535 734 151 724 51 465 733 37 193 497 796 730 788 791 448 151 721 772 166 924 897 942 286 102 476 182 713 717 52 415 871 879 406 791 524 151 705 730 136 669 713 498 88 35 113 435 45 653 728 742
496 330 290 594 251 235 445 999 459 691 426 754 466 1041 922 289 133 1020 840 747 949 1070 539 385 420 847 318 733 493 550 473 129 799 861 456 1001 409 524 748 91 1038 815 0 575 492 345 297 499 558 988 222 928 935 649 785 897 651 342 651 476 882 920 506 352 457 558 943 494 941 807 830 531 242 969 1056 422 461 1022 600 504 332 1063 989 983 681 416 339 189 475 602 788 477 425 471 951 547 516 553 285 624 407 550 619 472 957 557 1037 538 968 507 1057 967 828 720 1027 746 957 495 374 1020 657 424 819 666 1017 806 922 599 784 822 599 1069 937 540 1069 423 960 957 1015 652 570 604 484 954 816 424 637 236 1020 807 604 550 536 494 611 454 854 444 302 746 891 188 318 801 816 920 401 798 977 334 1038
437 575 557 68 325 340 138 923 568 377 806 688 366 555 954 373 501 542 383 191 460 585 801 791 732 661 558 415 659 518 764 446 816 450 520 966 527 89 758 489 555 812 575 0 660 483 371 817 428 524 454 445 456 632 776 894 557 478 539 707 916 601 520 234 894 360 486 95 448 377 896 477 743 485 1055 538 498 520 110 520 446 568 637 526 354 420 778 694 212 57 779 335 439 459 872 309 176 31 645 822 513 48 235 353 519 106 555 810 806 623 586 556 744 869 1052 648 459 511 826 537 852 317 307 721 545 771 596 94 802 687 321 573 446 37 576 427 900 474 518 716 126 85 205 759 879 748 662 348 553 771 399 77 97 428 51 822 934 921 809 838 427 689 566 744 789 921 657 827 537 836 563
243 164 205 719 514 499 613 522 92 470 249 309 301 846 429 338 377 820 670 731 779 870 150 273 157 450 178 490 1 200 145 465 312 640 142 514 136 677 268 451 840 331 492 660 0 201 332 197 293 781 316 757 759 210 307 409 271 207 286 69 390 600 165 581 355 355 740 570 778 625 338 225 386 790 564 123 167 850 752 163 238 875 676 770 479 240 309 386 723 714 309 334 221 210 479 394 735 661 230 167 150 673 514 315 731 721 838 162 531 53 841 712 374 241 534 322 797 167 340 826 199 342 717 181 811 334 607 609 297 399 423 881 774 627 877 233 482 778 839 166 744 736 726 537 324 172 174 441 808 335 359 695 696 252 660 244 363 419 411 254 712 382 176 340 339 430 105 309 748 413 833
165 98 99 536 315 300 419 659 129 400 330 411 171 781 604 137 213 757 586 586 700 808 324 325 251 505 85 435 200 206 282 282 471 581 112 669 73 488 416 280 777 483 345 483 201 0 132 334 234 720 131 677 682 307 450 569 307 6 309 231 563 599 161 380 429 261 675 389 695 544 519 191 344 716 734 88 116 774 565 159 39 808 673 712 399 97 329 316 524 534 454 200 95 133 610 276 538 479 193 366 65 489 388 184 678 531 775 331 623 188 787 675 484 440 711 401 714 150 375 760 399 178 604 341 750 468 604 448 455 477 322 813 691 447 812 99 622 703 764 328 554 553 528 610 504 267 301 242 750 468 294 508 506 167 491 343 550 470 397 440 634 310 93 460 479 593 175 474 697 414 773
216 210 187 419 189 177 291 758 254 394 435 504 171 753 722 9 173 731 552 503 664 782 453 419 368 568 191 436 332 289 406 194 585 566 223 776 199 364 527 211 750 593 297 371 332 132 0 455 270 697 93 642 649 407 559 681 382 126 377 361 681 624 257 248 523 261 652 277 657 516 641 259 388 683 847 214 214 738 444 256 94 777 692 691 385 140 408 344 392 419 562 180 157 203 708 251 409 363 274 498 188 370 335 176 663 407 748 459 700 315 766 671 576 570 828 484 675 245 456 732 531 127 547 459 726 571 626 356 569 554 303 783 653 335 782 149 724 670 730 448 429 434 397 677 625 382 412 119 729 571 309 386 382 212 389 453 674 552 451 565 603 339 199 557 584 706 299 590 683 474 749
431 246 274 870 608 589 747 643 276 666 94 476 479 1043 506 457 422 1017 865 910 975 1066 75 140 90 630 264 687 198 397 55 522 429 837 326 616 298 819 406 492 1037 455 499 817 197 334 455 0 487 977 400 953 955 392 443 512 464 339 480 128 474 791 358 694 178 545 936 723 974 820 412 419 305 986 638 291 351 1046 898 357 371 1072 868 966 673 408 194 334 841 868 444 512 392 394 610 579 862 813 220 174 312 822 698 493 927 862 1035 63 689 250 1038 908 531 274 598 500 993 359 199 1023 196 506 907 326 1007 476 800 779 419 573 613 1077 969 781 1074 403 602 974 1035 313 884 886 847 706 404 78 347 538 1005 478 553 840 837 439 824 71 420 249 297 334 908 331 257 494 475 526 159 419 944 286 1029
69 314 330 495 436 431 436 519 212 180 519 269 102 563 527 279 426 537 379 452 490 588 443 528 427 300 309 207 292 101 433 464 388 357 166 552 210 475 331 478 557 386 558 428 293 234 270 487 0 498 336 467 470 204 350 471 134 235 121 359 489 367 129 449 626 71 455 356 487 334 469 68 576 502 635 209 143 562 534 131 231 591 439 489 186 144 545 550 559 484 354 113 140 106 467 121 553 440 417 430 201 456 232 104 453 514 555 455 437 243 563 444 333 455 628 236 506 129 588 542 454 166 424 298 529 349 370 354 374 295 134 596 483 402 593 139 490 490 551 295 538 512 559 410 452 443 237 379 528 349 67 484 493 67 411 523 507 679 625 415 422 544 316 325 366 497 348 400 471 639 551
564 809 819 570 778 785 644 692 708 320 1017 581 550 67 817 705 870 40 151 356 76 89 924 1026 923 442 801 292 779 581 925 866 720 141 665 761 708 613 684 897 60 699 988 524 781 720 697 977 498 0 787 82 70 611 674 746 523 719 504 849 794 255 622 723 1124 459 45 547 89 181 812 563 1063 54 857 708 641 88 605 624 705 96 220 14 321 623 1042 1029 736 551 677 527 627 603 657 450 698 555 911 884 698 572 371 539 56 623 57 937 532 727 69 104 585 870 878 536 91 624 1086 49 899 571 221 711 30 647 243 443 713 507 400 101 89 536 97 621 693 58 77 717 637 578 729 471 799 940 660 759 32 646 432 599 620 559 473 1019 849 1178 1117 802 100 1023 809 611 664 766 846 738 49 1133 53
273 163 127 495 208 190 358 791 257 479 365 541 247 844 733 88 90 822 643 594 756 873 412 343 311 625 145 519 316 331 356 152 601 654 243 800 203 435 547 149 841 614 222 454 316 131 93 400 336 787 0 734 740 438 582 700 431 127 430 326 692 700 290 294 444 341 742 361 749 607 646 309 295 775 864 217 244 830 517 288 111 869 770 781 471 194 325 251 442 498 585 263 203 250 741 338 467 442 197 474 196 447 427 255 751 477 839 416 749 314 856 756 614 557 840 528 767 277 373 823 507 216 640 470 817 599 703 446 586 603 390 874 745 417 873 200 754 762 822 457 497 510 448 733 631 323 432 138 819 599 385 459 453 272 476 386 675 467 359 565 694 246 150 590 610 724 255 604 772 384 839
529 770 776 489 710 718 568 726 679 287 986 587 506 115 836 649 814 98 91 274 23 145 904 992 893 462 760 269 755 557 899 804 729 130 633 792 673 534 689 836 113 711 928 445 757 677 642 953 467 82 734 0 12 603 684 766 512 675 491 824 811 291 594 650 1091 418 59 473 23 133 823 534 1016 42 888 674 608 97 524 596 659 136 275 87 282 580 1004 980 657 470 686 480 587 567 687 402 618 476 870 873 662 493 309 494 103 542 113 916 569 704 141 158 601 868 905 540 41 595 1048 95 890 519 140 706 100 660 280 367 722 523 354 142 19 459 141 580 722 30 88 710 556 497 650 509 808 910 651 695 108 659 400 519 540 523 394 989 861 1142 1073 804 45 974 768 624 677 787 814 747 113 1091 118
532 774 781 501 719 727 578 720 681 290 989 584 511 106 832 656 821 88 97 285 22 136 905 995 896 458 765 270 757 559 901 812 726 127 636 786 676 545 687 844 104 708 935 456 759 682 649 955 470 70 740 12 0 603 681 761 511 680 491 826 807 284 597 660 1095 422 49 483 28 137 820 536 1022 34 882 677 612 92 536 599 664 128 265 76 285 585 1008 986 668 481 683 485 591 571 681 407 629 487 874 873 665 504 317 499 93 553 103 918 562 706 131 148 597 866 900 538 44 598 1052 85 890 525 151 705 89 656 273 377 719 519 359 134 25 470 134 584 716 22 83 709 567 508 661 502 805 913 651 703 97 655 403 530 551 527 405 992 858 1146 1078 803 48 980 773 620 674 783 817 744 102 1096 108
209 333 368 699 594 584 630 353 194 335 457 106 281 678 327 416 520 652 526 646 625 698 327 483 367 240 339 338 209 123 347 587 187 477 195 369 240 676 128 587 671 190 649 632 210 307 407 392 204 611 438 603 603 0 154 277 93 311 114 275 288 402 151 630 561 274 575 558 626 481 265 162 587 631 444 228 196 689 737 152 330 708 478 599 351 270 519 579 752 688 157 305 251 207 304 325 750 643 424 273 243 659 429 290 558 716 668 340 327 165 666 530 178 267 431 112 645 163 550 659 288 345 596 104 640 163 412 557 172 190 328 712 622 606 708 260 317 620 678 106 740 716 753 329 248 381 49 527 636 164 246 687 694 217 615 449 303 627 618 215 559 574 342 153 177 303 309 197 572 622 661
362 458 497 844 747 736 782 216 327 447 526 98 434 739 178 567 659 713 618 771 703 754 369 561 448 240 468 437 306 277 412 733 46 554 340 219 380 825 39 729 732 36 785 776 307 450 559 443 350 674 582 684 681 154 0 123 220 455 238 355 141 433 302 783 620 416 645 706 707 575 139 315 691 704 290 366 345 759 883 303 477 769 500 661 467 422 606 693 905 832 4 456 404 360 173 467 901 789 536 281 385 806 561 442 619 864 729 381 250 280 718 580 102 218 278 145 724 314 629 723 277 499 703 126 700 36 444 697 40 172 461 773 702 752 768 413 176 695 747 141 888 860 905 279 125 458 150 678 693 37 379 834 843 370 755 510 178 691 710 140 641 688 469 66 33 149 411 64 630 709 719
485 568 608 962 869 858 905 136 443 552 602 207 557 808 71 689 774 783 709 878 783 819 438 642 535 304 580 536 408 400 492 851 99 637 460 106 497 945 153 845 800 87 897 894 409 569 681 512 471 746 700 766 761 277 123 0 338 574 355 446 58 493 424 906 688 535 721 827 789 668 112 438 785 781 167 483 467 833 1002 425 597 837 551 732 573 545 691 792 1027 951 120 578 526 483 121 586 1023 909 637 339 504 926 674 565 690 984 797 449 249 391 782 646 166 249 157 250 805 436 708 793 324 622 800 232 769 123 505 813 114 243 576 840 785 871 834 536 98 773 821 246 1008 979 1028 299 112 542 269 800 761 123 496 954 963 493 872 583 130 760 797 179 726 788 580 153 105 26 511 100 698 792 786
167 359 387 624 560 553 570 386 224 242 519 134 229 589 397 391 518 563 433 557 533 610 405 539 426 199 360 245 269 101 415 572 261 386 202 417 254 608 206 579 583 256 651 557 271 307 382 464 134 523 431 512 511 93 220 338 0 310 21 340 361 329 149 581 626 197 485 489 534 388 347 123 623 540 502 245 191 599 664 151 320 619 406 511 259 243 568 608 694 613 223 246 229 182 334 248 687 571 458 362 251 587 343 235 470 646 580 418 319 219 579 446 200 360 495 104 553 159 605 570 379 295 503 197 552 216 337 477 248 173 243 624 530 533 620 235 356 529 587 199 670 641 694 303 330 441 140 498 548 216 160 616 626 172 536 515 386 688 661 305 467 602 365 191 233 364 358 274 486 670 573
166 102 100 531 309 295 413 664 134 400 334 415 170 780 609 131 210 756 584 583 698 807 329 328 255 508 88 435 206 209 287 277 476 580 117 674 78 482 421 275 776 488 342 478 207 6 126 339 235 719 127 675 680 311 455 574 310 0 312 236 569 601 165 374 432 260 674 384 693 543 525 193 345 714 739 93 120 772 560 163 33 807 674 711 398 96 331 316 518 529 458 197 95 134 615 275 533 474 195 372 70 484 385 182 677 526 774 337 626 194 786 674 488 445 716 404 712 153 377 759 405 174 601 346 749 472 605 444 460 481 321 812 689 442 810 98 627 701 763 334 548 547 522 613 509 271 306 236 749 473 294 502 501 168 487 347 556 473 398 446 633 310 96 464 484 598 180 479 697 416 772
