NAME : X-n176-k26_SARP
COMMENT : Curated from VRPLIB to SARP
TYPE : SARP
DIMENSION : 175
EDGE_WEIGHT_TYPE : EXPLICIT
EDGE_WEIGHT_FORMAT : FULL_MATRIX
EDGE_WEIGHT_SECTION
0 696 894 939 977 1229 657 107 499 199 760 770 701 329 1100 465 29 1287 868 1228 524 992 768 736 317 361 546 956 759 1127 827 941 966 630 636 704 394 278 705 506 787 514 1279 1073 776 688 893 1166 928 866 526 669 655 467 888 1112 425 917 571 894 956 530 811 1033 1161 687 905 1145 491 808 1241 1005 1079 1107 937 1191 1336 1201 891 812 516 623 456 829 1192 977 781 762 721 282 565 286 1066 605 983 194 434 902 746 563 1189 963 1033 751 1091 1246 993 837 775 937 517 1191 208 247 907 689 898 622 930 463 854 405 257 1136 771 1127 973 331 794 752 1005 360 807 1242 1004 213 738 245 738 713 1010 643 619 179 814 492 492 643 837 868 595 1320 964 538 338 571 938 1114 231 233 639 1015 241 627 1201 1034 588 967 804 788 560 557 845 1025 936
696 0 307 1016 645 773 414 643 203 498 535 110 260 369 765 608 669 753 761 670 570 756 217 377 384 395 750 347 160 770 448 385 415 71 86 517 306 420 191 193 190 511 810 503 839 732 977 555 595 182 198 589 628 399 961 704 276 825 530 616 328 436 847 664 709 211 928 619 563 151 791 504 527 800 851 573 811 710 774 845 286 86 698 156 637 289 247 640 764 423 171 425 709 787 347 503 597 310 130 485 759 332 368 869 811 817 314 456 87 866 243 690 490 676 214 475 321 137 734 239 582 596 537 584 95 638 328 613 322 518 596 349 745 734 756 503 653 613 374 638 516 595 390 520 460 208 209 551 674 413 152 831 987 278 384 617 924 646 609 528 73 945 506 88 691 621 524 582 862 747 468 183 254 460 251
894 307 0 891 400 471 341 814 471 711 391 359 202 575 499 631 865 447 601 367 565 535 126 245 620 537 743 65 430 495 244 80 110 366 390 407 513 623 189 420 123 517 505 200 741 656 862 274 361 336 486 505 555 465 843 418 526 658 501 407 80 446 736 398 410 207 794 313 576 163 489 206 221 541 682 298 505 404 607 732 381 320 727 177 333 222 114 510 677 659 340 608 441 759 107 704 636 9 182 465 463 88 182 791 562 518 403 247 240 700 377 384 690 791 233 374 18 287 537 449 388 649 671 279 219 334 111 698 140 378 323 538 612 427 528 681 539 735 240 535 219 527 350 717 269 470 427 480 510 169 312 525 844 360 555 588 774 346 737 679 307 767 663 390 384 342 485 323 758 624 453 344 55 154 353
939 1016 891 0 561 790 603 839 986 921 504 1124 771 881 578 508 922 939 295 950 492 433 855 666 952 765 393 935 1175 614 647 856 851 1013 1044 505 883 881 842 918 903 542 832 905 186 297 47 1015 567 1163 1035 428 393 668 57 680 965 252 502 504 965 601 169 612 758 815 99 863 517 976 787 788 879 541 237 1040 951 831 296 171 759 945 485 1007 927 1110 834 386 261 962 869 835 601 334 987 887 538 899 928 545 736 972 1064 189 501 759 1269 646 1023 217 810 841 885 692 1099 546 877 882 389 890 510 563 735 899 999 801 998 622 763 519 664 849 281 876 450 831 365 705 671 378 780 425 626 883 623 976 905 466 383 727 875 883 75 756 815 433 134 766 721 770 951 207 783 1035 860 672 502 632 158 273 561 858 893 884 1208
977 645 400 561 0 277 329 875 728 848 219 730 396 736 130 554 950 397 274 392 478 142 431 289 804 640 589 421 797 151 200 337 322 679 711 275 696 768 457 656 470 469 327 351 466 433 546 456 54 729 764 338 378 519 526 149 751 309 417 90 455 448 444 64 222 444 464 303 508 539 283 237 322 156 326 480 425 288 267 439 522 611 625 563 368 616 402 268 432 835 574 732 89 573 470 825 577 404 520 415 226 460 542 530 166 277 803 191 609 347 556 292 815 784 633 288 382 549 173 658 125 603 720 338 584 243 487 677 324 226 103 692 321 336 132 780 306 750 291 322 227 370 372 832 195 722 653 349 210 239 560 377 498 504 684 457 429 210 760 745 608 394 741 705 311 112 397 80 470 344 418 569 427 339 752
1229 773 471 790 277 0 572 1131 908 1082 487 830 573 958 212 826 1201 159 531 211 750 362 563 500 1019 877 866 452 901 176 405 391 361 826 853 541 908 996 612 843 584 734 51 303 729 707 784 348 313 795 934 613 654 763 766 128 948 547 685 367 483 701 701 213 69 612 700 179 778 634 18 269 269 251 556 359 161 81 518 696 738 768 901 646 212 634 535 544 704 1054 757 966 201 848 482 1063 848 470 644 677 55 484 529 794 291 58 828 394 711 576 761 105 1052 1052 681 545 455 717 422 857 398 873 975 231 690 137 505 944 477 490 225 914 587 103 345 1023 582 1013 499 599 257 645 610 1072 415 904 845 621 482 384 736 100 718 718 915 732 656 129 1022 997 759 594 989 851 118 195 665 263 728 611 677 756 521 330 794
657 414 341 603 329 572 0 559 428 519 137 521 172 408 458 298 630 639 351 592 227 388 264 100 477 311 402 401 574 480 173 346 360 420 452 104 373 438 240 354 311 185 621 459 431 330 566 569 277 561 471 180 226 192 549 455 436 416 161 259 421 131 436 380 504 212 513 503 242 381 584 365 453 476 442 596 685 547 367 433 201 350 391 412 557 535 250 227 358 507 284 403 416 420 448 497 308 350 327 128 532 428 522 470 471 590 674 182 421 455 244 539 486 493 508 62 333 284 346 344 217 327 404 504 397 475 451 389 201 121 347 364 330 590 394 453 239 447 105 225 368 194 42 504 158 420 347 147 270 233 282 663 573 187 354 247 510 459 455 425 353 537 417 444 551 377 145 310 452 332 120 275 321 416 611
107 643 814 839 875 1131 559 0 458 173 657 728 617 275 997 359 85 1194 762 1138 417 887 691 642 287 277 445 878 727 1024 731 857 880 583 594 601 338 227 629 450 714 409 1180 987 673 582 792 1084 827 820 493 563 548 371 787 1011 386 811 466 791 881 430 706 932 1063 608 801 1054 384 742 1142 913 991 1002 831 1110 1242 1105 785 708 433 565 354 766 1102 916 701 656 616 261 498 219 964 504 909 150 327 823 678 460 1089 888 963 650 986 1146 951 740 718 831 442 1096 162 150 850 588 817 554 824 404 751 298 156 1047 710 1032 900 225 707 649 906 296 701 1148 899 140 632 139 645 606 918 537 523 133 717 450 435 537 731 777 527 1223 861 455 266 465 833 1018 124 137 581 909 152 584 1107 935 484 868 700 682 457 489 768 939 891
499 203 471 986 728 908 428 458 0 300 564 271 338 185 857 514 474 914 772 837 501 812 353 439 183 255 660 523 269 870 530 540 570 134 137 528 133 231 297 74 348 446 950 670 801 689 943 738 675 367 50 570 596 320 929 819 74 836 484 676 512 386 819 762 840 297 909 774 483 340 924 643 688 883 863 759 970 855 790 817 233 152 591 353 802 492 377 644 726 221 154 250 805 708 535 311 494 477 292 443 884 517 566 817 886 944 495 541 289 873 185 838 298 518 417 489 482 191 774 97 636 484 379 747 291 780 518 478 431 548 705 181 739 886 816 323 645 456 437 624 654 565 390 328 534 11 83 530 697 526 173 979 972 242 223 558 917 780 448 361 166 957 337 128 842 733 486 681 828 734 427 159 416 623 437
199 498 711 921 848 1082 519 173 300 0 640 572 528 136 976 414 173 1124 790 1059 448 888 585 582 119 208 537 772 563 999 677 765 792 432 438 587 201 89 522 309 599 418 1129 898 742 639 875 986 796 667 329 578 578 330 866 971 226 847 474 773 769 406 771 898 1013 507 868 981 417 614 1095 841 908 990 870 1009 1176 1045 812 772 346 427 447 634 1023 781 601 670 675 88 375 116 935 595 796 35 383 719 554 453 1046 776 841 734 980 1105 795 688 578 874 336 1033 37 285 710 563 717 431 832 269 731 359 188 966 575 970 784 307 625 628 860 174 737 1084 897 91 654 239 583 628 848 558 477 45 669 294 297 544 741 707 404 1167 931 368 167 505 892 960 224 152 443 957 139 429 1041 890 488 826 771 722 444 369 660 850 738
760 535 391 504 219 487 137 657 564 640 0 637 277 537 341 340 733 582 227 552 263 253 354 164 608 433 398 441 695 368 154 367 370 549 581 56 506 564 349 490 401 250 537 450 350 273 472 565 174 665 607 137 186 309 453 361 572 290 199 135 468 234 345 278 424 325 408 459 291 475 496 338 434 351 316 592 620 479 239 341 337 478 419 505 520 607 332 119 289 636 418 525 307 397 492 614 361 399 432 197 440 475 570 402 341 494 767 157 528 332 381 476 605 566 595 79 379 412 210 481 94 386 503 474 503 416 501 459 260 17 269 494 223 526 260 566 149 531 169 149 335 167 177 620 129 556 483 135 139 237 414 584 463 324 480 251 395 391 542 529 480 410 526 574 492 296 179 228 366 233 200 410 390 416 707
770 110 359 1124 730 830 521 728 271 572 637 0 360 453 844 717 745 789 864 702 680 848 300 476 454 495 859 383 71 846 538 439 468 148 134 623 393 501 289 285 261 622 862 542 948 841 1086 572 682 98 247 697 737 508 1069 773 346 927 640 710 356 546 956 743 769 313 1034 665 673 198 847 564 570 882 954 586 848 760 876 953 395 193 806 183 672 264 328 745 873 490 279 514 787 897 368 582 705 360 212 595 821 358 366 979 897 877 223 546 122 969 350 739 569 773 185 580 376 247 831 332 677 703 633 623 146 693 346 716 408 620 670 439 851 778 847 590 760 710 472 745 577 705 499 599 553 279 301 660 776 493 261 878 1094 388 477 727 1029 705 705 621 182 1047 598 144 737 694 634 662 971 853 578 291 314 504 167
701 260 202 771 396 573 172 617 338 528 277 360 0 395 522 438 672 598 504 531 378 498 96 117 450 340 561 267 420 533 196 241 265 284 316 267 339 439 71 271 141 325 618 372 602 502 735 467 344 391 370 351 397 262 718 480 374 567 320 358 277 250 605 426 505 49 679 455 384 209 589 317 381 553 594 493 651 526 516 602 185 215 535 241 495 369 91 388 530 487 185 418 469 585 305 516 440 211 156 279 547 285 372 641 560 607 502 206 252 609 193 511 503 589 337 225 202 153 474 284 322 451 471 438 228 450 302 496 98 261 366 354 494 561 499 487 406 533 114 394 325 365 164 528 205 333 271 318 416 190 166 650 736 163 365 410 671 446 536 480 213 687 465 310 518 395 308 343 623 499 265 183 165 324 439
329 369 575 881 736 958 408 275 185 136 537 453 395 0 866 379 302 993 712 925 390 790 449 459 73 117 520 636 455 886 555 631 658 308 319 488 65 51 386 177 463 346 1005 764 697 587 836 850 683 545 225 498 509 234 824 852 118 772 398 666 633 313 721 782 889 371 816 850 364 479 972 711 775 883 797 873 1046 917 732 720 219 294 439 500 890 648 465 586 624 99 238 66 821 574 659 135 353 583 418 367 925 640 705 700 877 984 675 566 447 804 202 904 121 336 579 459 581 295 739 134 624 336 200 833 442 842 647 312 493 524 738 44 666 955 798 138 577 275 460 552 719 484 365 151 550 177 163 460 652 578 268 1040 880 240 66 450 833 834 266 178 311 889 155 309 912 768 407 706 725 655 355 232 524 716 616
1100 765 499 578 130 212 458 997 857 976 341 844 522 866 0 664 1074 363 326 388 591 153 548 418 934 769 681 507 913 37 327 427 405 803 833 396 826 897 580 785 583 588 255 402 523 514 573 490 184 834 892 446 479 646 554 113 881 336 534 206 542 573 494 101 186 569 488 315 622 649 210 307 368 48 344 509 373 259 310 489 652 736 728 670 373 704 519 363 506 965 702 860 58 656 552 953 690 501 637 537 158 546 617 589 85 187 896 316 722 364 686 273 943 899 731 414 481 675 218 788 247 717 843 363 698 249 571 792 443 350 176 822 386 301 135 906 399 869 420 419 294 477 501 959 323 850 782 463 292 352 687 307 507 634 813 562 444 214 880 870 731 384 866 829 292 159 515 183 520 411 541 697 534 405 850
465 608 631 508 554 826 298 359 514 414 340 717 438 379 664 0 443 918 404 881 77 540 534 398 447 267 147 694 749 696 460 643 657 579 606 286 393 374 489 457 575 114 877 755 328 227 462 866 513 784 564 219 193 209 452 700 476 452 145 464 710 188 358 615 764 459 454 788 56 633 835 656 748 662 473 894 959 818 427 359 322 523 96 664 846 804 529 307 263 455 438 329 640 196 738 381 32 640 569 169 779 718 809 323 642 830 910 467 648 473 367 814 378 237 762 293 626 474 474 418 429 60 230 796 630 752 738 135 495 338 608 353 342 864 554 324 278 220 402 253 657 188 282 378 438 503 441 205 382 529 456 924 517 331 315 107 481 729 235 265 535 553 276 596 828 635 165 567 357 323 179 426 602 713 845
29 669 865 922 950 1201 630 85 474 173 733 745 672 302 1074 443 0 1259 845 1199 500 967 740 708 292 333 529 928 735 1100 799 913 937 604 611 677 367 251 677 479 759 488 1251 1044 757 667 876 1138 901 840 502 644 631 439 871 1084 399 895 545 868 928 503 791 1006 1134 658 886 1117 467 780 1213 976 1050 1081 915 1163 1308 1173 868 793 487 595 438 801 1163 950 752 738 701 258 537 258 1039 588 955 167 411 873 718 537 1161 935 1005 734 1066 1218 968 809 748 916 489 1163 181 231 880 662 869 594 905 435 827 382 231 1107 743 1099 945 310 766 725 977 332 785 1214 979 185 714 224 710 688 982 618 591 151 787 467 465 617 813 840 567 1292 945 509 310 548 918 1086 208 205 612 994 213 602 1173 1006 563 940 785 766 533 529 816 996 911
1287 753 447 939 397 159 639 1194 914 1124 582 789 598 993 363 918 1259 0 667 90 842 506 561 552 1047 927 977 408 859 329 467 374 344 814 837 633 937 1036 619 857 570 817 139 250 863 828 930 239 419 738 932 717 763 823 911 260 963 691 774 481 433 771 838 337 181 626 846 143 866 603 169 283 226 406 703 241 59 110 657 833 777 765 1001 609 117 560 538 660 830 1084 772 1011 339 966 422 1109 937 443 630 758 208 431 448 927 446 210 746 458 679 723 791 107 1097 1132 621 627 434 724 560 879 504 959 1040 169 662 167 445 1026 499 581 314 951 718 63 489 1076 699 1087 549 712 277 748 673 1120 484 912 861 717 607 419 747 114 869 756 958 833 804 192 1094 1057 754 747 1046 837 90 292 754 356 865 741 754 773 502 293 723
868 761 601 295 274 531 351 762 772 790 227 864 504 712 326 404 845 667 0 667 347 173 579 390 785 597 376 642 921 362 357 561 556 771 803 248 695 727 576 699 626 372 578 611 198 203 274 722 274 891 818 214 215 479 254 409 769 64 316 209 673 400 171 331 487 551 196 577 380 700 532 493 586 303 91 747 688 558 23 166 539 700 441 729 642 822 555 129 186 806 635 683 331 341 694 760 435 608 658 345 476 679 771 263 270 512 989 354 754 105 588 564 753 638 817 289 586 635 109 682 216 464 622 609 729 517 706 539 480 244 374 672 67 605 191 705 136 624 395 162 485 232 385 761 334 763 690 252 91 435 634 630 242 531 648 297 173 484 638 655 703 186 659 795 583 386 305 339 197 92 358 625 608 589 931
1228 670 367 950 392 211 592 1138 837 1059 552 702 531 925 388 881 1199 90 667 0 805 517 486 499 977 867 951 323 772 359 422 298 269 733 755 599 868 970 546 783 490 774 209 167 857 811 937 151 402 649 853 689 737 769 917 276 890 698 736 468 346 722 836 338 203 556 854 94 827 519 226 227 151 435 713 155 148 135 659 831 714 687 967 523 36 470 464 642 817 1015 699 948 352 945 334 1046 896 362 549 716 247 344 358 920 473 268 656 414 594 733 723 116 1033 1085 532 588 356 649 563 807 483 917 986 93 577 150 357 981 434 549 297 885 711 111 502 1015 681 1037 496 691 225 719 622 1058 442 835 788 684 598 362 673 198 883 692 895 802 816 184 1043 1001 675 767 988 755 98 281 716 336 862 733 710 702 422 214 633
524 570 565 492 478 750 227 417 501 448 263 680 378 390 591 77 500 842 347 805 0 471 474 327 462 273 184 627 718 622 384 573 585 549 578 210 391 395 434 437 518 58 801 682 307 197 447 794 437 740 550 148 132 182 435 624 473 401 69 390 645 135 331 540 687 404 426 712 33 580 759 581 673 591 423 821 882 741 370 330 287 488 165 611 771 747 466 239 234 476 405 349 566 217 672 416 99 574 517 100 703 653 745 317 572 755 864 391 602 427 336 737 411 308 709 217 559 434 407 403 354 126 275 720 582 675 674 201 427 262 532 357 290 787 485 361 214 282 332 189 581 119 216 416 363 490 423 130 315 456 419 848 490 292 324 60 446 653 295 308 498 509 313 568 752 559 88 491 335 274 113 392 540 640 799
992 756 535 433 142 362 388 887 812 888 253 848 498 790 153 540 967 506 173 517 471 0 549 382 861 683 539 561 913 190 311 477 463 782 814 302 760 814 565 739 592 479 407 493 370 368 424 595 173 856 853 324 348 559 405 246 824 185 422 140 594 481 341 181 325 547 340 433 504 664 362 380 462 131 196 618 522 398 157 336 589 712 593 690 497 754 522 233 357 888 662 774 167 509 610 861 568 539 637 435 307 600 684 436 103 340 937 303 730 217 631 408 852 777 766 332 518 647 69 732 177 596 738 473 705 369 627 672 441 268 244 747 236 443 18 810 264 753 385 287 369 352 430 865 296 805 733 350 157 368 653 459 365 575 731 434 299 334 766 767 710 253 767 807 427 246 405 222 367 261 443 655 557 481 884
768 217 126 855 431 563 264 691 353 585 354 300 96 449 548 534 740 561 579 486 474 549 0 190 494 414 657 188 366 553 238 188 218 264 292 352 387 497 63 297 48 421 602 320 690 594 821 401 383 313 374 442 489 351 803 487 404 640 416 411 191 346 691 447 497 83 761 421 480 122 580 294 336 584 666 424 618 505 589 688 259 206 630 152 451 273 29 469 620 533 215 482 492 681 219 578 534 134 89 375 545 198 281 732 597 603 414 246 181 682 251 487 564 675 245 312 133 163 535 324 381 544 551 395 156 430 212 586 108 337 378 412 575 534 547 556 491 617 185 482 306 458 260 591 255 350 303 411 488 196 187 628 816 238 430 506 749 434 618 557 197 757 539 289 490 404 403 365 710 582 361 219 77 272 353
736 377 245 666 289 500 100 642 439 582 164 476 117 459 418 398 708 552 390 499 327 382 190 0 523 379 500 304 537 434 96 246 260 400 432 165 413 497 187 367 237 285 547 360 504 412 632 469 236 501 476 261 311 271 614 393 463 453 260 243 325 225 503 327 431 167 571 412 342 311 513 272 356 445 479 496 600 465 401 500 240 330 491 341 463 450 169 280 436 557 285 467 369 514 352 564 408 254 268 229 465 333 427 549 448 525 604 107 364 495 269 455 552 587 433 129 236 265 357 370 205 425 488 409 339 391 356 485 106 148 279 416 386 506 383 526 303 538 5 295 276 281 124 574 95 433 364 235 301 137 273 586 627 220 415 344 560 379 544 506 328 571 495 425 465 309 243 248 523 393 219 280 233 316 543
317 384 620 952 804 1019 477 287 183 119 608 454 450 73 934 447 292 1047 785 977 462 861 494 523 0 190 585 678 444 953 620 680 708 316 320 560 111 78 432 203 502 419 1065 813 768 658 906 893 751 550 210 571 582 307 895 916 109 846 471 736 672 386 792 848 950 421 888 904 435 509 1034 767 826 953 870 916 1101 976 806 792 283 319 501 526 941 670 513 659 696 40 279 120 888 640 697 136 419 627 452 440 988 678 737 769 948 1047 677 630 467 877 258 961 125 375 597 530 627 334 812 170 694 400 250 885 466 900 683 368 549 595 802 115 739 1011 869 166 650 319 523 625 775 557 435 153 616 177 193 533 725 637 308 1099 952 303 138 521 906 894 307 221 335 962 199 311 969 832 480 771 796 728 428 276 566 765 620
361 395 537 765 640 877 311 277 255 208 433 495 340 117 769 267 333 927 597 867 273 683 414 379 190 0 412 601 512 791 472 581 605 348 368 381 127 132 352 212 439 229 926 712 580 470 719 807 589 578 304 383 392 124 708 765 210 657 282 566 604 202 604 691 809 331 699 785 248 473 890 644 718 783 681 833 978 844 618 603 156 310 337 499 831 649 424 473 507 209 232 92 728 463 632 186 244 546 407 253 840 612 688 585 774 899 709 483 459 688 169 833 175 281 588 356 540 286 630 167 523 231 143 774 448 769 624 224 433 421 654 85 549 884 692 149 461 218 381 436 651 367 270 195 463 245 195 346 541 508 260 965 763 178 52 333 716 758 215 143 326 772 126 358 843 684 292 619 608 538 242 222 491 664 646
546 750 743 393 589 866 402 445 660 537 398 859 561 520 681 147 529 977 376 951 184 539 657 500 585 412 0 803 894 716 542 743 753 724 751 356 538 509 618 603 701 241 916 843 234 173 347 957 559 923 710 262 214 353 342 738 621 406 242 500 823 318 271 652 809 588 361 857 187 764 872 734 830 669 421 984 1011 871 398 274 464 666 92 795 919 930 648 322 195 589 582 465 669 60 850 502 168 752 701 282 814 831 924 205 641 860 1047 547 785 415 511 870 502 300 893 377 735 615 470 565 473 184 349 872 765 812 852 231 603 403 662 496 309 918 555 446 284 312 505 267 733 232 398 496 518 650 588 271 389 619 598 966 418 472 457 156 399 785 328 385 678 484 400 741 887 686 257 621 260 284 296 569 721 805 982
956 347 65 935 421 452 401 878 523 772 441 383 267 636 507 694 928 408 642 323 627 561 188 304 678 601 803 0 454 499 289 84 102 411 432 462 574 684 251 477 176 580 481 159 791 710 908 216 389 343 535 560 611 529 889 416 582 696 562 441 34 510 784 410 396 271 837 282 639 196 470 202 188 552 719 238 467 379 646 780 445 371 790 201 292 197 178 559 729 717 399 670 450 817 51 766 700 56 232 527 451 39 129 843 577 503 389 290 271 738 439 357 752 856 231 430 68 344 570 508 427 713 736 241 254 316 66 763 200 428 333 599 658 396 553 744 590 800 299 587 215 583 413 780 314 523 485 538 552 208 370 495 884 424 618 647 814 333 802 743 358 801 727 433 355 348 546 342 806 671 515 404 112 122 347
759 160 430 1175 797 901 574 727 269 563 695 71 420 455 913 749 735 859 921 772 718 913 366 537 444 512 894 454 0 915 603 510 539 170 144 677 400 500 349 300 330 660 933 612 996 887 1135 640 749 143 234 747 785 541 1119 844 340 985 683 773 427 587 1006 812 840 371 1087 736 708 268 919 635 641 950 1011 653 918 831 935 1003 431 231 835 255 742 325 395 800 920 478 314 519 856 935 438 578 735 431 277 639 892 428 431 1024 964 948 245 611 192 1026 383 810 565 785 249 635 447 293 893 346 740 730 645 694 215 764 416 736 474 678 740 448 905 849 912 592 813 722 533 797 648 752 549 595 617 279 317 709 835 561 302 948 1147 427 488 768 1084 776 715 629 224 1106 606 155 808 763 679 730 1020 906 622 326 384 575 202
1127 770 495 614 151 176 480 1024 870 999 368 846 533 886 37 696 1100 329 362 359 622 190 553 434 953 791 716 499 915 0 340 421 397 811 841 424 845 918 588 799 586 617 219 385 560 550 609 467 203 831 904 477 512 670 591 90 897 373 563 234 534 599 531 108 156 579 525 290 652 649 174 298 350 77 381 485 337 227 347 526 670 745 761 669 346 695 524 397 542 985 715 883 65 692 542 976 721 497 641 564 123 537 605 626 117 150 889 329 724 400 703 243 966 930 726 439 477 686 254 804 273 748 870 340 700 225 562 822 450 376 175 842 423 268 172 931 433 898 435 453 284 509 522 983 339 864 797 493 327 357 699 270 542 652 835 595 480 191 908 896 740 418 891 837 262 153 544 190 557 448 568 711 534 392 845
827 448 244 647 200 405 173 731 530 677 154 538 196 555 327 460 799 467 357 422 384 311 238 96 620 472 542 289 603 340 0 213 216 479 511 186 509 592 258 460 282 352 453 301 503 427 619 415 148 548 565 284 335 360 600 296 558 414 316 173 318 304 495 233 336 244 549 331 405 355 418 196 290 356 439 443 513 375 363 491 336 411 548 382 387 465 211 270 444 653 376 561 275 546 340 658 474 251 326 294 369 325 418 556 364 429 637 11 419 457 365 366 647 665 464 167 230 349 299 465 146 495 575 336 394 302 351 560 131 144 183 512 369 418 309 619 302 620 96 303 197 311 208 667 26 524 458 270 266 83 361 493 599 317 510 388 530 287 627 595 408 526 586 505 378 213 296 152 518 382 289 371 253 264 580
941 385 80 856 337 391 346 857 540 765 367 439 241 631 427 643 913 374 561 298 573 477 188 246 680 581 743 84 510 421 213 0 30 442 467 394 572 677 248 485 197 530 426 133 716 639 829 229 305 413 559 493 544 495 810 341 592 614 506 358 118 465 707 328 330 260 757 235 588 243 409 127 148 471 637 255 431 325 564 703 425 392 737 256 262 280 167 484 657 719 402 658 369 753 134 755 652 79 258 474 383 123 210 770 494 438 470 213 320 656 429 305 742 821 305 366 64 352 487 510 346 668 709 206 299 254 150 723 153 356 251 591 580 349 469 728 516 768 241 516 140 518 364 768 239 539 491 474 472 131 375 446 803 403 605 587 733 266 772 720 380 718 706 466 306 268 488 258 730 594 464 404 131 85 424
966 415 110 851 322 361 360 880 570 792 370 468 265 658 405 657 937 344 556 269 585 463 218 260 708 605 753 102 539 397 216 30 0 473 498 400 599 703 277 514 228 545 396 107 716 643 826 210 293 439 589 499 550 516 807 315 621 607 518 350 137 482 706 308 301 287 752 205 602 272 379 100 118 450 628 237 401 295 558 701 450 422 750 285 234 299 195 484 659 746 430 683 348 760 149 781 667 108 288 488 355 141 221 771 475 409 492 214 350 648 455 275 768 840 330 375 94 381 477 538 341 684 731 177 329 225 167 741 173 360 231 618 578 319 454 753 518 788 255 519 114 525 381 793 242 568 519 482 468 134 404 416 797 428 630 597 726 237 792 743 411 707 729 497 276 246 500 242 729 593 479 432 162 59 448
630 71 366 1013 679 826 420 583 134 432 549 148 284 308 803 579 604 814 771 733 549 782 264 400 316 348 724 411 170 811 479 442 473 0 32 524 246 357 223 137 245 491 865 565 832 723 973 623 628 237 127 586 621 372 957 750 207 835 517 642 395 419 844 704 760 236 928 678 539 219 843 557 588 835 862 642 872 766 786 842 262 71 666 226 699 359 292 646 756 354 146 367 748 766 415 440 565 371 184 473 808 400 439 858 844 867 368 489 158 875 213 747 426 625 284 482 380 137 754 184 605 561 485 645 164 692 397 570 361 532 639 292 749 792 783 444 656 563 397 638 569 589 390 456 489 139 154 547 688 456 139 888 990 260 330 601 929 698 557 474 72 957 451 26 749 665 514 621 857 748 456 158 312 521 308
636 86 390 1044 711 853 452 594 137 438 581 134 316 319 833 606 611 837 803 755 578 814 292 432 320 368 751 432 144 841 511 467 498 32 0 556 260 367 254 156 270 520 891 588 863 753 1004 641 659 229 119 618 652 399 988 779 212 868 547 674 414 449 875 734 788 267 960 702 567 237 870 584 611 866 894 659 895 791 818 873 291 103 691 241 722 366 320 678 787 357 176 381 779 794 433 448 591 394 210 503 836 418 452 888 875 895 357 520 170 907 242 772 435 643 288 514 404 169 786 202 637 586 503 668 180 719 414 592 391 564 668 307 781 817 815 457 687 581 429 670 596 620 422 465 521 145 173 578 720 485 170 914 1021 290 347 630 961 725 574 489 103 989 466 11 774 695 544 651 888 780 486 188 336 544 300
704 517 407 505 275 541 104 601 528 587 56 623 267 488 396 286 677 633 248 599 210 302 352 165 560 381 356 462 677 424 186 394 400 524 556 0 461 512 337 454 400 194 592 487 339 248 469 602 230 658 572 99 150 257 451 417 530 312 144 190 486 180 339 334 478 311 413 506 236 473 551 379 475 405 339 629 672 531 264 336 296 453 368 503 566 616 334 123 271 586 387 473 364 360 512 561 307 416 423 141 495 494 589 384 394 549 766 191 518 352 343 527 552 511 597 42 397 388 252 440 150 331 447 518 494 466 518 403 269 52 322 446 228 578 311 512 140 475 171 130 378 125 138 566 162 519 446 85 170 266 386 639 471 286 429 203 407 443 485 474 457 434 470 548 542 349 124 281 358 232 145 378 398 450 704
394 306 513 883 696 908 373 338 133 201 506 393 339 65 826 393 367 937 695 868 391 760 387 413 111 127 538 574 400 845 509 572 599 246 260 461 0 116 325 113 399 341 954 704 698 586 839 788 643 483 179 483 501 219 826 806 83 757 388 631 569 295 719 739 839 312 813 794 369 414 923 656 717 847 782 811 991 865 714 718 174 229 464 435 832 583 405 567 623 148 174 121 780 589 595 200 371 521 354 352 877 576 640 707 843 937 614 520 382 791 147 850 186 385 514 428 520 231 713 69 589 358 246 775 377 789 583 346 438 492 692 48 653 901 766 198 562 323 413 538 665 473 330 216 506 123 98 444 629 526 204 988 876 193 90 450 826 783 316 230 246 875 207 250 858 721 394 662 725 645 338 169 461 656 553
278 420 623 881 768 996 438 227 231 89 564 501 439 51 897 374 251 1036 727 970 395 814 497 497 78 132 509 684 500 918 592 677 703 357 367 512 116 0 434 228 512 356 1044 810 698 590 835 897 715 594 268 513 519 255 825 888 160 786 411 695 682 334 724 816 927 418 820 893 366 530 1010 753 820 912 810 921 1088 958 748 724 259 344 424 550 934 699 512 604 627 81 288 46 854 565 708 84 345 631 468 385 962 689 755 697 905 1021 724 603 497 816 248 945 71 300 629 486 629 345 761 184 653 325 172 878 492 883 697 290 537 551 775 86 678 996 823 94 591 242 498 566 761 496 396 100 586 223 214 477 672 620 318 1081 884 281 84 454 840 874 231 144 361 900 122 357 954 805 422 742 726 665 374 281 572 762 665
705 191 189 842 457 612 240 629 297 522 349 289 71 386 580 489 677 619 576 546 434 565 63 187 432 352 618 251 349 588 258 248 277 223 254 337 325 434 0 237 89 379 654 381 671 569 805 464 406 321 322 420 464 297 788 529 344 639 381 425 252 301 675 481 545 30 750 478 436 146 628 346 395 613 665 487 675 558 588 672 199 158 584 177 510 316 82 459 598 471 154 419 525 646 280 515 487 197 87 338 590 259 338 708 622 650 435 267 181 680 188 541 501 618 275 296 195 106 544 262 391 494 491 454 157 483 272 532 139 332 416 349 565 589 565 494 477 559 183 464 357 432 226 528 270 294 242 385 487 234 127 682 808 179 367 471 742 484 560 496 152 758 478 249 546 444 370 398 692 569 322 156 139 333 372
506 193 420 918 656 843 354 450 74 309 490 285 271 177 785 457 479 857 699 783 437 739 297 367 203 212 603 477 300 799 460 485 514 137 156 454 113 228 237 0 301 381 887 617 733 622 875 692 603 372 119 499 526 255 861 751 107 763 416 603 469 316 750 692 775 233 839 715 421 306 859 582 632 811 790 714 913 793 717 748 161 117 539 325 747 471 319 571 657 243 86 232 735 649 494 312 439 427 249 374 817 475 534 752 813 877 503 470 270 801 112 777 298 489 402 415 429 134 700 47 562 432 348 691 265 717 480 436 366 474 636 156 667 826 743 310 573 426 366 553 592 495 316 328 462 66 17 458 623 460 110 917 902 169 193 492 846 716 420 337 134 884 315 145 782 665 416 611 760 663 357 89 366 569 442
787 190 123 903 470 584 311 714 348 599 401 261 141 463 583 575 759 570 626 490 518 592 48 237 502 439 701 176 330 586 282 197 228 245 270 400 399 512 89 301 0 464 621 322 738 641 869 392 423 267 363 489 536 386 851 516 406 687 461 455 170 387 739 482 519 117 808 433 522 74 601 314 343 621 712 414 627 521 635 736 287 197 671 104 456 229 71 517 668 542 225 501 526 726 196 595 574 128 61 419 569 177 249 780 636 627 366 289 139 729 272 502 581 707 198 360 135 169 580 333 425 582 579 401 115 449 186 621 151 385 411 428 623 547 589 577 539 648 232 529 327 505 305 609 300 348 309 458 535 232 195 643 864 268 450 551 796 456 648 582 185 803 564 269 504 435 449 401 758 630 405 231 68 277 306
514 511 517 542 469 734 185 409 446 418 250 622 325 346 588 114 488 817 372 774 58 479 421 285 419 229 241 580 660 617 352 530 545 491 520 194 341 356 379 381 464 0 784 644 357 245 498 754 424 682 495 160 163 126 485 610 422 430 58 383 596 78 378 528 669 349 471 683 59 524 744 548 638 593 454 781 859 719 394 377 229 430 210 555 740 693 415 253 282 437 346 312 557 276 624 388 123 526 461 59 689 604 695 372 577 743 806 360 544 460 279 713 381 318 653 190 512 375 419 349 344 143 258 688 525 650 624 211 381 245 512 310 321 764 491 335 236 281 290 211 550 140 167 390 333 436 367 129 327 418 360 830 535 234 281 112 487 630 292 288 440 544 289 510 727 540 74 472 384 309 66 334 489 601 742
1279 810 505 832 327 51 621 1180 950 1129 537 862 618 1005 255 877 1251 139 578 209 801 407 602 547 1065 926 916 481 933 219 453 426 396 865 891 592 954 1044 654 887 621 784 0 327 776 756 828 356 364 823 975 664 705 812 809 178 992 591 736 417 511 750 748 264 117 654 743 201 829 668 46 308 294 291 599 364 124 102 564 743 785 808 951 678 219 656 576 594 752 1100 801 1014 249 898 507 1111 899 503 681 728 102 511 548 841 331 76 849 443 745 619 807 124 1100 1102 708 596 489 759 469 902 448 923 1025 250 725 172 530 995 521 541 274 961 635 99 390 1072 632 1063 546 649 297 696 660 1121 464 947 889 672 532 428 778 52 759 764 962 783 698 171 1072 1046 799 632 1038 889 130 245 716 313 774 659 727 800 556 359 818
1073 503 200 905 351 303 459 987 670 898 450 542 372 764 402 755 1044 250 611 167 682 493 320 360 813 712 843 159 612 385 301 133 107 565 588 487 704 810 381 617 322 644 327 0 785 722 885 115 338 497 686 584 635 622 865 296 723 655 613 402 186 584 771 318 256 392 807 126 700 354 321 118 36 450 674 142 308 226 609 766 557 519 846 360 134 330 299 557 734 851 534 790 350 846 180 888 767 195 382 586 312 185 227 844 482 358 524 296 430 695 562 203 874 944 381 467 188 483 520 643 403 785 837 82 412 173 203 844 280 442 249 724 642 238 481 860 593 893 356 597 126 612 483 900 325 668 623 571 529 226 507 337 846 535 737 688 776 199 898 850 507 745 836 588 198 251 594 275 795 660 578 537 255 48 491
776 839 741 186 466 729 431 673 801 742 350 948 602 697 523 328 757 863 198 857 307 370 690 504 768 580 234 791 996 560 503 716 716 832 863 339 698 698 671 733 738 357 776 785 0 112 142 899 456 992 850 251 211 483 128 606 779 199 318 390 818 417 38 526 684 643 128 765 333 810 730 668 764 498 205 925 886 753 213 42 575 765 321 841 830 954 672 233 76 780 687 652 528 181 842 709 360 749 757 361 674 826 920 65 463 710 1103 504 851 194 626 759 706 531 936 378 729 703 307 705 383 385 558 793 828 709 851 450 606 364 561 664 146 800 388 652 202 535 509 209 662 243 449 706 478 791 721 288 260 586 695 828 189 574 631 248 165 676 551 593 772 252 604 853 777 577 319 523 28 126 378 676 736 757 1041
688 732 656 297 433 707 330 582 689 639 273 841 502 587 514 227 667 828 203 811 197 368 594 412 658 470 173 710 887 550 427 639 643 723 753 248 586 590 569 622 641 245 756 722 112 0 254 837 410 889 739 152 105 371 240 580 667 237 207 347 734 306 134 496 654 540 230 717 224 711 711 607 704 499 254 863 857 720 225 134 464 656 242 743 781 862 578 169 37 672 577 545 507 142 760 606 259 664 656 250 654 742 837 139 469 697 1004 430 748 251 515 722 602 448 839 284 645 595 299 593 328 287 457 740 726 667 766 357 517 283 516 553 136 767 385 549 131 443 418 124 603 137 344 604 401 679 609 184 225 509 586 807 294 464 521 137 254 637 459 492 664 327 501 744 739 536 209 476 139 112 267 566 645 689 941
893 977 862 47 546 784 566 792 943 875 472 1086 735 836 573 462 876 930 274 937 447 424 821 632 906 719 347 908 1135 609 619 829 826 973 1004 469 839 835 805 875 869 498 828 885 142 254 0 996 547 1126 992 388 351 624 20 670 920 239 460 483 937 559 130 599 749 778 84 848 472 942 783 767 860 538 228 1021 945 821 278 133 717 905 439 972 913 1079 801 353 218 916 828 789 591 288 959 841 492 869 892 502 730 944 1037 143 499 756 1235 618 986 209 768 830 839 646 1065 510 848 843 374 846 486 516 688 882 963 787 970 575 731 487 647 804 250 867 441 784 330 658 637 341 759 384 587 836 594 933 862 427 358 700 835 879 94 715 770 388 132 753 674 724 912 217 736 994 850 657 460 613 116 239 519 817 862 861 1173
1166 555 274 1015 456 348 569 1084 738 986 565 572 467 850 490 866 1138 239 722 151 794 595 401 469 893 807 957 216 640 467 415 229 210 623 641 602 788 897 464 692 392 754 356 115 899 837 996 0 448 510 748 699 750 724 976 378 798 764 726 513 228 692 884 416 320 480 917 178 811 404 365 231 136 538 782 27 295 267 719 879 651 586 959 401 137 327 386 671 849 932 614 881 442 961 208 978 877 267 447 697 372 223 214 958 573 406 508 411 473 802 650 244 964 1050 394 581 269 560 628 723 516 894 937 127 461 242 228 951 381 557 353 812 755 257 582 953 707 996 465 712 237 727 591 991 440 738 700 686 642 338 585 349 954 629 828 802 884 276 1000 948 572 848 933 643 230 350 707 383 909 774 689 619 327 153 489
928 595 361 567 54 313 277 827 675 796 174 682 344 683 184 513 901 419 274 402 437 173 383 236 751 589 559 389 749 203 148 305 293 628 659 230 643 715 406 603 423 424 364 338 456 410 547 448 0 685 711 302 345 468 528 187 697 318 373 66 422 398 438 104 252 392 469 309 465 494 321 220 312 209 338 474 452 312 271 433 468 559 589 519 374 581 354 242 415 782 521 680 139 547 439 774 536 366 472 368 266 428 514 518 216 320 764 139 562 358 503 312 763 741 593 239 344 497 184 604 86 561 672 338 537 256 455 633 275 179 106 639 311 359 168 729 280 704 237 293 212 334 319 781 141 668 600 308 196 196 507 411 508 450 632 420 438 227 714 696 556 414 691 654 329 127 353 67 463 331 370 515 384 319 712
866 182 336 1163 729 795 561 820 367 667 665 98 391 545 834 784 840 738 891 649 740 856 313 501 550 578 923 343 143 831 548 413 439 237 229 658 483 594 321 372 267 682 823 497 992 889 1126 510 685 0 344 741 784 577 1109 753 441 953 694 720 312 605 996 733 739 349 1070 623 736 193 814 539 529 875 978 521 796 721 901 993 463 268 876 166 622 187 338 779 919 586 351 604 776 957 317 676 775 335 235 650 793 312 297 1028 894 846 132 554 141 995 423 699 663 858 117 617 354 309 846 419 692 775 718 577 164 659 294 795 417 648 658 528 885 734 852 681 798 795 496 785 553 752 545 693 566 373 388 705 800 490 329 834 1127 453 565 783 1060 676 790 709 253 1070 687 238 695 678 686 655 1013 890 633 364 302 465 71
526 198 486 1035 764 934 471 493 50 329 607 247 370 225 892 564 502 932 818 853 550 853 374 476 210 304 710 535 234 904 565 559 589 127 119 572 179 268 322 119 363 495 975 686 850 739 992 748 711 344 0 617 644 369 978 849 108 882 533 716 520 434 867 796 867 326 957 794 533 345 951 667 706 920 909 767 990 878 836 866 280 168 640 354 819 485 400 690 774 244 191 291 839 758 541 344 543 491 304 492 912 525 567 867 924 972 469 575 285 920 231 860 331 561 407 533 498 219 817 147 676 533 423 764 291 804 524 525 460 591 736 227 786 907 856 361 692 499 474 672 678 614 434 361 570 60 130 577 741 555 205 1002 1021 287 269 607 964 806 491 403 179 1003 380 113 864 764 534 714 877 782 475 198 431 640 414
669 589 505 428 338 613 180 563 570 578 137 697 351 498 446 219 644 717 214 689 148 324 442 261 571 383 262 560 747 477 284 493 499 586 618 99 483 513 420 499 489 160 664 584 251 152 388 699 302 741 617 0 51 266 372 486 560 274 103 248 584 189 259 401 553 391 342 595 180 560 621 473 570 444 299 726 753 612 235 256 337 518 287 591 657 710 426 94 179 592 443 470 423 262 610 548 245 513 506 132 564 592 686 291 425 614 853 288 600 308 388 610 541 455 687 132 495 455 261 476 216 273 416 611 577 551 616 349 366 142 403 459 170 659 337 495 78 429 266 55 471 32 199 550 259 560 488 40 168 365 448 713 404 332 434 119 347 525 442 447 524 392 449 609 627 427 91 361 274 164 146 432 493 548 791
655 628 555 393 378 654 226 548 596 578 186 737 397 509 479 193 631 763 215 737 132 348 489 311 582 392 214 611 785 512 335 544 550 621 652 150 501 519 464 526 536 163 705 635 211 105 351 750 345 784 644 51 0 282 336 527 580 269 113 288 634 210 224 441 596 435 314 643 165 606 661 523 620 473 292 777 797 657 237 222 366 554 249 638 705 759 474 116 136 600 477 475 461 211 660 547 223 564 551 153 604 642 737 244 450 652 899 339 643 297 417 656 541 430 734 182 545 492 281 500 259 251 407 660 621 597 666 327 416 192 448 472 159 704 362 492 85 411 316 61 521 33 240 547 310 586 514 79 191 416 484 754 377 364 444 86 325 571 424 440 561 381 445 643 672 472 110 407 236 146 169 465 542 599 836
467 399 465 668 519 763 192 371 320 330 309 508 262 234 646 209 439 823 479 769 182 559 351 271 307 124 353 529 541 670 360 495 516 372 399 257 219 255 297 255 386 126 812 622 483 371 624 724 468 577 369 266 282 0 611 647 298 540 169 442 539 79 502 571 695 270 595 683 167 437 775 542 623 659 565 751 871 735 499 501 113 315 299 466 733 612 353 352 407 330 230 215 607 395 567 306 198 474 370 134 724 547 632 498 650 781 705 370 443 573 159 725 296 327 562 232 464 268 507 222 400 200 217 678 426 661 563 235 343 298 539 193 435 777 568 262 344 272 274 320 547 254 153 313 348 309 241 227 418 406 248 853 659 125 173 238 607 647 276 235 327 657 226 389 736 568 176 502 510 426 121 217 426 575 640
888 961 843 57 526 766 549 787 929 866 453 1069 718 824 554 452 871 911 254 917 435 405 803 614 895 708 342 889 1119 591 600 810 807 957 988 451 826 825 788 861 851 485 809 865 128 240 20 976 528 1109 978 372 336 611 0 651 908 220 445 463 917 544 113 579 730 760 66 828 460 924 764 747 840 520 210 1001 926 802 259 116 702 889 433 954 893 1060 783 335 204 906 813 779 572 283 940 832 483 850 874 488 711 925 1018 137 481 738 1217 599 969 191 753 811 830 642 1047 492 829 826 354 833 466 508 680 863 945 768 951 568 713 468 627 792 231 848 422 775 312 652 619 324 740 368 571 828 575 919 848 410 339 681 819 861 86 700 758 376 115 734 668 716 896 203 727 979 830 638 445 593 101 221 504 801 843 842 1156
1112 704 418 680 149 128 455 1011 819 971 361 773 480 852 113 700 1084 260 409 276 624 246 487 393 916 765 738 416 844 90 296 341 315 750 779 417 806 888 529 751 516 610 178 296 606 580 670 378 187 753 849 486 527 647 651 0 852 431 560 239 450 581 580 86 79 523 586 202 652 576 135 215 260 161 443 397 280 151 398 575 633 687 773 594 260 611 459 416 578 949 665 855 79 721 457 951 723 419 574 554 79 453 517 671 198 134 805 286 652 463 660 163 940 928 645 424 400 630 301 760 271 748 856 251 629 136 478 820 390 366 114 808 462 197 230 909 455 890 392 471 201 518 495 959 302 814 750 495 355 295 646 228 610 613 805 605 545 102 900 879 680 492 872 775 182 85 540 146 606 486 555 662 460 305 763
425 276 526 965 751 948 436 386 74 226 572 346 374 118 881 476 399 963 769 890 473 824 404 463 109 210 621 582 340 897 558 592 621 207 212 530 83 160 344 107 406 422 992 723 779 667 920 798 697 441 108 560 580 298 908 852 0 832 467 692 573 372 800 790 879 338 893 822 452 406 963 688 739 904 858 820 1019 899 788 799 235 215 546 421 854 563 426 640 704 147 192 185 832 672 597 238 453 533 353 429 920 579 633 790 904 980 569 569 360 867 195 883 225 454 489 494 536 240 781 93 650 440 318 798 360 823 582 425 471 557 737 127 730 932 830 253 637 394 462 615 697 551 395 255 558 68 103 520 699 564 217 1023 956 249 168 532 904 820 384 296 231 951 273 203 888 767 472 710 807 722 414 192 472 676 512
