NAME : X-n157-k13_SARP
COMMENT : Curated from VRPLIB to SARP
TYPE : SARP
DIMENSION : 157
EDGE_WEIGHT_TYPE : EXPLICIT
EDGE_WEIGHT_FORMAT : FULL_MATRIX
EDGE_WEIGHT_SECTION
0 242 398 743 612 494 332 340 749 726 774 677 410 645 632 598 329 688 269 683 695 89 398 668 312 273 413 673 534 468 151 672 680 265 674 265 621 371 224 471 505 614 700 310 648 563 618 225 304 178 344 321 324 403 657 655 380 677 640 678 344 698 635 262 338 733 366 659 308 755 302 613 595 347 598 422 691 300 665 692 693 734 269 560 353 607 337 324 630 696 441 680 309 618 703 324 688 444 743 716 542 700 676 646 719 699 180 430 650 200 303 269 532 699 300 729 612 711 649 664 749 510 275 687 333 607 505 661 160 724 339 637 226 186 666 564 320 652 732 611 694 681 701 223 613 542 717 702 391 416 520 321 758 561 443 697 750
242 0 209 864 629 561 96 105 818 850 948 768 208 750 793 718 254 782 30 774 769 230 499 756 99 31 171 804 646 381 174 774 782 146 770 105 756 137 20 240 268 710 776 154 716 666 730 112 76 151 252 80 158 165 767 748 145 780 766 760 288 800 684 168 118 867 185 759 80 826 90 696 694 172 711 180 757 80 729 816 785 856 133 636 115 745 142 88 748 796 573 786 116 688 839 106 813 216 855 805 654 833 806 742 805 803 74 244 762 52 66 44 613 768 127 794 759 800 757 730 777 614 50 797 96 651 301 424 107 813 138 738 16 117 771 707 149 753 825 723 820 729 807 171 709 613 809 808 191 197 547 81 878 666 519 779 864
398 209 0 820 517 499 137 131 731 810 952 703 26 700 793 684 166 719 183 710 690 342 476 690 110 187 201 774 612 222 261 719 725 140 710 134 733 116 226 127 171 656 699 90 636 622 686 173 137 228 146 164 75 225 719 687 117 725 733 689 197 742 592 154 97 835 33 703 134 741 119 631 643 52 670 169 673 129 645 778 721 813 131 571 209 726 68 141 709 738 567 733 97 613 811 106 775 101 804 735 620 802 774 685 733 748 229 35 716 218 156 165 555 686 99 705 747 732 709 648 661 576 231 747 215 557 108 299 239 743 72 684 221 213 720 695 78 698 758 682 783 631 753 197 653 547 742 754 24 66 454 157 831 623 471 705 813
743 864 820 0 365 321 890 892 185 20 236 133 846 120 181 147 658 118 869 128 177 678 366 146 841 877 990 76 218 634 698 105 101 740 121 784 127 902 859 947 990 165 169 770 215 200 135 757 863 715 675 903 781 1002 101 141 909 100 103 158 624 89 271 714 858 52 801 121 865 179 839 196 177 792 154 971 203 850 217 51 121 9 757 252 961 144 820 886 116 94 303 89 815 225 68 852 55 920 32 124 210 58 72 140 132 81 798 820 104 817 879 851 265 190 792 200 154 123 111 213 317 251 914 74 950 300 884 1095 766 120 830 137 857 748 102 187 788 125 105 141 50 263 73 696 168 275 112 73 837 884 381 897 16 199 352 153 28
612 629 517 365 0 151 621 620 223 363 572 231 542 258 437 284 380 246 623 237 195 525 256 218 573 631 711 355 247 302 500 262 264 485 244 529 341 621 632 638 678 218 205 496 150 224 264 518 601 501 389 641 502 730 276 225 625 267 319 207 345 276 94 462 582 401 508 248 601 233 574 179 219 505 261 684 172 587 150 342 245 361 500 150 699 346 540 620 290 271 303 278 545 143 389 580 341 616 338 250 248 375 353 230 244 284 581 507 280 593 620 601 166 186 523 197 378 248 269 154 148 224 677 295 694 67 556 759 557 256 550 239 628 528 269 345 511 247 273 265 348 119 291 463 214 142 260 291 539 583 92 634 370 229 194 217 347
494 561 499 321 151 0 575 576 261 312 482 209 525 201 331 193 338 223 561 215 209 412 108 196 526 569 674 281 129 320 408 221 227 427 213 472 249 585 559 626 669 157 216 452 157 127 190 450 550 417 354 590 462 687 220 190 591 226 240 199 303 245 141 402 542 340 480 205 551 268 525 136 144 472 176 652 200 536 173 281 226 315 444 75 649 246 502 572 214 240 156 235 499 128 319 536 279 599 305 244 135 308 281 187 244 250 501 499 218 517 567 542 56 210 476 238 275 240 210 173 261 95 611 249 640 119 564 775 472 252 512 185 556 448 221 229 470 199 265 186 286 188 255 390 154 52 249 256 516 563 88 584 332 129 51 218 315
332 96 137 890 621 575 0 9 824 877 994 784 127 772 837 747 242 798 66 790 778 304 529 771 49 65 102 836 674 344 233 794 801 150 788 108 790 41 116 144 173 730 786 125 724 690 754 144 30 202 232 27 119 112 790 765 49 800 795 773 278 819 686 175 42 898 125 779 28 833 51 711 715 120 737 95 764 42 736 844 801 882 133 650 79 780 84 8 775 815 612 807 77 698 872 41 841 120 878 818 682 864 837 761 818 823 153 169 786 132 30 63 630 776 100 799 798 814 780 737 768 639 99 820 79 651 212 330 179 827 75 758 112 172 793 745 110 773 840 749 848 729 828 201 728 626 824 829 114 106 547 21 902 690 539 790 887
340 105 131 892 620 576 9 0 824 880 998 785 120 774 841 749 242 800 75 791 779 311 532 772 51 74 99 838 677 341 240 796 803 153 789 112 793 32 125 135 165 732 787 125 724 692 757 149 37 208 231 34 118 111 792 766 40 801 798 774 278 820 686 178 38 901 121 780 34 833 54 712 717 118 739 89 764 47 736 846 802 884 136 651 81 784 82 17 778 816 615 809 77 699 874 41 843 111 879 820 685 867 839 763 818 825 161 163 788 141 39 71 631 776 101 799 801 815 782 738 767 642 107 822 84 651 204 321 187 828 72 760 121 178 795 748 109 774 841 751 850 728 830 205 729 628 825 831 108 98 547 29 904 693 540 791 889
749 818 731 185 223 261 824 824 0 194 421 94 757 146 333 207 582 95 816 93 55 670 351 95 775 825 919 219 236 523 668 126 120 679 108 725 241 829 817 855 897 151 51 699 103 200 176 706 801 677 595 842 707 935 152 113 834 125 206 78 546 115 139 655 788 235 719 126 802 10 775 138 169 713 191 894 61 787 89 192 89 186 696 189 900 255 746 822 186 112 335 133 747 132 239 784 194 832 153 69 230 224 215 125 60 123 760 724 162 776 819 796 217 51 725 26 283 74 152 88 134 247 868 145 893 175 777 982 732 69 756 140 814 707 138 282 716 131 81 182 198 105 129 647 149 209 79 128 752 797 278 835 183 204 308 62 159
726 850 810 20 363 312 877 880 194 0 227 133 836 112 162 132 647 119 855 128 181 662 351 145 829 863 978 57 204 627 683 101 99 727 119 771 108 891 844 937 980 157 173 758 214 188 123 743 851 700 664 890 769 989 92 138 897 96 86 159 613 90 270 702 846 41 790 116 852 188 826 190 168 781 141 959 206 837 218 34 122 11 745 244 947 125 809 873 102 95 286 85 803 222 50 839 38 910 45 129 196 39 52 135 138 81 783 810 93 802 866 837 255 194 779 207 134 127 102 213 323 238 900 68 936 297 875 1086 751 127 818 130 842 733 96 168 776 119 113 129 32 266 73 682 160 267 118 74 827 873 375 884 35 187 340 156 44
774 948 952 236 572 482 994 998 421 227 0 353 978 315 159 293 786 341 959 349 404 731 476 363 949 967 1096 218 353 800 774 317 318 847 337 886 235 1015 938 1078 1121 353 397 886 430 359 308 852 965 799 807 1002 899 1102 298 351 1023 313 253 380 757 313 484 823 970 185 927 328 967 414 944 393 355 915 314 1084 429 953 437 236 345 234 864 432 1056 236 937 989 282 318 385 303 925 429 187 960 236 1049 268 355 348 202 220 344 364 304 875 960 292 897 978 945 432 418 903 433 209 353 304 432 549 390 996 286 1041 505 1032 1244 842 353 946 334 937 832 307 259 905 328 340 308 229 487 297 794 358 451 344 297 965 1011 562 997 241 356 492 380 263
677 768 703 133 231 209 784 785 94 133 353 0 729 52 246 113 546 16 769 6 54 603 281 14 735 777 882 138 149 508 609 37 35 635 16 680 150 793 765 830 872 64 50 661 82 115 81 657 759 622 561 799 670 896 61 22 799 39 116 27 510 44 138 610 750 173 687 32 760 95 733 73 83 679 97 860 77 745 86 117 17 130 652 134 857 163 710 781 93 39 249 50 708 94 166 744 117 804 107 39 142 151 134 33 43 53 706 700 70 723 776 750 155 68 684 93 192 34 59 81 201 167 818 67 848 167 761 970 676 47 720 46 762 654 48 188 678 37 57 88 123 134 60 597 64 157 41 60 722 768 255 793 139 118 249 34 117
410 208 26 846 542 525 127 120 757 836 978 729 0 726 819 710 191 745 180 735 716 358 502 716 110 184 180 800 638 245 277 745 751 157 736 145 759 100 226 101 145 682 724 108 661 648 712 186 134 244 172 154 92 206 745 713 100 751 759 714 223 768 618 174 91 861 53 729 130 766 119 657 669 70 696 147 698 128 671 804 746 839 146 597 195 752 73 133 735 764 593 759 103 638 837 102 801 75 830 761 646 827 800 710 759 774 236 44 742 223 150 165 581 711 110 731 773 757 735 673 685 602 225 773 203 582 96 276 250 769 74 710 221 226 746 721 93 724 784 708 809 656 779 216 679 573 768 780 19 41 479 148 857 649 497 731 839
645 750 700 120 258 201 772 774 146 112 315 52 726 0 197 62 538 53 754 54 105 574 255 56 724 762 872 98 111 515 587 28 36 623 39 667 99 784 746 827 870 45 101 651 115 84 31 641 746 602 555 786 662 884 20 39 791 32 67 76 504 53 169 597 740 146 681 21 747 146 721 80 58 672 50 852 125 733 125 86 59 114 640 132 844 111 701 769 41 51 209 36 697 114 132 734 84 801 105 84 103 117 95 29 91 54 686 700 23 704 763 735 145 118 674 145 141 78 11 120 249 138 801 48 834 191 764 975 655 89 711 19 744 635 21 136 669 16 92 38 92 176 57 581 48 155 79 58 717 764 263 780 131 85 234 86 114
632 793 793 181 437 331 837 841 333 162 159 246 819 197 0 154 627 240 804 245 300 582 317 252 791 811 939 116 202 644 620 210 215 689 230 729 99 857 784 919 962 224 296 727 309 215 178 695 808 644 648 845 740 945 185 236 865 209 130 272 599 219 358 664 812 139 768 215 810 330 786 263 219 756 177 926 321 795 321 146 246 174 706 290 900 91 779 832 156 222 226 201 767 301 114 802 144 890 205 264 197 124 121 226 273 211 721 801 176 742 821 788 284 314 744 338 59 260 188 316 446 236 842 189 886 372 874 1086 688 266 787 212 783 677 198 102 746 212 258 175 142 372 206 636 228 305 255 207 806 852 414 840 195 211 335 279 206
598 718 684 147 284 193 747 749 207 132 293 113 710 62 154 0 520 115 724 115 162 531 220 113 699 732 848 90 73 513 551 87 95 597 100 640 58 761 712 811 855 71 160 629 158 67 32 612 720 568 538 759 640 858 64 95 768 90 49 133 487 110 204 571 717 152 663 82 721 207 696 110 65 653 23 830 178 706 173 98 121 138 614 139 816 63 680 743 32 109 158 89 673 147 127 709 94 784 145 145 65 118 90 83 152 107 651 687 55 670 735 706 140 174 650 203 95 139 59 168 301 108 768 91 805 218 755 967 619 150 689 68 710 601 77 76 647 76 151 25 102 223 107 551 75 158 140 109 700 747 269 753 162 64 213 146 152
329 254 166 658 380 338 242 242 582 647 786 546 191 538 627 520 0 561 244 552 537 248 310 533 193 252 337 609 448 142 179 559 565 108 551 150 568 247 259 292 336 495 545 117 483 458 523 149 221 159 23 261 125 353 557 528 253 564 568 533 36 583 444 89 206 671 143 543 221 591 194 473 481 134 507 315 522 207 494 615 563 650 121 412 319 560 164 240 546 578 402 573 166 458 647 201 611 264 643 579 455 637 610 525 578 588 220 175 554 226 240 222 394 534 143 557 582 575 547 496 528 411 299 586 314 409 253 461 206 587 174 523 255 172 558 529 133 537 601 518 619 486 593 111 492 388 585 593 181 227 305 254 669 460 307 550 652
688 782 719 118 246 223 798 800 95 119 341 16 745 53 240 115 561 0 784 10 63 615 293 29 749 792 897 129 157 524 622 30 25 650 15 695 146 808 779 845 888 75 57 676 97 125 84 672 774 635 576 814 685 911 56 34 814 31 111 40 526 30 153 625 765 159 702 33 774 94 748 88 94 694 101 875 88 760 99 106 6 115 667 149 872 160 725 796 91 25 257 40 722 110 155 759 106 820 92 31 150 140 125 42 37 38 719 716 67 737 790 764 169 77 699 98 188 25 57 94 210 178 832 55 863 183 776 986 689 37 735 52 776 667 43 188 693 40 44 91 112 147 46 611 75 172 29 46 737 784 271 807 123 127 263 40 101
269 30 183 869 623 561 66 75 816 855 959 769 180 754 804 724 244 784 0 775 768 250 504 757 73 8 148 811 651 365 187 777 784 138 772 94 764 107 50 210 239 713 776 136 714 670 734 112 47 160 240 52 138 145 771 750 115 782 772 760 279 802 681 162 89 873 161 762 51 825 65 697 697 149 715 153 756 53 727 822 787 861 123 636 97 753 117 58 753 798 582 789 94 687 846 78 818 186 859 805 659 839 812 745 805 806 94 218 766 72 36 22 614 767 108 792 768 801 761 729 771 618 55 801 82 647 272 395 125 813 112 740 46 127 775 715 128 755 826 728 825 725 810 173 711 613 810 811 164 167 543 52 882 670 521 779 868
683 774 710 128 237 215 790 791 93 128 349 6 735 54 245 115 552 10 775 0 56 608 286 20 741 784 888 136 153 515 615 35 32 642 15 686 150 799 771 836 879 69 50 667 87 120 84 664 765 628 567 805 677 902 60 27 805 37 115 31 517 39 143 616 756 168 693 33 766 92 740 79 88 686 100 866 80 751 90 114 11 125 659 140 864 163 716 787 94 34 253 47 714 100 163 751 114 810 102 34 146 148 132 37 39 48 712 707 70 729 782 756 162 70 691 93 192 28 60 85 203 173 824 63 854 173 767 976 682 41 726 50 768 660 47 190 684 39 51 91 120 138 55 603 69 164 35 55 728 775 261 799 133 123 255 34 111
695 769 690 177 195 209 778 779 55 181 404 54 716 105 300 162 537 63 768 56 0 617 297 49 729 776 875 192 183 487 616 91 88 632 70 677 203 784 767 815 857 99 9 654 55 147 131 657 755 626 551 795 662 890 115 67 790 93 170 29 501 91 103 607 743 222 676 85 755 60 728 83 117 670 143 851 25 741 46 169 59 176 649 136 854 216 702 776 146 87 281 103 702 81 218 738 170 791 148 55 177 203 188 79 49 101 710 685 124 726 772 748 164 14 679 42 246 55 113 43 147 192 819 119 846 137 741 948 681 61 712 93 764 657 102 238 671 89 78 136 176 86 108 598 97 157 66 107 710 756 236 788 179 151 256 24 156
89 230 342 678 525 412 304 311 670 662 731 603 358 574 582 531 248 615 250 608 617 0 322 593 273 256 398 611 464 384 81 601 609 202 601 216 560 339 215 433 470 540 623 252 568 491 549 173 274 114 266 301 266 394 588 581 348 606 576 601 259 627 552 193 299 672 308 587 277 677 264 536 522 289 529 399 611 266 585 628 619 669 211 481 344 547 288 297 563 624 376 610 262 538 643 285 624 403 675 642 472 639 614 573 644 628 156 370 581 179 279 243 453 620 248 650 555 636 579 584 664 437 274 618 326 523 449 623 126 649 292 565 216 135 595 505 265 580 659 542 630 598 631 150 540 462 643 632 339 371 433 298 693 490 363 621 683
398 499 476 366 256 108 529 532 351 351 476 281 502 255 317 220 310 293 504 286 297 322 0 271 481 512 631 307 148 339 333 280 288 379 279 421 261 545 493 602 646 218 302 414 251 170 232 392 501 349 331 540 426 640 270 259 553 285 268 280 282 306 247 354 501 370 452 266 503 357 478 215 200 440 212 614 294 488 269 318 297 357 396 163 597 252 465 525 250 303 94 291 456 221 343 492 314 574 358 319 156 335 308 251 321 308 432 484 264 451 516 486 134 301 433 332 272 314 260 268 368 116 549 300 585 226 558 769 401 327 474 244 491 382 276 219 432 259 337 225 321 292 312 331 217 147 321 313 490 536 176 534 379 169 61 299 367
668 756 690 146 218 196 771 772 95 145 363 14 716 56 252 113 533 29 757 20 49 593 271 0 722 765 869 147 142 495 598 47 47 623 26 668 155 780 753 816 859 57 47 648 69 108 82 645 746 610 548 787 657 883 68 18 786 50 122 20 497 57 125 598 737 184 673 37 747 97 721 60 76 666 95 847 69 732 74 128 30 143 640 121 845 167 697 768 97 52 242 61 695 81 177 732 128 791 121 49 136 162 144 30 51 66 694 687 76 711 763 737 144 62 672 90 197 44 65 69 194 159 806 78 836 154 747 956 664 57 707 45 750 642 56 189 665 40 69 88 134 124 73 585 56 145 53 73 709 755 241 780 152 111 238 34 130
312 99 110 841 573 526 49 51 775 829 949 735 110 724 791 699 193 749 73 741 729 273 481 722 0 78 149 788 626 300 197 746 752 102 739 63 742 69 117 161 198 681 737 77 675 641 706 104 31 164 184 68 73 161 741 716 77 751 747 724 230 770 638 127 27 850 89 730 29 784 10 662 666 79 688 136 715 20 687 796 752 833 85 601 126 733 45 47 727 766 565 759 28 649 824 13 792 132 829 769 634 816 789 712 768 774 132 145 737 116 51 55 581 727 51 750 751 765 731 688 720 591 124 771 123 603 204 352 153 777 38 709 112 137 744 698 63 724 791 700 800 680 779 156 679 577 775 780 92 105 498 61 854 642 490 741 838
273 31 187 877 631 569 65 74 825 863 967 777 184 762 811 732 252 792 8 784 776 256 512 765 78 0 142 819 659 372 194 785 792 146 780 102 771 106 51 209 237 721 784 143 722 678 742 120 50 168 247 49 144 139 779 758 114 790 780 768 287 810 689 170 92 881 166 770 53 833 70 705 705 155 723 149 764 58 736 829 795 869 131 644 90 761 122 58 761 806 590 797 100 695 854 82 826 186 867 813 667 847 820 753 813 814 99 222 774 77 36 30 622 775 115 800 776 809 769 737 779 626 48 809 74 655 274 393 131 822 116 748 48 134 783 723 135 763 834 736 833 733 818 181 719 621 818 819 168 169 551 49 890 678 529 787 876
413 171 201 990 711 674 102 99 919 978 1096 882 180 872 939 848 337 897 148 888 875 398 631 869 149 142 0 937 775 422 332 894 901 252 887 210 892 91 189 128 130 829 883 222 820 790 855 245 131 302 325 98 212 30 890 864 86 899 897 870 373 918 781 277 132 999 204 878 129 928 153 809 815 206 837 38 859 144 831 945 900 983 234 748 63 882 173 107 876 914 714 907 175 795 973 139 942 125 978 916 783 965 938 860 915 923 242 224 886 219 121 156 729 872 199 894 900 912 880 833 857 740 142 920 84 746 231 273 272 924 163 858 187 270 893 847 204 872 938 850 949 822 928 303 827 725 922 928 177 142 641 101 1003 791 639 888 987
673 804 774 76 355 281 836 838 219 57 218 138 800 98 116 90 609 129 811 136 192 611 307 147 788 819 937 0 162 601 635 101 104 685 122 728 52 851 798 901 945 138 186 718 212 155 94 699 808 654 628 847 730 947 80 134 858 99 41 166 577 105 266 660 806 63 753 111 810 215 784 176 142 742 105 920 215 795 221 31 134 67 703 221 904 68 769 831 68 108 235 89 762 212 38 798 27 874 92 150 154 28 5 126 159 96 736 777 75 756 823 793 226 206 739 226 79 146 87 216 339 198 855 75 892 288 844 1056 704 151 779 116 796 688 91 112 737 111 142 96 28 271 90 638 142 242 140 91 790 836 353 841 92 152 303 169 95
534 646 612 218 247 129 674 677 236 204 353 149 638 111 202 73 448 157 651 153 183 464 148 142 626 659 775 162 0 447 480 138 147 524 143 567 122 689 641 740 783 86 184 556 156 36 85 539 647 497 466 686 568 786 124 127 696 143 121 158 415 164 185 499 644 224 591 126 649 239 623 105 67 581 65 758 190 634 174 170 163 210 541 97 744 118 607 670 102 162 100 147 600 133 199 637 167 712 211 187 8 190 163 116 192 165 580 616 117 599 663 633 84 192 577 224 145 181 115 171 299 37 697 154 732 187 685 897 548 194 617 105 639 530 132 102 575 119 200 78 174 217 167 478 87 107 186 168 628 675 213 681 232 32 142 176 220
468 381 222 634 302 320 344 341 523 627 800 508 245 515 644 513 142 524 365 515 487 384 339 495 300 372 422 601 447 0 320 530 535 240 517 276 568 334 390 337 377 470 496 228 434 446 508 285 331 301 133 368 228 444 535 495 337 535 559 490 124 550 385 227 302 658 220 514 330 532 305 439 461 223 495 391 467 318 441 599 525 628 250 383 422 564 260 345 533 546 432 545 274 415 638 304 596 317 614 536 453 626 600 495 533 557 358 207 534 361 351 343 374 480 257 496 591 533 525 444 441 410 420 561 422 350 254 462 347 544 269 497 385 313 533 542 238 510 560 505 604 419 564 253 467 361 544 564 245 286 254 360 643 449 309 504 623
151 174 261 698 500 408 233 240 668 683 774 609 277 587 620 551 179 622 187 615 616 81 333 598 197 194 332 635 480 320 0 612 620 122 610 137 586 265 164 355 394 549 623 171 565 502 564 94 203 34 194 234 186 332 602 588 274 617 597 604 197 638 541 114 223 698 228 597 206 675 189 539 531 209 545 328 607 193 580 649 626 689 131 481 284 574 209 227 581 635 402 623 184 536 669 210 645 325 691 647 488 664 637 582 648 641 102 290 597 123 211 176 455 617 169 645 587 642 593 580 645 449 222 633 268 509 369 545 69 655 213 576 163 62 608 535 185 591 666 558 652 587 644 72 548 459 650 645 259 292 412 231 712 502 361 623 699
672 774 719 105 262 221 794 796 126 101 317 37 745 28 210 87 559 30 777 35 91 601 280 47 746 785 894 101 138 530 612 0 9 645 21 690 115 805 770 846 889 65 86 673 115 110 58 665 769 626 575 809 683 906 26 37 812 5 80 64 524 26 170 620 762 139 701 16 770 124 744 91 81 693 77 873 114 755 121 81 37 100 662 149 867 130 723 791 61 24 236 16 719 121 130 756 81 820 85 59 131 115 98 35 67 29 710 718 36 728 785 758 165 105 695 128 158 54 28 116 238 164 824 32 857 197 780 991 680 64 732 37 768 659 12 159 690 22 64 65 88 171 34 604 67 172 53 35 737 784 277 803 113 111 256 69 94
680 782 725 101 264 227 801 803 120 99 318 35 751 36 215 95 565 25 784 32 88 609 288 47 752 792 901 104 147 535 620 9 0 652 20 697 121 812 778 852 895 72 82 679 115 118 66 672 776 634 581 816 689 913 33 40 818 6 86 63 531 18 172 627 768 138 707 23 777 118 751 96 88 699 86 880 112 762 121 82 31 97 669 154 874 136 729 798 69 15 245 15 726 124 131 762 82 826 79 52 139 116 100 41 60 22 718 724 43 736 792 765 172 102 702 123 163 47 36 116 235 172 832 32 864 199 786 996 687 56 739 44 775 666 19 166 697 29 56 74 88 170 29 611 73 178 45 29 743 790 281 809 109 119 263 65 89
265 146 140 740 485 427 150 153 679 727 847 635 157 623 689 597 108 650 138 642 632 202 379 623 102 146 252 685 524 240 122 645 652 0 639 45 640 168 152 244 285 581 640 50 578 540 604 46 124 89 108 164 65 262 640 616 176 650 645 625 141 670 543 25 123 748 107 629 125 688 99 563 565 88 587 237 619 110 591 694 653 732 17 502 222 631 95 146 625 666 463 658 79 551 722 114 690 214 728 671 532 714 686 612 670 674 119 168 636 121 141 117 481 630 57 655 648 666 630 592 633 489 192 670 214 509 247 431 115 679 102 609 148 82 643 596 66 623 692 599 698 587 679 59 579 479 676 679 140 178 405 157 752 540 389 643 737
674 770 710 121 244 213 788 789 108 119 337 16 736 39 230 100 551 15 772 15 70 601 279 26 739 780 887 122 143 517 610 21 20 639 0 684 134 798 766 836 879 61 65 665 95 111 69 660 763 623 566 803 675 900 45 23 804 24 100 43 516 33 152 614 754 158 692 18 764 107 737 79 80 685 87 865 93 749 101 102 21 117 656 139 861 148 715 785 79 28 242 35 712 105 151 748 102 810 97 45 135 136 119 28 52 40 707 707 55 725 779 753 158 84 688 108 177 40 45 96 217 164 820 52 851 179 769 979 677 52 724 38 764 655 32 175 683 25 58 76 108 150 47 599 62 162 43 47 728 774 264 796 127 113 251 49 106
265 105 134 784 529 472 108 112 725 771 886 680 145 667 729 640 150 695 94 686 677 216 421 668 63 102 210 728 567 276 137 690 697 45 684 0 683 132 114 218 257 625 685 54 623 584 648 43 80 104 147 119 63 218 684 661 140 695 688 670 185 714 588 70 87 791 102 674 81 733 57 608 609 84 630 199 664 67 636 737 698 776 29 547 177 673 73 103 669 710 504 702 47 597 764 76 734 188 772 716 575 757 730 657 715 718 97 167 680 91 96 72 525 676 35 700 690 711 675 637 677 533 148 714 168 554 240 408 105 724 76 653 109 81 688 637 57 668 737 643 741 632 723 93 623 524 721 724 126 155 450 113 796 584 433 688 781
621 756 733 127 341 249 790 793 241 108 235 150 759 99 99 58 568 146 764 150 203 560 261 155 742 771 892 52 122 568 586 115 121 640 134 683 0 806 749 860 904 125 199 674 210 124 79 652 762 606 587 801 687 901 89 138 814 115 36 174 536 129 259 615 762 112 711 118 764 239 739 165 122 700 80 875 223 749 222 77 152 118 657 197 858 17 726 786 58 131 185 109 717 202 83 754 73 832 137 173 115 79 56 127 181 123 687 737 79 707 777 746 197 217 694 242 43 168 90 217 348 159 806 101 845 276 807 1019 655 176 735 113 748 639 103 60 693 115 171 77 77 273 119 592 129 215 165 121 748 795 327 795 143 121 264 183 142
371 137 116 902 621 585 41 32 829 891 1015 793 100 784 857 761 247 808 107 799 784 339 545 780 69 106 91 851 689 334 265 805 812 168 798 132 806 0 157 103 134 741 793 133 730 703 767 172 66 232 234 63 122 111 802 775 9 811 810 780 283 829 690 193 45 913 114 789 63 838 76 720 726 116 750 69 769 72 741 858 810 895 151 659 95 798 83 49 789 825 631 819 90 705 887 56 855 80 889 827 697 879 852 771 825 834 191 144 798 171 71 102 640 781 113 803 816 823 792 743 767 653 137 831 104 655 176 290 216 835 73 769 153 204 804 763 115 783 849 762 862 731 839 224 739 635 833 840 92 70 551 59 915 704 551 798 898
224 20 226 859 632 559 116 125 817 844 938 765 226 746 784 712 259 779 50 771 767 215 493 753 117 51 189 798 641 390 164 770 778 152 766 114 749 157 0 260 288 706 774 165 714 662 724 113 95 144 259 100 170 181 762 745 165 775 760 758 292 796 684 172 137 860 201 755 99 825 107 693 689 186 705 199 756 98 728 810 782 850 140 633 131 738 158 108 743 792 566 782 131 686 832 124 807 236 851 802 649 826 800 739 802 799 63 261 757 42 86 61 609 767 139 793 751 797 752 729 779 609 59 792 111 651 319 444 96 810 154 734 5 111 767 699 162 749 822 718 814 729 803 170 705 611 806 804 209 216 548 101 872 661 516 776 859
471 240 127 947 638 626 144 135 855 937 1078 830 101 827 919 811 292 845 210 836 815 433 602 816 161 209 128 901 740 337 355 846 852 244 836 218 860 103 260 0 44 783 824 197 761 749 814 261 168 322 273 163 182 158 846 813 95 852 860 814 324 869 716 264 134 962 150 830 164 865 170 758 770 164 798 91 797 171 770 905 847 940 229 698 173 853 149 152 837 864 693 860 171 738 938 148 902 30 931 861 747 929 902 811 859 874 291 131 843 273 174 204 682 810 189 829 874 858 836 772 779 703 235 874 190 681 108 191 313 869 143 811 256 297 847 821 179 825 884 809 910 753 880 303 780 674 868 881 112 67 579 161 958 751 598 831 940
505 268 171 990 678 669 173 165 897 980 1121 872 145 870 962 855 336 888 239 879 857 470 646 859 198 237 130 945 783 377 394 889 895 285 879 257 904 134 288 44 0 826 866 239 803 792 857 300 200 361 317 189 225 158 889 856 125 894 903 857 368 912 757 307 171 1006 194 873 197 906 207 800 813 207 841 98 839 206 812 949 889 983 270 741 185 896 190 181 880 907 736 903 211 781 982 185 946 73 974 903 790 972 945 854 901 917 325 172 887 305 203 236 725 852 230 870 917 900 879 814 818 747 256 917 205 722 135 157 349 911 184 854 284 335 890 865 221 868 926 852 953 794 923 344 823 717 910 923 156 110 621 187 1001 794 642 873 983
614 710 656 165 218 157 730 732 151 157 353 64 682 45 224 71 495 75 713 69 99 540 218 57 681 721 829 138 86 470 549 65 72 581 61 625 125 741 706 783 826 0 100 608 87 51 46 601 704 563 511 744 619 842 65 42 747 70 101 72 460 89 134 555 697 190 637 49 705 153 679 40 19 629 49 809 111 691 102 129 79 159 598 87 802 133 658 727 72 86 186 78 654 77 173 691 128 756 148 103 79 160 136 33 107 93 647 655 65 664 721 694 101 110 631 141 165 97 55 97 231 104 760 92 792 152 719 930 616 110 668 28 704 595 64 145 626 43 119 48 135 151 98 540 4 110 103 99 673 720 218 738 175 54 192 90 158
700 776 699 169 205 216 786 787 51 173 397 50 724 101 296 160 545 57 776 50 9 623 302 47 737 784 883 186 184 496 623 86 82 640 65 685 199 793 774 824 866 100 0 662 63 149 129 665 763 633 559 803 671 898 111 65 798 87 165 28 510 84 112 615 751 214 684 81 763 56 736 88 118 678 142 859 34 749 55 163 52 168 657 143 861 213 710 784 143 80 283 97 710 88 211 746 163 799 139 46 179 196 182 77 40 93 717 693 120 733 780 756 169 21 686 43 242 47 109 52 153 196 826 112 853 146 750 957 688 52 720 92 772 664 97 236 679 86 69 135 169 95 101 605 98 164 57 100 718 764 245 796 171 152 262 17 147
310 154 90 770 496 452 125 125 699 758 886 661 108 651 727 629 117 676 136 667 654 252 414 648 77 143 222 718 556 228 171 673 679 50 665 54 674 133 165 197 239 608 662 0 599 570 635 85 106 138 107 145 15 236 669 642 140 678 678 649 153 697 561 68 89 780 57 657 105 708 79 588 594 38 617 201 639 92 611 725 678 762 41 527 203 666 51 124 656 693 501 686 49 574 755 85 722 167 756 695 564 746 719 639 694 701 150 120 666 145 126 114 508 651 28 674 685 691 659 613 643 521 192 699 199 526 198 382 154 703 60 636 160 125 672 632 19 651 717 629 729 603 707 108 606 503 701 707 90 130 422 138 782 571 418 666 766
648 716 636 215 150 157 724 724 103 214 430 82 661 115 309 158 483 97 714 87 55 568 251 69 675 722 820 212 156 434 565 115 115 578 95 623 210 730 714 761 803 87 63 599 0 121 131 604 700 573 496 741 608 835 132 78 736 119 181 58 447 126 56 553 688 253 621 102 701 111 674 52 98 615 136 796 43 686 18 196 96 212 595 88 799 219 647 721 153 121 248 130 647 30 244 684 195 736 189 103 153 229 209 86 99 135 657 630 138 673 718 694 117 53 624 81 251 101 126 17 145 156 765 147 791 86 687 895 629 110 657 98 711 604 123 232 616 102 126 134 202 64 142 544 83 107 112 142 655 701 182 734 220 126 206 71 198
563 666 622 200 224 127 690 692 200 188 359 115 648 84 215 67 458 125 670 120 147 491 170 108 641 678 790 155 36 446 502 110 118 540 111 584 124 703 662 749 792 51 149 570 121 0 65 558 663 518 476 703 581 802 101 93 709 115 113 122 425 136 154 515 658 214 602 96 665 203 639 69 32 592 49 771 154 650 139 156 130 192 557 75 761 125 620 686 88 133 135 121 615 100 192 652 153 722 189 154 32 181 154 83 158 138 601 623 96 619 679 651 73 156 592 188 156 148 91 135 265 54 716 131 750 161 690 902 570 161 630 74 659 550 106 121 588 89 169 60 161 183 142 497 52 91 154 143 638 685 203 697 213 5 152 141 198
618 730 686 135 264 190 754 757 176 123 308 81 712 31 178 32 523 84 734 84 131 549 232 82 706 742 855 94 85 508 564 58 66 604 69 648 79 767 724 814 857 46 129 635 131 65 0 621 728 580 541 768 646 866 39 64 774 61 55 102 490 82 180 579 723 151 666 51 729 176 703 86 48 657 20 836 148 714 144 92 90 128 622 127 825 88 685 751 26 81 180 63 680 124 131 716 89 787 127 114 77 119 93 52 121 81 664 688 32 682 744 715 134 143 656 172 120 109 31 139 271 116 780 69 814 198 753 965 632 120 695 37 722 613 49 107 653 45 122 8 97 195 83 561 50 148 110 84 703 750 259 761 148 64 217 115 135
225 112 173 757 518 450 144 149 706 743 852 657 186 641 695 612 149 672 112 664 657 173 392 645 104 120 245 699 539 285 94 665 672 46 660 43 652 172 113 261 300 601 665 85 604 558 621 0 114 61 152 150 98 250 658 638 181 670 660 649 180 690 572 60 129 762 140 650 117 715 96 585 584 121 603 238 645 103 617 709 675 748 45 525 206 642 115 138 641 686 471 677 90 576 735 117 706 231 747 694 547 727 701 633 694 694 73 205 653 77 126 94 502 657 76 682 658 689 649 618 666 506 161 688 193 539 280 451 70 702 119 628 110 40 662 605 95 643 714 616 713 617 698 61 599 502 698 699 167 198 436 145 770 558 409 667 756
304 76 137 863 601 550 30 37 801 851 965 759 134 746 808 720 221 774 47 765 755 274 501 746 31 50 131 808 647 331 203 769 776 124 763 80 762 66 95 168 200 704 763 106 700 663 728 114 0 172 213 40 103 139 764 740 75 774 768 748 257 793 664 149 42 871 119 753 4 810 27 686 689 110 710 125 741 14 713 817 776 855 106 625 99 752 75 24 748 789 583 782 57 674 844 32 814 142 852 794 655 837 809 736 793 798 124 172 760 105 20 36 604 753 78 776 769 790 754 714 749 613 94 794 93 630 225 357 150 802 67 732 91 141 767 716 93 747 816 722 821 707 802 172 702 602 799 803 118 121 525 34 876 664 513 766 861
178 151 228 715 501 417 202 208 677 700 799 622 244 602 644 568 159 635 160 628 626 114 349 610 164 168 302 654 497 301 34 626 634 89 623 104 606 232 144 322 361 563 633 138 573 518 580 61 172 0 171 205 152 304 618 601 241 632 616 615 182 652 546 84 190 717 194 611 175 684 157 551 546 176 561 297 616 162 588 666 639 706 97 491 257 595 175 196 599 648 423 638 150 545 689 177 663 292 706 659 505 683 656 595 660 655 84 257 613 102 181 147 467 626 135 653 609 654 608 589 647 464 201 648 242 514 335 512 56 667 179 590 142 34 623 556 151 605 679 574 670 592 659 48 561 469 663 660 225 258 414 201 728 517 373 634 715
344 252 146 675 389 354 232 231 595 664 807 561 172 555 648 538 23 576 240 567 551 266 331 548 184 247 325 628 466 133 194 575 581 108 566 147 587 234 259 273 317 511 559 107 496 476 541 152 213 171 0 253 113 342 574 544 239 581 587 548 51 598 456 93 194 689 126 559 213 604 186 488 498 119 525 300 535 199 507 632 578 668 119 428 310 580 151 231 564 594 423 589 156 472 665 191 629 246 660 594 474 656 628 541 592 604 225 154 571 229 233 218 410 548 135 569 602 590 564 509 536 430 295 603 306 421 231 439 214 602 162 539 255 180 575 549 122 554 616 536 637 498 609 123 509 404 600 610 162 209 317 245 686 478 325 565 669
321 80 164 903 641 590 27 34 842 890 1002 799 154 786 845 759 261 814 52 805 795 301 540 787 68 49 98 847 686 368 234 809 816 164 803 119 801 63 100 163 189 744 803 145 741 703 768 150 40 205 253 0 141 100 804 780 69 814 807 789 297 833 704 189 68 910 151 793 40 850 67 726 729 145 749 100 781 54 753 857 816 895 147 665 59 791 109 23 788 829 621 822 96 714 883 64 853 142 891 834 694 876 848 776 834 838 145 196 799 124 24 59 644 793 118 817 807 830 794 755 788 652 74 833 55 670 238 345 175 842 100 772 97 173 807 754 132 787 856 762 860 747 842 209 742 642 839 843 141 131 565 7 916 704 552 807 901
324 158 75 781 502 462 119 118 707 769 899 670 92 662 740 640 125 685 138 677 662 266 426 657 73 144 212 730 568 228 186 683 689 65 675 63 687 122 170 182 225 619 671 15 608 581 646 98 103 152 113 141 0 228 680 652 129 688 689 658 161 707 569 83 81 792 42 667 102 716 76 598 604 23 629 190 647 90 619 736 688 773 55 537 198 678 40 119 667 703 514 697 46 583 767 78 733 152 767 704 576 758 731 649 703 712 160 106 677 153 123 116 518 660 31 682 698 700 670 621 649 532 192 709 195 534 183 367 167 712 49 647 165 138 682 645 9 661 726 640 741 611 717 124 616 513 710 717 75 115 429 134 793 582 429 675 776
403 165 225 1002 730 687 112 111 935 989 1102 896 206 884 945 858 353 911 145 902 890 394 640 883 161 139 30 947 786 444 332 906 913 262 900 218 901 111 181 158 158 842 898 236 835 802 866 250 139 304 342 100 228 0 902 877 108 912 907 885 389 931 797 287 148 1009 225 891 137 944 163 823 827 225 848 67 875 152 847 956 913 994 244 762 50 891 190 115 887 927 721 920 188 810 983 152 952 154 990 930 794 975 948 873 929 935 238 250 898 215 124 158 742 887 212 910 907 926 892 849 876 751 128 932 70 762 261 298 269 938 180 870 180 271 905 855 220 885 952 861 960 839 940 309 840 739 936 941 201 168 658 106 1014 802 651 902 999
657 767 719 101 276 220 790 792 152 92 298 61 745 20 185 64 557 56 771 60 115 588 270 68 741 779 890 80 124 535 602 26 33 640 45 684 89 802 762 846 889 65 111 669 132 101 39 658 764 618 574 804 680 902 0 54 809 27 55 87 523 45 186 615 758 126 700 31 765 150 739 99 76 691 59 870 137 750 141 66 63 94 657 151 861 104 720 786 36 45 219 25 715 133 113 752 65 819 88 85 116 98 77 46 93 43 702 719 11 720 780 752 164 129 691 153 132 79 10 136 262 154 817 30 851 210 783 994 670 89 729 38 760 651 14 134 687 30 87 47 72 191 44 597 68 174 78 45 736 783 283 797 113 101 251 94 97
655 748 687 141 225 190 765 766 113 138 351 22 713 39 236 95 528 34 750 27 67 581 259 18 716 758 864 134 127 495 588 37 40 616 23 661 138 775 745 813 856 42 65 642 78 93 64 638 740 601 544 780 652 877 54 0 781 42 106 38 493 56 134 591 732 176 669 23 741 115 715 56 61 662 77 842 86 726 87 117 38 137 634 116 838 150 692 762 80 51 227 53 689 84 165 726 117 788 119 61 120 151 131 12 65 62 685 685 61 703 757 730 136 80 666 108 180 56 49 82 210 145 798 70 829 160 746 956 655 69 702 27 742 633 44 171 660 24 78 70 124 138 69 577 42 140 62 69 705 751 241 774 149 96 229 52 128
380 145 117 909 625 591 49 40 834 897 1023 799 100 791 865 768 253 814 115 805 790 348 553 786 77 114 86 858 696 337 274 812 818 176 804 140 814 9 165 95 125 747 798 140 736 709 774 181 75 241 239 69 129 108 809 781 0 817 817 786 289 836 696 201 53 920 118 796 71 843 85 726 733 121 757 62 774 81 747 865 816 902 159 665 96 805 89 57 796 831 639 825 98 711 894 64 862 73 896 833 704 886 859 778 831 840 200 144 805 180 79 111 647 787 120 809 824 829 799 749 771 660 143 838 107 660 172 281 225 841 79 776 161 213 811 771 121 790 855 769 869 736 846 232 745 642 839 846 93 67 556 66 921 710 558 804 905
677 780 725 100 267 226 800 801 125 96 313 39 751 32 209 90 564 31 782 37 93 606 285 50 751 790 899 99 143 535 617 5 6 650 24 695 115 811 775 852 894 70 87 678 119 115 61 670 774 632 581 814 688 912 27 42 817 0 80 67 530 21 175 625 767 135 707 21 775 123 749 96 86 698 81 879 117 760 124 78 37 95 668 154 872 130 728 797 63 20 241 11 724 126 127 761 78 825 79 58 135 112 95 40 66 24 715 723 38 733 791 763 171 107 701 129 158 52 31 119 240 169 830 28 862 201 786 996 685 62 738 42 773 664 13 161 696 27 61 69 84 174 29 609 72 178 51 29 743 789 282 808 108 116 262 70 89
640 766 733 103 319 240 795 798 206 86 253 116 759 67 130 49 568 111 772 115 170 576 268 122 747 780 897 41 121 559 597 80 86 645 100 688 36 810 760 860 903 101 165 678 181 113 55 660 768 616 587 807 689 907 55 106 817 80 0 141 536 94 233 620 766 103 712 85 770 203 744 140 102 702 64 879 191 755 192 52 117 94 663 181 865 52 729 791 29 96 200 73 722 177 79 758 48 832 108 137 114 69 42 96 146 88 698 735 46 717 783 754 185 184 698 208 77 132 57 187 316 157 816 66 853 252 803 1015 666 140 738 84 758 649 68 89 696 82 136 56 54 243 84 599 105 201 129 86 749 795 313 802 118 111 262 149 114
678 760 689 158 207 199 773 774 78 159 380 27 714 76 272 133 533 40 760 31 29 601 280 20 724 768 870 166 158 490 604 64 63 625 43 670 174 780 758 814 857 72 28 649 58 122 102 649 748 615 548 789 658 885 87 38 786 67 141 0 498 70 114 600 738 199 673 57 749 81 722 65 91 666 114 847 50 734 59 145 38 156 642 124 847 187 697 770 117 65 257 78 696 76 194 733 145 789 131 47 152 179 162 50 45 79 699 685 96 716 766 740 149 42 673 70 217 43 84 54 174 171 810 94 839 144 743 952 670 54 707 64 755 647 75 209 666 60 70 107 151 107 86 589 71 147 54 86 708 754 237 782 163 126 243 19 140
344 288 197 624 345 303 278 278 546 613 757 510 223 504 599 487 36 526 279 517 501 259 282 497 230 287 373 577 415 124 197 524 531 141 516 185 536 283 292 324 368 460 510 153 447 425 490 180 257 182 51 297 161 389 523 493 289 530 536 498 0 548 408 120 242 638 177 508 257 555 230 438 447 169 474 350 486 243 458 581 528 617 156 377 355 529 200 277 513 544 374 538 202 422 614 238 578 297 609 544 423 605 577 490 542 553 250 202 520 257 276 257 360 499 179 521 551 540 513 460 492 379 333 552 350 373 277 487 233 552 210 489 288 199 524 499 169 503 566 485 586 450 558 136 458 353 550 559 213 260 269 290 635 427 274 515 618
698 800 742 89 276 245 819 820 115 90 313 44 768 53 219 110 583 30 802 39 91 627 306 57 770 810 918 105 164 550 638 26 18 670 33 714 129 829 796 869 912 89 84 697 126 136 82 690 793 652 598 833 707 931 45 56 836 21 94 70 548 0 182 644 786 130 724 40 794 111 768 112 106 717 102 897 116 780 129 79 33 86 687 171 892 145 746 816 81 5 262 21 743 137 127 780 80 843 64 45 157 112 100 58 54 9 736 740 56 754 810 783 189 105 720 122 171 41 51 124 237 190 850 30 882 211 802 1012 705 47 756 62 793 684 34 178 714 47 42 90 85 176 17 629 91 195 36 16 760 807 297 827 95 137 281 67 73
635 684 592 271 94 141 686 686 139 270 484 138 618 169 358 204 444 153 681 143 103 552 247 125 638 689 781 266 185 385 541 170 172 543 152 588 259 690 684 716 757 134 112 561 56 154 180 572 664 546 456 704 569 797 186 134 696 175 233 114 408 182 0 519 650 309 579 157 665 149 638 94 140 575 181 755 82 650 57 251 151 268 560 94 763 267 608 684 204 177 265 186 610 57 299 646 250 692 245 156 184 284 263 140 151 191 629 585 192 644 683 660 121 96 587 113 299 155 180 61 122 174 733 203 756 35 639 845 602 163 618 150 681 576 178 273 577 156 180 182 257 47 198 514 130 101 166 198 613 658 140 698 276 159 192 124 254
262 168 154 714 462 402 175 178 655 702 823 610 174 597 664 571 89 625 162 616 607 193 354 598 127 170 277 660 499 227 114 620 627 25 614 70 615 193 172 264 307 555 615 68 553 515 579 60 149 84 93 189 83 287 615 591 201 625 620 600 120 644 519 0 148 723 121 604 150 663 124 538 540 104 561 262 594 135 566 669 628 707 43 477 247 606 117 172 600 641 438 633 103 527 696 139 665 234 703 646 507 688 661 587 645 649 132 179 611 137 166 141 456 606 80 630 624 641 605 567 610 464 215 645 238 485 260 449 121 654 125 583 168 87 618 571 85 598 667 573 673 563 653 43 553 453 651 654 157 198 381 183 727 515 364 618 712
338 118 97 858 582 542 42 38 788 846 970 750 91 740 812 717 206 765 89 756 743 299 501 737 27 92 132 806 644 302 223 762 768 123 754 87 762 45 137 134 171 697 751 89 688 658 723 129 42 190 194 68 81 148 758 732 53 767 766 738 242 786 650 148 0 868 83 746 39 797 36 677 683 79 706 114 728 39 700 814 767 851 106 616 120 753 43 44 745 782 586 775 45 663 843 14 810 106 845 784 652 834 807 728 783 791 158 131 755 141 59 76 597 740 68 762 771 780 748 702 729 609 135 788 121 614 182 325 179 792 33 725 132 164 761 718 72 740 806 718 818 691 796 179 695 593 790 796 76 80 510 61 871 659 507 756 855
733 867 835 52 401 340 898 901 235 41 185 173 861 146 139 152 671 159 873 168 222 672 370 184 850 881 999 63 224 658 698 139 138 748 158 791 112 913 860 962 1006 190 214 780 253 214 151 762 871 717 689 910 792 1009 126 176 920 135 103 199 638 130 309 723 868 0 814 153 872 229 847 225 197 804 165 982 247 857 258 60 163 49 765 276 967 126 831 894 126 135 297 123 824 258 30 861 62 935 83 170 216 34 61 171 179 121 799 837 125 818 886 856 284 235 801 248 126 168 135 253 365 260 917 106 955 335 904 1116 766 168 841 164 859 750 132 169 799 155 154 154 54 306 114 701 193 298 159 114 851 898 408 904 62 212 364 197 80
