NAME : X-n139-k10_SARP
COMMENT : Curated from VRPLIB to SARP
TYPE : SARP
DIMENSION : 139
EDGE_WEIGHT_TYPE : EXPLICIT
EDGE_WEIGHT_FORMAT : FULL_MATRIX
EDGE_WEIGHT_SECTION
0 305 429 371 282 581 561 307 313 256 530 428 343 427 543 334 592 349 205 460 261 512 525 481 494 519 236 472 414 443 410 342 365 195 312 42 533 275 268 13 495 243 178 316 464 501 397 487 430 607 323 451 324 134 474 280 612 381 361 625 461 511 401 572 431 463 119 186 326 297 596 104 227 434 458 170 593 498 358 657 422 224 544 375 482 225 187 587 486 611 510 451 193 481 372 490 490 373 310 533 238 158 298 337 437 388 393 227 5 514 237 402 183 416 255 121 249 481 142 487 420 385 395 395 390 104 273 453 296 392 201 397 472 492 331 256 216 101 185
305 0 702 106 386 817 757 582 488 143 807 214 579 675 777 482 439 73 129 356 318 274 377 733 685 256 109 663 517 708 467 580 662 433 315 348 794 500 269 306 421 548 248 320 737 520 430 777 706 391 579 343 508 391 633 337 468 483 169 878 764 808 500 510 363 752 374 305 538 11 411 381 81 725 153 444 361 196 424 901 580 471 430 646 708 102 153 419 555 480 527 476 384 784 482 288 761 597 603 358 95 385 598 277 742 249 694 414 309 809 514 651 488 597 557 393 322 333 299 685 275 280 309 597 333 279 567 310 304 245 361 286 499 205 500 545 448 285 216
429 702 0 730 393 193 738 123 614 684 104 856 543 556 169 652 1016 720 576 881 664 812 951 575 703 842 659 687 388 521 454 538 130 271 504 394 109 220 687 437 905 286 468 725 508 533 778 104 475 1037 492 873 263 313 303 677 1034 722 789 667 344 163 392 670 846 86 330 416 574 692 823 432 623 91 849 427 1021 873 435 711 296 482 712 471 633 645 552 799 826 1031 540 507 330 204 376 919 60 576 367 768 657 318 179 759 272 816 330 311 428 434 424 89 283 665 312 315 438 908 546 226 671 810 608 209 805 521 365 880 707 660 361 631 511 905 288 385 505 516 612
371 106 730 0 373 822 858 615 588 249 833 293 672 767 782 585 520 33 168 452 422 169 462 825 786 156 212 764 487 796 426 673 707 459 279 412 812 516 375 375 518 612 261 426 823 462 536 813 791 450 668 439 507 428 614 442 549 588 262 970 832 850 470 429 464 788 414 315 635 104 307 460 153 764 138 526 416 145 392 996 565 560 339 732 805 202 189 317 661 564 467 423 400 835 457 362 786 693 679 257 198 414 647 381 804 345 764 424 376 884 596 668 547 699 626 437 311 421 393 678 189 380 240 597 435 368 642 401 410 164 371 211 445 231 494 623 540 373 316
282 386 393 373 0 452 830 303 594 440 490 588 606 676 413 616 798 375 264 684 524 423 731 722 767 459 399 746 142 676 129 604 419 168 112 289 456 177 513 295 733 410 150 569 686 223 665 492 649 772 574 672 140 195 246 546 823 661 529 858 612 542 126 321 668 469 196 104 600 375 432 374 323 453 508 427 746 516 78 896 194 491 332 607 741 378 245 410 764 829 232 175 110 550 101 661 442 639 513 375 389 156 383 568 559 588 557 99 286 689 482 316 341 693 438 219 64 684 415 305 279 602 215 227 628 374 482 657 548 270 85 238 194 587 122 478 491 374 419
581 817 193 822 452 0 931 289 800 825 170 994 734 748 40 837 1173 819 688 1041 832 870 1106 765 895 909 794 880 383 712 459 730 322 394 560 552 102 319 848 591 1072 476 570 891 697 511 954 245 665 1178 684 1032 314 450 252 847 1193 905 928 850 523 300 394 653 1010 245 467 513 764 806 846 604 741 267 952 610 1159 966 462 895 281 668 721 663 825 777 664 817 1011 1192 515 502 434 364 391 1061 158 768 560 799 789 441 369 918 451 966 518 403 581 611 613 180 462 856 503 460 512 1061 711 160 721 966 651 226 969 681 557 1033 872 718 456 680 498 1022 330 576 688 677 765
561 757 738 858 830 931 0 670 270 621 788 711 224 183 907 277 686 827 725 580 447 1024 655 177 72 1013 649 94 943 225 958 226 609 687 872 543 837 743 502 549 541 471 737 471 252 1053 395 708 274 795 263 584 817 639 954 431 680 301 674 212 443 677 933 1133 530 698 635 744 235 756 1137 459 711 669 876 402 810 935 908 201 913 339 1101 267 106 657 717 1133 307 660 1062 1004 724 605 904 717 778 190 373 1076 662 677 568 537 503 619 420 749 556 385 354 781 517 160 440 615 808 642 471 922 965 580 952 849 520 505 384 630 477 936 744 949 1023 845 836 374 344 502 543
307 582 123 615 303 289 670 0 514 561 226 733 460 491 256 549 895 603 457 761 546 708 829 520 626 735 536 608 338 468 390 455 119 157 409 272 227 129 566 314 788 200 354 607 463 480 665 199 427 914 412 753 197 191 296 561 913 617 666 633 335 242 337 607 727 174 208 306 482 572 734 316 502 153 730 321 898 757 360 676 268 382 633 407 567 522 433 713 723 911 488 445 221 248 314 796 183 494 300 676 535 201 109 638 271 694 297 210 305 422 332 115 174 578 230 192 337 786 427 252 573 689 515 188 686 400 287 758 589 558 254 535 454 783 224 300 401 395 490
313 488 614 588 594 800 270 514 0 354 692 465 129 219 769 40 502 557 458 372 186 754 453 274 198 743 379 176 722 271 723 133 498 477 620 308 723 547 243 301 359 329 483 226 309 815 200 622 295 584 166 371 613 420 760 176 507 115 418 408 436 614 710 880 321 604 411 499 72 486 869 225 441 572 611 194 590 669 671 424 713 133 840 238 227 387 452 867 212 493 824 765 497 553 681 487 667 128 281 808 392 455 436 292 463 378 377 528 309 431 193 628 340 111 308 397 562 427 203 751 700 344 691 665 297 241 264 408 226 669 511 686 786 591 627 238 114 238 273
256 143 684 249 440 825 621 561 354 0 785 172 457 555 786 345 358 216 187 246 176 417 291 613 549 397 46 527 581 593 545 459 619 431 400 294 785 508 126 250 302 479 290 178 625 615 288 743 599 354 465 234 537 376 677 195 383 340 106 755 680 764 564 629 239 719 359 341 411 145 552 296 136 689 258 350 338 315 497 775 624 361 559 537 579 66 200 557 413 389 622 566 400 728 541 237 744 471 513 497 60 385 550 142 671 148 610 435 257 713 414 649 431 461 481 370 381 245 188 713 404 163 424 620 203 185 477 217 161 373 388 407 589 255 535 453 334 191 94
530 807 104 833 490 170 788 226 692 785 0 958 608 607 169 731 1113 824 680 977 757 912 1048 616 760 944 762 747 468 565 539 603 194 375 602 494 69 320 783 537 998 364 572 819 545 610 865 81 516 1138 557 970 355 417 363 769 1130 803 891 690 362 131 475 751 940 91 434 519 645 796 916 525 727 122 953 513 1123 977 525 735 369 562 801 524 683 748 656 891 904 1126 617 590 433 199 462 1020 48 640 428 862 761 422 259 856 292 916 369 413 529 447 500 175 373 732 385 418 538 1006 642 273 769 908 704 287 900 619 433 979 802 759 464 729 591 1009 379 456 587 614 712
428 214 856 293 588 994 711 733 465 172 958 0 585 681 955 442 227 266 324 176 281 437 170 738 641 398 200 622 725 727 679 588 790 600 527 466 956 675 226 422 245 646 441 241 762 734 324 915 740 186 603 164 698 547 832 289 257 410 67 873 839 935 708 719 207 891 530 496 532 224 589 461 266 861 211 508 166 272 634 886 779 507 632 678 691 217 344 604 444 271 741 689 564 897 687 74 916 592 669 546 205 553 721 175 835 93 770 598 430 863 567 819 602 558 645 541 525 131 345 875 480 134 522 784 198 351 636 117 239 453 548 497 713 141 693 609 477 357 256
343 579 543 672 606 734 224 460 129 457 608 585 0 98 707 166 631 643 524 501 304 832 582 156 168 828 474 149 719 143 734 5 417 463 654 322 648 522 359 333 487 260 521 352 180 830 328 533 166 712 51 500 595 416 734 298 635 235 533 299 316 515 710 913 451 518 412 523 58 575 933 240 520 486 714 179 717 769 685 323 692 120 887 111 138 477 513 926 315 622 839 781 500 449 680 612 589 35 181 870 485 454 365 416 352 501 264 525 339 303 132 573 297 124 232 391 587 555 280 709 758 470 738 632 425 306 178 535 348 729 521 739 800 704 613 160 134 301 367
427 675 556 767 676 748 183 491 219 555 607 681 98 0 724 250 715 738 616 589 400 925 670 58 158 923 571 150 779 60 802 96 426 523 733 401 655 572 456 418 570 294 604 445 99 898 410 527 103 803 105 589 648 482 779 393 717 312 631 203 274 499 771 989 538 516 481 600 149 671 1022 323 615 487 811 258 809 866 754 230 741 209 970 85 77 574 603 1014 374 702 907 851 567 428 742 706 595 91 192 959 582 520 387 511 327 596 241 589 422 236 195 600 347 167 262 458 663 645 376 743 846 563 822 673 515 400 207 627 443 818 591 824 868 802 669 202 228 395 464
543 777 169 782 413 40 907 256 769 786 169 955 707 724 0 805 1135 780 648 1004 795 832 1068 744 869 871 755 853 348 691 424 702 299 355 521 515 99 279 810 553 1035 447 530 855 677 480 919 236 644 1139 657 995 275 412 221 812 1155 873 889 834 509 295 359 622 973 232 429 473 734 766 811 569 702 251 913 577 1119 927 425 879 246 636 687 639 801 738 625 783 978 1154 484 469 394 355 355 1023 146 741 534 764 750 402 342 880 436 928 499 363 543 597 584 144 429 828 475 422 472 1023 675 128 684 928 614 187 932 644 529 995 836 680 416 642 466 982 291 547 656 640 727
334 482 652 585 616 837 277 549 40 345 731 442 166 250 805 0 466 553 463 339 170 752 419 303 205 739 374 183 746 305 744 170 537 505 635 333 761 577 226 321 322 368 498 201 343 834 162 662 332 553 205 339 641 447 790 156 470 74 400 431 476 654 733 894 288 644 437 518 108 482 873 252 442 611 599 228 561 658 692 444 741 170 849 276 249 383 459 872 174 456 843 784 522 593 705 460 705 159 322 812 387 480 475 268 503 353 417 554 330 468 232 663 375 118 347 425 580 395 212 783 706 317 701 697 266 252 304 378 204 675 534 695 805 572 654 278 149 250 269
592 439 1016 520 798 1173 686 895 502 358 1113 227 631 715 1135 466 0 493 537 138 362 656 67 766 626 612 399 613 937 771 897 635 930 782 747 623 1122 860 330 583 147 769 648 300 810 958 306 1059 797 133 665 144 894 723 1036 355 30 404 273 880 929 1068 921 947 183 1037 706 699 573 449 810 590 480 1005 423 617 167 477 850 882 982 592 859 739 700 419 554 826 380 51 964 912 757 1019 898 158 1076 625 763 770 409 737 861 258 942 210 864 792 592 932 660 994 741 560 760 712 737 114 472 1068 707 207 748 976 217 495 735 141 314 680 746 724 935 327 893 707 561 500 407
349 73 720 33 375 819 827 603 557 216 824 266 643 738 780 553 493 0 149 421 390 202 434 796 755 186 180 732 495 768 437 643 692 449 287 390 805 509 341 352 487 591 253 393 795 479 503 801 764 429 639 408 506 415 619 409 522 555 232 941 810 836 478 454 432 776 399 308 604 71 340 434 125 751 133 500 396 154 400 966 568 532 367 704 774 170 172 349 628 536 485 438 393 818 463 337 778 663 655 289 165 402 631 348 784 314 741 419 353 860 570 662 527 667 604 421 311 392 363 679 215 348 260 595 403 339 618 371 377 187 365 233 460 217 494 598 511 344 284
205 129 576 168 264 688 725 457 458 187 680 324 524 616 648 463 537 149 0 433 321 310 472 672 655 315 142 632 401 640 360 524 543 305 213 245 665 371 289 210 489 445 120 348 664 427 456 653 630 508 513 420 380 267 509 344 564 484 266 818 665 687 384 448 426 629 251 176 494 118 412 299 58 603 274 366 482 303 313 846 456 407 389 573 661 121 24 409 573 572 435 379 254 669 363 397 634 549 514 350 130 258 481 327 636 331 597 285 209 719 436 523 379 569 459 272 201 425 255 557 243 351 246 469 388 221 477 399 328 212 232 234 402 334 373 459 391 224 204
460 356 881 452 684 1041 580 761 372 246 977 176 501 589 1004 339 138 421 433 0 224 607 81 642 515 571 291 499 825 642 791 504 793 653 646 490 988 732 195 451 68 631 534 162 681 860 186 922 666 216 532 13 771 593 916 217 153 284 190 763 793 930 809 865 51 900 577 582 443 364 756 453 379 868 387 480 230 448 742 770 862 455 786 607 581 311 446 768 287 151 867 812 633 882 785 147 940 498 626 709 304 610 724 124 805 108 728 669 460 799 523 862 605 441 622 581 626 63 335 943 631 83 662 850 80 361 598 62 177 602 626 641 835 313 772 570 424 366 278
261 318 664 422 524 832 447 546 186 176 757 281 304 400 795 170 362 390 321 224 0 591 302 457 375 573 210 354 664 446 646 306 570 456 518 281 772 535 57 249 242 407 386 62 482 728 141 699 461 419 324 219 584 394 734 23 376 166 232 593 574 706 649 768 183 677 380 421 251 318 719 232 288 645 429 255 419 488 594 610 682 236 710 400 413 223 323 721 252 370 737 678 450 657 622 312 722 311 405 661 225 418 501 116 582 199 507 486 259 589 301 652 383 288 398 378 476 266 121 747 560 172 567 656 145 157 375 242 49 529 452 555 701 405 591 348 205 160 118
512 274 812 169 423 870 1024 708 754 417 912 437 832 925 832 752 656 202 310 607 591 0 605 982 952 55 381 930 499 950 425 832 813 553 312 549 879 592 543 518 675 743 364 594 974 425 703 905 940 564 823 594 562 538 635 611 686 757 420 1127 964 949 484 342 624 881 526 404 798 273 154 609 313 861 234 676 526 189 410 1155 594 717 236 883 966 369 326 174 829 704 427 401 487 945 481 498 864 855 821 126 366 514 760 547 927 503 898 501 517 1024 746 739 674 865 761 552 374 569 556 714 149 540 221 646 599 526 784 552 578 153 454 191 418 335 543 768 698 531 483
525 377 951 462 731 1106 655 829 453 291 1048 170 582 670 1068 419 67 434 472 81 302 605 0 722 592 564 332 577 871 724 831 586 867 714 682 557 1056 793 266 516 118 707 581 241 762 894 264 995 747 140 613 83 826 656 968 297 92 363 209 842 873 1006 854 886 132 973 639 632 525 386 758 527 415 941 375 557 161 432 784 847 915 535 801 688 660 353 488 773 355 103 900 847 689 959 831 110 1011 579 706 716 343 670 797 193 884 143 807 725 526 880 602 927 678 520 699 646 670 47 407 1001 648 141 687 908 160 430 677 74 253 620 679 663 870 286 826 649 504 435 341
481 733 575 825 722 765 177 520 274 613 616 738 156 58 744 303 766 796 672 642 457 982 722 0 176 980 629 175 821 53 846 154 445 565 784 453 669 610 513 472 619 328 656 501 75 943 460 536 100 856 159 643 687 528 813 449 767 361 688 145 266 501 813 1038 591 527 528 650 206 729 1077 378 672 500 870 311 864 924 800 176 777 265 1022 117 82 632 659 1068 414 750 952 897 613 429 785 761 610 146 222 1013 640 566 413 567 328 652 248 633 476 211 245 625 387 209 297 504 712 699 434 772 900 618 874 706 569 457 245 681 499 873 638 878 914 860 708 244 285 452 522
494 685 703 786 767 895 72 626 198 549 760 641 168 158 869 205 626 755 655 515 375 952 592 176 0 941 576 23 885 213 896 172 574 630 806 479 805 690 430 483 480 426 670 400 247 991 329 682 259 731 214 519 763 580 903 360 622 233 602 256 431 656 874 1067 465 669 575 679 168 684 1066 395 639 639 804 342 745 863 846 256 860 276 1033 237 94 585 647 1063 253 604 1000 941 663 585 845 650 746 133 336 1005 590 618 528 466 484 549 397 690 490 386 300 738 465 88 396 556 743 577 400 877 895 511 883 800 453 435 341 564 406 865 682 880 961 774 780 326 278 432 470
519 256 842 156 459 909 1013 735 743 397 944 398 828 923 871 739 612 186 315 571 573 55 564 980 941 0 365 919 544 950 471 828 836 578 349 558 914 623 523 524 640 756 384 571 976 476 679 933 944 516 822 559 599 558 679 593 643 738 387 1125 977 975 528 397 592 909 545 429 790 257 203 612 308 887 190 679 477 139 452 1151 636 715 291 885 960 356 333 226 805 661 479 450 514 967 523 456 896 849 829 181 351 537 781 520 944 470 910 531 524 1033 749 772 688 853 772 570 406 529 549 756 194 508 266 684 569 523 792 514 557 191 482 235 468 288 580 774 695 528 471
236 109 659 212 399 794 649 536 379 46 762 200 474 571 755 374 399 180 142 291 210 381 332 629 576 365 0 554 539 606 501 475 602 401 355 277 758 476 165 233 348 470 249 220 636 569 331 723 608 385 477 278 500 348 638 231 425 376 135 773 678 747 522 583 285 699 331 301 431 108 511 292 90 670 242 351 365 295 453 795 585 371 514 546 601 21 156 515 454 431 577 521 365 716 499 269 720 491 513 455 15 353 534 188 664 190 608 399 239 717 418 620 417 489 475 344 338 286 197 677 360 208 379 585 249 183 477 259 202 329 351 362 544 258 497 454 346 189 108
472 663 687 764 746 880 94 608 176 527 747 622 149 150 853 183 613 732 632 499 354 930 577 175 23 919 554 0 864 207 874 153 560 609 784 457 790 670 410 460 466 408 648 381 243 969 313 669 252 715 196 502 742 559 883 339 610 216 582 267 424 644 853 1044 448 656 553 657 146 662 1044 372 617 625 782 320 728 842 824 271 840 255 1010 225 95 563 624 1040 244 592 978 919 642 575 824 632 731 114 321 982 568 596 512 447 474 531 387 669 467 383 281 721 446 66 379 535 720 560 377 858 873 492 860 781 435 412 324 547 386 843 660 857 939 754 760 308 256 409 448
414 517 388 487 142 383 943 338 722 581 468 725 719 779 348 746 937 495 401 825 664 499 871 821 885 544 539 864 0 771 76 717 456 257 209 414 417 217 654 427 875 495 291 710 776 145 804 493 738 907 682 814 141 305 137 685 963 795 667 949 672 551 17 283 810 473 312 245 720 506 463 498 459 467 625 544 879 624 95 989 103 610 339 704 849 518 384 434 900 970 152 122 225 577 42 798 423 754 602 418 528 268 439 709 609 728 627 195 417 756 590 300 433 816 525 329 201 824 552 223 350 743 278 182 769 511 576 798 689 354 214 309 123 712 116 578 614 510 560
443 708 521 796 676 712 225 468 271 593 565 727 143 60 691 305 771 768 640 642 446 950 724 53 213 950 606 207 771 0 799 140 391 517 741 413 616 559 501 435 626 277 617 495 39 895 466 484 49 855 129 642 636 482 761 441 774 369 674 183 220 452 764 994 592 475 483 607 199 703 1039 342 644 447 848 275 860 901 753 220 726 236 980 70 123 607 625 1030 434 759 904 850 566 380 736 756 557 146 171 976 616 520 360 559 278 644 196 585 438 177 206 572 339 227 246 458 669 697 410 719 863 613 834 654 568 429 195 678 491 836 593 839 866 844 658 198 260 424 501
410 467 454 426 129 459 958 390 723 545 539 679 734 802 424 744 897 437 360 791 646 425 831 846 896 471 501 874 76 799 0 732 509 283 152 418 490 263 630 423 845 527 262 687 807 97 787 558 769 857 701 779 195 320 213 668 924 788 624 979 717 614 65 218 780 537 322 227 729 456 387 503 417 528 564 555 828 558 52 1018 178 620 264 730 868 481 345 359 890 932 105 55 235 635 78 753 492 767 632 342 489 281 484 680 658 691 668 214 414 799 608 367 461 823 556 344 170 785 541 299 277 709 206 252 741 500 604 759 666 284 214 237 68 654 168 602 620 499 536
342 580 538 673 604 730 226 455 133 459 603 588 5 96 702 170 635 643 524 504 306 832 586 154 172 828 475 153 717 140 732 0 412 461 653 320 643 518 362 332 492 256 520 355 177 827 332 528 162 715 46 504 592 413 731 301 640 240 536 298 311 510 707 911 455 513 409 522 62 576 933 238 521 481 715 178 720 770 682 323 689 119 886 107 139 478 513 926 320 626 836 779 497 444 678 616 585 39 176 870 486 451 361 419 347 504 259 523 337 298 128 569 293 129 227 389 585 558 280 705 758 473 737 628 429 306 173 539 351 729 519 738 798 707 610 156 134 301 368
365 662 130 707 419 322 609 119 498 619 194 790 417 426 299 537 930 692 543 793 570 813 867 445 574 836 602 560 456 391 509 412 0 262 522 325 231 247 601 369 810 170 452 633 379 598 673 129 345 965 366 787 316 279 400 581 946 610 724 541 226 146 455 726 754 108 294 409 452 653 848 340 582 75 814 321 953 847 478 585 380 368 751 341 503 590 520 828 710 940 606 564 329 132 432 848 172 450 239 789 603 300 70 674 157 740 202 323 363 315 306 190 190 541 191 271 448 826 460 339 683 728 628 295 715 442 241 800 617 666 363 646 573 857 342 263 394 437 537
195 433 271 459 168 394 687 157 477 431 375 600 463 523 355 505 782 449 305 653 456 553 714 565 630 578 401 609 257 517 283 461 262 0 262 178 361 79 463 207 690 245 198 512 524 379 590 355 486 785 425 643 136 62 285 475 803 563 534 697 444 397 248 488 626 331 76 149 468 422 588 253 354 309 578 291 765 602 240 736 236 357 497 448 592 384 281 569 670 804 388 335 67 394 220 668 329 498 349 528 396 48 217 530 393 574 389 70 197 521 333 220 178 564 273 81 187 669 335 292 421 575 367 200 584 300 322 641 492 404 101 385 350 637 151 322 365 296 376
312 315 504 279 112 560 872 409 620 400 602 527 654 733 521 635 747 287 213 646 518 312 682 784 806 349 355 784 209 741 152 653 522 262 0 333 567 286 494 324 702 490 137 553 756 215 657 601 719 705 629 633 250 269 337 540 774 670 474 924 702 649 192 260 638 578 263 134 638 304 327 414 268 561 416 476 675 417 113 959 290 535 241 671 792 334 201 307 767 783 222 166 196 654 180 601 554 685 586 267 342 235 479 538 654 543 642 199 317 774 538 428 418 726 514 289 76 636 425 408 167 563 106 335 599 384 552 610 532 159 162 127 189 504 231 544 528 385 403
42 348 394 412 289 552 543 272 308 294 494 466 322 401 515 333 623 390 245 490 281 549 557 453 479 558 277 457 414 413 418 320 325 178 333 0 499 255 295 44 520 201 204 340 431 511 412 448 396 644 296 481 312 117 461 299 642 386 400 595 420 470 402 591 458 424 105 201 312 339 628 85 269 394 500 143 631 540 367 629 411 204 569 343 459 267 225 617 493 640 520 462 190 439 373 526 454 354 272 565 279 148 257 366 395 422 352 221 39 475 207 373 141 405 214 98 265 514 160 467 451 416 422 376 416 129 235 486 320 425 204 426 482 534 323 221 202 124 218
533 794 109 812 456 102 837 227 723 785 69 956 648 655 99 761 1122 805 665 988 772 879 1056 669 805 914 758 790 417 616 490 643 231 361 567 499 0 296 793 541 1014 394 552 833 599 556 887 142 569 1139 597 980 317 410 303 786 1140 832 890 750 422 198 425 698 953 144 427 497 681 783 873 540 715 169 936 537 1122 956 482 795 315 591 754 571 732 743 641 846 935 1138 562 539 413 262 415 1021 59 681 470 822 755 409 287 865 350 920 421 387 532 509 532 143 392 771 419 415 509 1013 654 211 733 916 666 239 913 627 471 985 815 726 440 692 539 998 338 492 614 622 717
275 500 220 516 177 319 743 129 547 508 320 675 522 572 279 577 860 509 371 732 535 592 793 610 690 623 476 670 217 559 263 518 247 79 286 255 296 0 542 286 769 281 256 591 561 355 667 315 523 861 480 723 78 140 214 553 882 637 610 733 456 365 214 479 705 292 156 201 531 489 609 326 424 277 641 356 840 661 231 775 171 422 505 493 644 459 348 586 744 883 363 318 117 376 188 744 273 557 388 551 471 123 223 609 395 652 409 92 276 539 390 152 226 629 312 157 219 747 414 213 452 654 391 121 664 378 365 720 571 440 145 413 328 706 101 371 433 375 455
268 269 687 375 513 848 502 566 243 126 783 226 359 456 810 226 330 341 289 195 57 543 266 513 430 523 165 410 654 501 630 362 601 463 494 295 793 542 0 258 227 443 368 58 536 708 167 729 514 373 377 187 586 402 733 71 347 215 176 650 620 740 638 738 163 707 386 409 307 271 676 261 249 675 373 295 370 434 579 667 680 284 675 452 470 180 295 680 289 345 716 658 449 695 612 262 746 368 451 619 180 422 531 73 624 148 552 485 268 639 347 668 411 344 437 389 460 226 141 754 522 128 535 661 122 167 419 200 38 491 446 521 681 348 589 392 253 171 94
13 306 437 375 295 591 549 314 301 250 537 422 333 418 553 321 583 352 210 451 249 518 516 472 483 524 233 460 427 435 423 332 369 207 324 44 541 286 258 0 484 242 189 305 457 514 385 493 422 601 313 442 336 145 486 268 602 368 356 616 459 515 414 584 421 469 131 199 315 298 605 94 229 439 458 161 587 500 371 648 435 213 554 367 471 223 193 596 473 601 523 464 206 483 385 483 497 362 305 542 235 170 301 327 436 380 390 240 10 509 229 411 185 404 252 131 262 472 129 499 428 376 405 407 379 93 268 445 285 401 214 407 485 490 344 250 205 89 176
495 421 905 518 733 1072 541 788 359 302 998 245 487 570 1035 322 147 487 489 68 242 675 118 619 480 640 348 466 875 626 845 492 810 690 702 520 1014 769 227 484 0 644 585 181 665 916 160 939 653 257 523 81 812 629 959 229 148 258 256 733 791 943 859 927 65 918 613 630 430 427 824 474 437 885 455 491 279 516 795 736 906 458 850 597 553 368 501 835 238 135 924 868 675 891 834 209 964 480 628 775 361 649 742 166 809 173 728 711 494 790 527 892 625 413 632 615 677 123 361 981 695 141 723 889 106 392 602 129 200 665 671 704 891 380 815 574 428 396 318
243 548 286 612 410 476 471 200 329 479 364 646 260 294 447 368 769 591 445 631 407 743 707 328 426 756 470 408 495 277 527 256 170 245 490 201 394 281 443 242 644 0 383 469 281 623 504 297 243 813 212 625 359 221 486 416 782 440 581 454 221 299 489 731 589 277 227 359 288 540 807 185 470 245 700 153 805 741 484 494 449 198 731 212 369 462 424 792 541 776 632 580 301 253 461 698 338 295 107 745 474 257 108 515 195 586 155 314 239 285 138 313 72 381 31 201 414 668 304 452 632 571 591 380 552 295 87 643 455 609 331 602 595 728 381 101 224 289 390
178 248 468 261 150 570 737 354 483 290 572 441 521 604 530 498 648 253 120 534 386 364 581 656 670 384 249 648 291 617 262 520 452 198 137 204 552 256 368 189 585 383 0 426 635 343 526 553 598 626 499 523 261 174 391 408 673 534 380 799 603 592 274 397 520 528 162 57 503 236 426 282 176 505 385 346 601 405 211 833 338 402 366 547 659 229 98 414 633 679 351 292 139 582 251 513 525 551 470 363 239 154 397 420 564 438 539 167 183 667 411 409 312 590 404 188 92 534 288 438 250 452 218 349 480 247 435 507 405 226 114 222 315 453 253 423 393 248 274
316 320 725 426 569 891 471 607 226 178 819 241 352 445 855 201 300 393 348 162 62 594 241 501 400 571 220 381 710 495 687 355 633 512 553 340 833 591 58 305 181 469 426 0 532 766 111 762 513 362 377 158 637 450 786 56 313 173 203 632 633 769 695 796 121 740 435 465 296 323 730 294 306 707 412 317 366 473 636 645 733 294 732 453 450 236 353 735 235 307 774 716 502 719 668 261 784 354 465 674 235 472 564 67 643 152 566 538 315 644 361 712 445 317 460 435 517 207 180 803 579 118 593 711 83 212 436 185 21 547 501 578 739 374 642 408 263 216 151
464 737 508 823 686 697 252 463 309 625 545 762 180 99 677 343 810 795 664 681 482 974 762 75 247 976 636 243 776 39 807 177 379 524 756 431 599 561 536 457 665 281 635 532 0 903 505 464 38 892 161 680 638 493 758 478 813 409 709 173 191 428 769 1006 631 456 495 622 237 731 1059 365 670 430 879 298 897 931 762 214 726 266 996 91 155 637 648 1048 473 798 912 859 576 355 742 792 540 185 175 996 646 530 354 596 254 680 178 593 459 139 228 564 346 266 251 470 682 735 440 712 882 650 851 651 605 457 205 716 527 856 604 857 874 877 661 212 292 452 532
501 520 533 462 223 511 1053 480 815 615 610 734 830 898 480 834 958 479 427 860 728 425 894 943 991 476 569 969 145 895 97 827 598 379 215 511 556 355 708 514 916 623 343 766 903 0 869 637 865 907 797 847 283 416 259 751 985 875 684 1076 811 695 143 143 853 618 418 316 823 510 352 596 481 612 597 651 875 581 145 1115 241 714 221 826 964 549 416 321 975 995 9 51 331 721 167 808 566 863 729 320 556 378 578 753 750 756 762 310 505 893 704 444 557 916 653 440 255 848 628 352 288 778 224 325 814 587 700 823 745 304 309 254 30 694 256 698 714 587 615
397 430 778 536 665 954 395 665 200 288 865 324 328 410 919 162 306 503 456 186 141 703 264 460 329 679 331 313 804 466 787 332 673 590 657 412 887 667 167 385 160 504 526 111 505 869 0 801 494 402 365 189 721 528 871 119 308 99 301 578 635 800 790 904 135 781 515 561 270 433 840 350 417 748 513 352 415 576 735 584 819 310 842 438 396 347 460 845 126 294 877 818 589 743 762 323 834 320 475 785 346 555 606 161 657 232 574 624 395 630 378 775 495 256 488 510 617 247 255 880 689 191 702 789 127 294 453 235 129 658 592 688 841 464 728 425 281 297 255
487 777 104 813 492 245 708 199 622 743 81 915 533 527 236 662 1059 801 653 922 699 905 995 536 682 933 723 669 493 484 558 528 129 355 601 448 142 315 729 493 939 297 553 762 464 637 801 0 436 1091 482 915 366 387 404 710 1074 735 848 609 282 62 497 774 883 25 403 504 572 767 923 469 696 54 927 449 1079 955 537 654 400 494 814 445 603 710 630 899 834 1069 644 611 419 120 479 974 91 563 352 866 723 399 198 802 211 867 288 404 485 367 430 193 318 657 315 384 532 954 588 322 767 856 706 313 844 569 360 928 746 754 451 728 616 975 391 385 521 564 664
430 706 475 791 649 665 274 427 295 599 516 740 166 103 644 332 797 764 630 666 461 940 747 100 259 944 608 252 738 49 769 162 345 486 719 396 569 523 514 422 653 243 598 513 38 865 494 436 0 875 137 665 601 455 721 458 801 400 685 211 172 402 731 968 616 427 458 585 224 701 1024 332 639 399 850 265 879 901 724 251 688 238 959 62 171 608 614 1012 471 788 874 821 539 331 704 773 509 178 137 960 617 493 318 576 229 660 148 555 425 138 194 529 308 266 213 432 645 719 412 676 847 631 814 614 589 427 167 698 508 821 567 821 836 852 623 176 265 422 505
607 391 1037 450 772 1178 795 914 584 354 1138 186 712 803 1139 553 133 429 508 216 419 564 140 856 731 516 385 715 907 855 857 715 965 785 705 644 1139 861 373 601 257 813 626 362 892 907 402 1091 875 0 739 214 883 730 1017 418 158 500 250 979 992 1107 890 878 267 1068 713 681 655 401 718 628 450 1037 332 667 40 377 815 986 964 654 783 815 797 403 528 738 496 182 913 864 749 1065 870 118 1097 711 823 685 391 738 895 303 997 226 925 783 609 1006 719 1003 775 657 808 724 709 157 509 1060 638 247 688 969 287 522 792 177 370 614 734 661 887 229 878 764 623 528 427
323 579 492 668 574 684 263 412 166 465 557 603 51 105 657 205 665 639 513 532 324 823 613 159 214 822 477 196 682 129 701 46 366 425 629 296 597 480 377 313 523 212 499 377 161 797 365 482 137 739 0 530 555 381 691 322 671 277 548 304 271 464 673 886 483 466 379 496 99 574 918 219 515 435 719 153 742 772 652 334 650 107 865 76 167 478 500 909 363 658 806 749 466 399 644 636 538 84 130 855 487 420 316 439 303 523 216 490 318 268 93 525 254 175 183 357 559 583 280 663 741 494 717 587 454 300 128 562 371 714 489 720 768 717 574 112 131 295 372
451 343 873 439 672 1032 584 753 371 234 970 164 500 589 995 339 144 408 420 13 219 594 83 643 519 559 278 502 814 642 779 504 787 643 633 481 980 723 187 442 81 625 523 158 680 847 189 915 665 214 530 0 760 584 905 213 161 287 177 766 790 924 797 852 54 893 568 571 443 351 743 447 366 861 375 474 226 436 730 773 851 452 773 605 583 299 434 755 295 160 854 799 623 876 773 138 933 498 622 696 291 600 717 115 801 94 724 658 451 798 519 853 598 444 617 572 614 58 328 933 618 71 649 840 76 352 593 51 171 589 615 628 823 302 761 566 421 357 268
324 508 263 507 140 314 817 197 613 537 355 698 595 648 275 641 894 506 380 771 584 562 826 687 763 599 500 742 141 636 195 592 316 136 250 312 317 78 586 336 812 359 261 637 638 283 721 366 601 883 555 760 0 195 150 604 917 698 634 811 530 420 139 412 748 344 207 204 602 497 561 389 436 334 639 425 860 652 172 852 100 492 449 570 720 481 358 536 805 920 291 249 137 440 117 769 307 630 466 507 493 166 298 649 468 684 486 102 326 615 463 180 301 699 390 216 197 780 465 178 417 690 350 90 706 427 442 752 617 409 150 375 257 712 26 447 501 425 494
134 391 313 428 195 450 639 191 420 376 417 547 416 482 412 447 723 415 267 593 394 538 656 528 580 558 348 559 305 482 320 413 279 62 269 117 410 140 402 145 629 221 174 450 493 416 528 387 455 730 381 584 195 0 345 413 744 503 481 664 435 422 294 513 565 362 17 139 415 380 589 195 310 337 540 239 712 569 272 701 295 305 510 412 548 333 243 573 609 744 425 369 85 408 265 613 373 449 320 527 345 39 223 470 391 516 374 110 135 505 288 273 150 511 246 24 193 611 274 353 416 516 371 261 524 238 288 583 430 396 112 383 387 592 207 284 310 235 316
474 633 303 614 246 252 954 296 760 677 363 832 734 779 221 790 1036 619 509 916 734 635 968 813 903 679 638 883 137 761 213 731 400 285 337 461 303 214 733 486 959 486 391 786 758 259 871 404 721 1017 691 905 150 345 0 754 1060 847 771 929 626 465 151 402 895 388 357 337 746 621 598 538 567 391 751 570 991 754 227 971 54 636 470 698 853 619 489 568 954 1064 263 252 284 505 158 905 322 769 591 554 630 316 405 795 557 825 593 249 476 714 602 216 437 843 517 365 311 922 615 94 486 835 415 108 853 577 572 895 765 489 290 445 246 833 144 580 647 575 641
280 337 677 442 546 847 431 561 176 195 769 289 298 393 812 156 355 409 344 217 23 611 297 449 360 593 231 339 685 441 668 301 581 475 540 299 786 553 71 268 229 416 408 56 478 751 119 710 458 418 322 213 604 413 754 0 367 146 244 584 577 716 670 790 173 689 399 442 244 338 741 246 310 656 445 264 420 505 616 598 702 238 733 397 402 244 346 743 229 360 759 700 471 665 643 315 735 303 409 683 245 438 513 118 587 203 511 506 279 588 306 668 396 273 406 396 498 263 139 766 582 172 589 674 138 177 380 241 50 551 473 578 723 417 611 352 207 179 140
612 468 1034 549 823 1193 680 913 507 383 1130 257 635 717 1155 470 30 522 564 153 376 686 92 767 622 643 425 610 963 774 924 640 946 803 774 642 1140 882 347 602 148 782 673 313 813 985 308 1074 801 158 671 161 917 744 1060 367 0 405 301 877 937 1082 946 976 193 1052 727 724 578 477 840 606 507 1020 453 630 194 507 877 878 1006 602 888 745 699 445 580 856 373 25 992 939 780 1032 924 188 1093 628 772 800 435 759 876 275 953 235 873 815 612 937 670 1013 757 559 772 732 762 139 488 1091 737 228 777 998 231 513 745 166 329 709 770 753 962 358 917 718 571 518 428
381 483 722 588 661 905 301 617 115 340 803 410 235 312 873 74 404 555 484 284 166 757 363 361 233 738 376 216 795 369 788 240 610 563 670 386 832 637 215 368 258 440 534 173 409 875 99 735 400 500 277 287 698 503 847 146 405 0 377 479 549 728 782 925 233 716 491 560 179 484 885 311 454 684 585 296 513 646 735 486 798 242 873 347 297 389 483 887 107 390 883 824 573 668 754 417 776 223 396 827 391 534 546 237 577 318 491 606 378 538 306 730 443 157 420 482 620 345 247 846 725 278 727 758 220 288 378 331 183 693 582 718 846 546 709 352 218 288 281
361 169 789 262 529 928 674 666 418 106 891 67 533 631 889 400 273 232 266 190 232 420 209 688 602 387 135 582 667 674 624 536 724 534 474 400 890 610 176 356 256 581 380 203 709 684 301 848 685 250 548 177 634 481 771 244 301 377 0 826 777 869 650 679 205 824 463 434 482 178 568 397 208 794 213 446 232 275 578 842 718 449 598 623 646 153 284 579 426 312 691 638 500 832 628 134 850 543 608 519 142 487 655 141 772 83 708 534 363 805 507 753 536 517 582 475 466 164 283 811 443 121 478 720 183 287 574 141 196 414 485 455 661 173 631 548 420 293 191
625 878 667 970 858 850 212 633 408 755 690 873 299 203 834 431 880 941 818 763 593 1127 842 145 256 1125 773 267 949 183 979 298 541 697 924 595 750 733 650 616 733 454 799 632 173 1076 578 609 211 979 304 766 811 664 929 584 877 479 826 0 328 564 942 1176 712 606 665 791 344 874 1221 522 818 583 1012 455 990 1068 934 45 897 411 1164 253 183 776 804 1212 509 859 1085 1031 748 492 914 891 692 284 347 1158 784 702 523 699 399 784 339 765 620 244 388 729 518 322 424 640 852 823 578 878 1044 749 1017 821 695 602 376 808 633 1017 775 1021 1047 998 834 381 430 598 665
461 764 344 832 612 523 443 335 436 680 362 839 316 274 509 476 929 810 665 793 574 964 873 266 431 977 678 424 672 220 717 311 226 444 702 420 422 456 620 459 791 221 603 633 191 811 635 282 172 992 271 790 530 435 626 577 937 549 777 328 0 239 669 930 746 279 444 574 369 756 1024 386 687 257 915 331 990 958 680 373 603 338 941 206 343 673 645 1008 631 926 819 772 508 167 644 882 365 337 170 962 684 467 233 689 73 768 70 513 457 90 273 415 291 430 207 417 626 839 495 564 850 745 805 520 714 496 203 816 623 829 540 818 784 934 556 229 369 490 587
511 808 163 850 542 300 677 242 614 764 131 935 515 499 295 654 1068 836 687 930 706 949 1006 501 656 975 747 644 551 452 614 510 146 397 649 470 198 365 740 515 943 299 592 769 428 695 800 62 402 1107 464 924 420 422 465 716 1082 728 869 564 239 0 554 831 889 77 437 546 559 798 974 480 727 89 959 452 1097 991 591 609 459 490 868 420 573 736 664 951 823 1075 703 668 462 73 536 991 151 544 336 916 748 439 214 813 173 882 258 451 508 320 423 252 333 638 312 415 579 966 600 383 814 868 755 372 851 585 350 940 754 800 496 776 673 1003 446 376 518 579 681
401 500 392 470 126 394 933 337 710 564 475 708 710 771 359 733 921 478 384 809 649 484 854 813 874 528 522 853 17 764 65 707 455 248 192 402 425 214 638 414 859 489 274 695 769 143 790 497 731 890 673 797 139 294 151 670 946 782 650 942 669 554 0 278 794 477 300 230 709 489 452 486 442 470 608 533 861 607 79 982 114 599 329 696 840 501 367 424 886 953 151 115 213 578 29 781 429 744 595 405 511 257 436 693 607 712 623 184 404 753 580 305 426 804 519 318 184 808 538 235 335 726 263 188 753 497 569 781 673 338 200 294 119 695 113 570 602 496 544
572 510 670 429 321 653 1133 607 880 629 751 719 913 989 622 894 947 454 448 865 768 342 886 1038 1067 397 583 1044 283 994 218 911 726 488 260 591 698 479 738 584 927 731 397 796 1006 143 904 774 968 878 886 852 412 513 402 790 976 925 679 1176 930 831 278 0 866 754 511 390 899 502 233 674 493 746 551 734 842 522 250 1213 383 794 107 924 1050 563 444 200 1019 989 138 163 430 852 296 791 706 944 832 220 568 475 698 771 873 758 877 418 577 1009 794 582 661 987 758 536 327 843 682 495 240 786 204 464 831 642 801 821 776 267 401 224 160 653 386 796 789 644 650
431 363 846 464 668 1010 530 727 321 239 940 207 451 538 973 288 183 432 426 51 183 624 132 591 465 592 285 448 810 592 780 455 754 626 638 458 953 705 163 421 65 589 520 121 631 853 135 883 616 267 483 54 748 565 895 173 193 233 205 712 746 889 794 866 0 861 549 565 393 369 771 415 375 828 413 437 280 475 730 719 841 409 792 557 530 305 437 780 242 186 860 804 611 838 769 191 904 447 580 721 299 585 685 101 760 123 681 646 431 750 477 830 566 390 579 552 612 112 300 917 637 85 662 824 42 329 552 103 138 606 606 643 827 347 750 525 379 333 253
463 752 86 788 469 245 698 174 604 719 91 891 518 516 232 644 1037 776 629 900 677 881 973 527 669 909 699 656 473 475 537 513 108 331 578 424 144 292 707 469 918 277 528 740 456 618 781 25 427 1068 466 893 344 362 388 689 1052 716 824 606 279 77 477 754 861 0 378 480 556 742 900 446 671 33 902 429 1055 930 515 651 382 475 793 433 592 686 605 877 816 1047 625 591 395 123 459 950 87 549 337 843 698 375 176 780 207 843 279 380 461 366 411 175 295 642 297 359 508 931 565 309 743 833 683 295 822 546 343 905 724 730 427 704 596 951 370 367 501 540 640
119 374 330 414 196 467 635 208 411 359 434 530 412 481 429 437 706 399 251 577 380 526 639 528 575 545 331 553 312 483 322 409 294 76 263 105 427 156 386 131 613 227 162 435 495 418 515 403 458 713 379 568 207 17 357 399 727 491 463 665 444 437 300 511 549 378 0 131 409 364 581 186 294 353 524 233 695 554 274 702 306 299 504 413 545 316 227 565 598 728 427 370 88 422 271 596 390 445 323 518 328 43 236 454 402 499 382 117 120 512 286 290 156 504 251 27 188 594 260 368 407 500 363 276 508 223 291 566 415 385 111 375 389 575 217 285 302 220 300
186 305 416 315 104 513 744 306 499 341 519 496 523 600 473 518 699 308 176 582 421 404 632 650 679 429 301 657 245 607 227 522 409 149 134 201 497 201 409 199 630 359 57 465 622 316 561 504 585 681 496 571 204 139 337 442 724 560 434 791 574 546 230 390 565 480 131 0 511 293 450 285 233 458 441 345 657 459 175 826 284 405 374 537 660 281 154 434 662 729 325 266 86 541 204 568 472 555 453 388 292 110 359 465 530 489 513 110 190 644 405 354 287 602 382 158 64 585 314 381 277 500 232 292 524 272 419 558 444 258 57 244 287 510 197 410 401 272 315
326 538 574 635 600 764 235 482 72 411 645 532 58 149 734 108 573 604 494 443 251 798 525 206 168 790 431 146 720 199 729 62 452 468 638 312 681 531 307 315 430 288 503 296 237 823 270 572 224 655 99 443 602 415 746 244 578 179 482 344 369 559 709 899 393 556 409 511 0 535 905 227 484 524 669 177 661 725 678 364 701 110 866 168 170 436 484 900 265 564 832 774 497 495 680 557 624 61 223 843 443 452 395 361 401 446 314 525 322 360 151 597 313 97 262 391 575 498 242 727 732 414 717 646 368 273 212 479 294 703 515 715 793 654 618 190 110 269 323
297 11 692 104 375 806 756 572 486 145 796 224 575 671 766 482 449 71 118 364 318 273 386 729 684 257 108 662 506 703 456 576 653 422 304 339 783 489 271 298 427 540 236 323 731 510 433 767 701 401 574 351 497 380 621 338 477 484 178 874 756 798 489 502 369 742 364 293 535 0 407 374 71 716 162 438 373 203 413 898 569 467 423 641 705 99 142 414 558 489 517 465 373 775 471 298 751 594 597 354 94 374 588 281 734 256 687 403 301 802 508 641 479 596 550 383 311 342 296 674 268 286 301 586 338 274 560 319 306 238 350 278 488 216 488 539 444 280 214
596 411 823 307 432 846 1137 734 869 552 916 589 933 1022 811 873 810 340 412 756 719 154 758 1077 1066 203 511 1044 463 1039 387 933 848 588 327 628 873 609 676 605 824 807 426 730 1059 352 840 923 1024 718 918 743 561 589 598 741 840 885 568 1221 1024 974 452 233 771 900 581 450 905 407 0 699 432 885 388 765 679 342 391 1252 566 814 132 971 1071 497 421 33 964 857 352 346 521 980 458 652 868 959 896 63 496 558 805 688 979 651 962 525 601 1092 834 741 736 980 829 607 401 720 666 686 177 686 220 634 743 632 861 702 713 204 488 206 356 489 537 848 800 636 605
