NAME : X-n125-k30_SARP
COMMENT : Curated from VRPLIB to SARP
TYPE : SARP
DIMENSION : 125
EDGE_WEIGHT_TYPE : EXPLICIT
EDGE_WEIGHT_FORMAT : FULL_MATRIX
EDGE_WEIGHT_SECTION
0 1034 947 1154 1072 1010 689 989 992 972 998 1017 996 465 559 1095 945 966 1052 393 509 1091 518 1126 539 1099 939 1106 776 847 853 956 907 1055 771 958 566 1007 1090 1099 1096 1115 765 670 1100 1005 688 544 854 1072 421 1015 1061 848 672 995 391 807 916 974 801 742 544 661 577 791 959 979 538 853 994 703 1078 792 797 785 1063 1010 555 487 725 865 503 908 968 453 553 956 979 1007 1081 1009 982 989 970 1010 570 774 700 314 1011 1003 737 1028 874 748 521 999 1085 952 590 1151 822 694 867 527 945 1019 1035 1079 972 894 994 696 420
1034 0 801 225 45 118 677 154 134 144 171 49 221 618 633 64 104 242 105 653 581 99 602 93 580 69 106 72 694 393 832 361 772 25 682 218 582 222 133 66 62 81 538 560 86 304 538 801 187 72 832 136 136 371 731 133 807 416 524 135 640 689 625 451 626 643 269 218 559 571 319 489 71 668 703 712 93 339 671 754 350 758 554 867 158 606 609 289 58 339 48 128 179 258 130 65 549 279 574 794 109 140 665 189 388 652 521 124 55 335 444 118 685 701 486 658 141 24 127 49 312 213 159 664 779
947 801 0 703 841 889 277 649 891 885 927 753 968 576 434 851 808 968 899 671 550 900 511 857 506 855 718 841 188 1016 111 1063 44 799 198 942 467 976 933 823 837 844 1085 371 883 1043 373 404 686 767 527 907 929 997 278 893 557 1006 277 878 202 221 459 497 418 207 987 956 531 237 1050 407 872 190 166 172 891 1075 418 463 566 85 607 91 894 618 460 1001 758 1073 818 678 924 996 869 737 496 795 331 954 883 904 237 960 1031 235 773 679 844 1038 681 858 156 263 318 456 857 777 911 839 1031 881 914 276 529
1154 225 703 0 233 341 660 168 358 369 393 196 443 702 669 225 317 466 317 762 658 287 665 208 642 227 252 205 647 615 762 585 684 203 638 442 631 443 328 189 208 201 756 570 259 525 546 816 323 153 878 357 345 592 715 357 864 635 436 360 587 653 670 507 657 594 493 442 631 505 541 505 264 617 649 661 299 560 700 791 430 683 652 783 383 703 654 513 240 560 200 155 403 481 354 191 608 466 568 955 332 363 632 407 611 617 674 167 226 559 576 192 623 680 424 700 363 216 344 225 536 433 382 646 832
1072 45 841 233 0 113 722 192 133 148 164 89 212 661 678 23 131 238 83 694 624 61 646 57 624 27 150 40 738 400 874 356 813 42 726 217 627 211 100 47 31 49 549 605 42 293 583 846 230 87 876 127 113 379 776 132 851 427 564 140 682 733 670 495 671 686 265 213 602 613 309 534 33 711 746 755 66 327 715 799 394 800 596 908 162 648 654 285 103 328 33 164 176 250 138 105 593 309 618 826 105 134 709 174 392 695 556 162 13 331 484 86 728 745 528 703 155 69 112 9 305 228 154 708 823
1010 118 889 341 113 0 737 259 22 41 53 159 103 629 669 130 86 126 45 647 597 90 625 162 604 131 171 151 766 289 909 245 857 138 753 105 614 104 80 160 143 159 439 613 111 186 593 842 219 188 856 19 53 268 788 20 825 318 616 36 715 756 657 488 665 717 153 101 579 654 202 543 92 742 777 784 61 222 708 785 384 839 559 948 52 608 641 173 135 222 144 238 63 140 40 173 577 236 632 746 8 22 731 74 279 719 488 231 124 219 434 192 762 761 571 690 64 133 27 122 195 127 42 724 800
689 677 277 660 722 737 0 545 732 721 764 634 796 300 158 737 651 788 758 395 278 773 237 754 235 742 576 734 90 799 219 864 233 683 83 763 197 805 797 718 727 740 844 128 763 860 145 177 518 666 284 753 785 782 55 735 301 781 266 716 116 56 183 267 143 105 801 781 263 188 862 194 747 103 113 104 756 887 142 203 362 192 338 276 728 344 185 812 623 885 708 576 756 817 708 619 232 586 104 677 732 746 49 799 818 62 512 571 729 842 432 765 134 25 245 179 690 653 762 723 841 695 752 14 269
989 154 649 168 192 259 545 0 268 270 307 105 356 542 527 202 199 369 257 597 500 252 512 212 489 207 107 194 552 489 685 485 621 150 541 342 482 360 287 177 189 198 619 438 234 439 415 685 160 122 733 278 289 466 600 269 715 502 372 261 496 551 523 353 517 500 394 348 474 423 452 369 224 525 560 569 246 474 561 650 267 610 489 717 283 541 508 413 124 474 170 30 310 391 254 89 456 312 445 787 251 278 527 333 491 513 507 30 195 458 408 220 539 568 337 556 252 131 275 191 440 309 294 532 684
992 134 891 358 133 22 732 268 0 20 39 172 89 617 661 151 83 108 66 632 585 111 614 183 594 152 175 172 764 268 909 228 858 155 751 85 605 92 99 180 163 180 417 607 133 172 588 834 214 205 845 23 69 246 784 3 813 296 619 18 714 753 648 480 657 716 135 84 568 655 187 538 114 740 776 783 83 208 700 776 377 839 546 949 30 595 632 155 144 208 164 249 45 125 25 185 567 218 628 726 28 14 728 69 259 717 470 241 145 201 419 213 762 757 573 681 49 147 43 142 178 105 26 720 789
972 144 885 369 148 41 721 270 20 0 43 179 86 600 647 167 77 100 86 614 569 131 599 200 579 169 172 188 755 252 901 219 852 167 742 74 591 92 119 195 179 196 401 596 151 169 577 820 204 216 829 42 89 230 772 23 797 279 615 9 706 743 633 467 644 708 126 78 553 649 182 527 131 732 768 774 102 204 686 761 364 832 529 941 14 577 618 146 146 204 178 253 40 120 17 190 553 199 618 706 46 31 718 77 245 708 451 245 160 192 401 230 754 746 568 666 32 155 63 158 171 86 30 710 773
998 171 927 393 164 53 764 307 39 43 0 211 50 636 687 179 119 74 86 646 606 130 637 210 618 180 213 201 798 243 943 192 894 191 785 57 631 53 106 211 193 209 394 638 156 134 619 860 246 241 867 37 73 223 814 38 834 275 657 49 748 786 673 508 684 750 101 49 591 691 149 569 140 775 810 816 105 169 726 800 405 875 565 984 37 612 658 121 183 169 196 288 17 87 58 224 592 229 660 725 61 31 761 36 231 750 478 280 174 167 435 239 797 788 610 705 74 185 56 173 142 104 13 752 811
1017 49 753 196 89 159 634 105 172 179 211 0 261 590 597 103 121 278 152 631 551 147 570 123 547 108 78 102 649 419 785 398 724 49 637 253 547 263 181 89 94 109 560 519 132 344 497 763 163 57 798 178 184 396 688 172 775 439 476 170 593 644 590 416 589 597 305 256 528 524 359 448 119 622 657 666 141 380 633 719 317 711 529 819 193 581 574 325 45 380 75 80 216 297 163 16 516 280 531 788 151 180 620 233 416 607 511 76 95 371 427 141 638 657 439 623 169 26 172 89 350 236 198 621 746
996 221 968 443 212 103 796 356 89 86 50 261 0 652 712 226 163 34 131 655 625 173 658 255 639 226 259 248 834 207 981 144 934 241 821 38 655 11 141 259 241 255 358 669 200 84 651 885 283 291 886 86 111 189 846 88 851 242 700 95 786 821 697 536 710 787 57 17 611 731 98 602 186 812 847 853 150 119 752 822 435 914 579 1023 75 625 682 75 232 119 245 337 46 37 103 274 616 239 693 714 111 81 796 46 192 785 478 330 222 120 447 284 835 821 651 729 112 235 101 221 93 110 63 785 829
465 618 576 702 661 629 300 542 617 600 636 590 652 0 142 682 549 632 665 97 45 695 66 710 79 687 515 689 387 585 515 674 532 635 378 614 116 663 705 678 679 697 590 226 697 694 238 272 432 641 236 640 682 574 316 620 199 557 466 598 388 355 118 198 157 379 637 635 74 415 690 242 675 390 410 404 670 713 168 190 276 491 73 573 600 46 117 642 560 710 662 566 623 660 592 580 107 414 263 380 628 630 339 671 609 343 239 557 673 658 208 731 424 318 412 128 568 599 656 667 667 542 627 300 179
559 633 434 669 678 669 158 527 661 647 687 597 712 142 0 697 584 698 698 237 125 721 81 719 86 702 528 699 246 681 374 758 390 645 237 676 57 722 739 685 690 706 708 113 717 766 135 173 454 640 208 683 721 667 177 664 199 658 357 643 253 213 25 183 18 243 707 696 117 294 765 166 698 251 269 262 700 789 40 123 286 350 187 431 650 187 33 715 576 787 672 555 676 727 636 584 98 483 141 520 666 675 198 723 703 204 365 547 688 739 301 736 285 176 311 34 614 611 696 682 743 604 676 158 166
1095 64 851 225 23 130 737 202 151 167 179 103 226 682 697 0 154 253 95 716 645 62 666 34 644 5 170 22 751 418 887 370 823 54 740 234 646 224 102 36 17 30 568 622 36 304 600 864 251 88 896 142 121 397 791 149 871 446 573 159 695 747 689 515 690 700 280 228 623 624 322 551 40 724 759 768 76 338 734 818 414 812 618 919 180 669 673 300 123 339 32 173 192 263 157 118 613 332 634 849 122 150 723 186 409 710 579 173 10 345 506 64 740 761 539 722 176 86 125 16 319 248 170 724 843
945 104 808 317 131 86 651 199 83 77 119 121 163 549 584 154 0 171 115 573 516 147 542 187 521 157 96 169 681 299 826 286 775 129 669 144 530 169 156 168 159 178 439 527 155 244 507 756 133 170 774 102 137 276 703 85 744 318 538 70 631 671 573 402 580 633 195 153 497 572 255 457 132 657 693 700 121 278 623 701 299 757 481 866 88 531 557 214 79 278 149 185 117 195 61 128 493 178 547 696 82 97 646 151 297 634 427 175 144 259 361 216 679 675 491 606 54 103 112 139 242 116 106 639 718
966 242 968 466 238 126 788 369 108 100 74 278 34 632 698 253 171 0 160 631 607 203 641 284 623 254 267 275 829 173 977 120 933 263 816 27 641 43 174 285 268 283 325 660 229 75 643 870 282 313 867 111 142 155 836 109 831 208 703 109 783 814 682 525 697 783 27 25 594 731 84 594 214 807 843 848 179 108 737 805 426 911 559 1020 86 604 667 47 245 107 270 352 63 29 116 290 600 219 685 682 134 104 789 79 159 779 451 344 249 94 426 313 832 813 652 713 118 254 129 247 72 94 84 776 810
1052 105 899 317 83 45 758 257 66 86 86 152 131 665 698 95 115 160 0 686 631 46 658 124 636 95 184 117 783 328 924 275 868 119 771 142 644 129 41 129 110 124 479 636 70 210 616 870 244 168 889 50 32 308 811 63 859 359 623 81 730 775 687 516 694 733 186 134 612 666 227 566 55 758 793 801 19 244 737 816 412 852 596 961 96 645 671 206 141 245 117 232 100 168 83 168 608 278 654 790 41 60 750 91 317 738 531 228 92 251 473 153 777 783 582 720 107 126 30 92 224 171 79 746 834
393 653 671 762 694 647 395 597 632 614 646 631 655 97 237 716 573 631 686 0 134 720 163 746 175 721 554 725 483 558 607 656 627 672 474 616 213 666 726 716 715 734 539 322 726 685 333 342 469 685 274 655 700 550 407 635 228 525 560 613 485 450 213 274 253 476 631 638 161 511 679 333 704 487 506 499 694 700 257 257 332 587 111 665 612 65 213 633 597 697 699 618 631 657 608 623 199 417 360 283 647 645 435 679 583 439 194 608 706 643 213 769 521 411 503 218 583 636 673 700 656 546 639 395 221
509 581 550 658 624 597 278 500 585 569 606 551 625 45 125 645 516 607 631 134 0 659 44 671 44 650 476 651 362 571 497 655 506 596 352 588 84 636 672 639 641 658 587 190 660 671 200 277 394 600 261 608 650 558 301 588 229 545 426 567 357 331 100 154 136 349 613 608 29 378 668 200 639 362 385 380 636 691 158 202 235 467 63 554 570 71 93 619 522 688 623 525 594 635 560 541 65 388 229 412 595 599 313 642 594 315 240 515 635 638 189 692 396 298 370 121 537 560 624 629 645 515 597 276 204
1091 99 900 287 61 90 773 252 111 131 130 147 173 695 721 62 147 203 46 720 659 0 684 84 662 60 196 82 792 373 931 316 871 103 780 187 668 169 41 98 79 87 525 653 28 247 632 891 267 147 915 96 63 353 826 109 887 404 623 125 738 786 711 538 715 741 229 178 639 670 265 582 28 766 802 810 29 280 759 840 435 857 627 965 141 678 695 248 149 281 91 224 145 209 127 163 633 319 669 833 85 106 762 129 361 749 571 222 63 292 508 111 784 797 585 744 150 123 75 65 264 216 125 759 861
518 602 511 665 646 625 237 512 614 599 637 570 658 66 81 666 542 641 658 163 44 684 0 691 23 671 497 671 323 611 455 694 467 616 313 621 51 669 699 659 661 678 631 161 683 707 175 236 417 617 231 637 678 598 258 617 205 586 404 597 322 291 57 159 94 314 648 642 47 350 705 185 663 325 346 340 662 728 114 164 253 427 107 512 601 107 52 655 544 726 643 538 626 670 589 558 57 424 198 446 623 629 274 673 634 278 284 529 657 676 229 710 359 256 351 78 567 581 652 651 682 549 628 236 177
1126 93 857 208 57 162 754 212 183 200 210 123 255 710 719 34 187 284 124 746 671 84 691 0 669 32 195 21 764 451 897 399 831 75 753 266 670 252 123 35 31 14 601 641 56 331 618 885 278 90 920 173 147 430 808 182 896 479 580 193 707 761 712 538 712 712 310 258 649 634 349 570 70 736 771 781 105 365 756 841 439 821 646 927 213 698 696 330 150 365 48 181 223 292 191 136 638 366 652 883 155 182 738 213 441 724 612 184 43 375 537 30 751 777 549 745 210 111 155 48 348 282 202 740 868
539 580 506 642 624 604 235 489 594 579 618 547 639 79 86 644 521 623 636 175 44 662 23 669 0 649 474 648 319 598 454 678 462 594 308 603 40 650 677 636 639 655 622 148 661 689 159 250 395 594 253 617 657 584 261 597 228 574 387 576 314 288 64 136 95 305 631 623 31 337 688 165 641 318 341 336 640 711 123 182 230 423 103 511 581 114 53 638 521 709 621 515 606 652 569 536 34 406 186 455 602 608 269 653 620 271 279 506 634 660 216 688 353 256 333 91 546 558 631 628 665 530 608 233 199
1099 69 855 227 27 131 742 207 152 169 180 108 226 687 702 5 157 254 95 721 650 60 671 32 649 0 175 23 756 420 891 370 828 59 744 235 651 224 100 39 20 29 569 627 33 304 605 869 255 92 901 143 120 398 796 150 876 448 578 161 700 752 694 520 695 704 281 229 628 629 321 556 40 729 764 773 76 338 739 823 419 816 623 924 182 674 678 300 127 339 37 177 193 263 160 123 618 336 639 853 124 151 728 185 410 715 583 177 15 346 511 62 745 766 544 727 179 91 125 21 319 251 171 729 848
939 106 718 252 150 171 576 107 175 172 213 78 259 515 528 170 96 267 184 554 476 196 497 195 474 175 0 174 599 382 741 381 686 120 587 240 476 264 222 164 165 182 513 457 190 340 435 696 85 133 726 190 213 359 630 176 701 395 445 164 546 591 519 345 521 549 291 249 454 483 351 386 172 574 610 617 180 375 565 649 244 669 452 778 184 504 503 310 48 374 147 102 212 291 156 71 443 214 472 713 165 187 567 243 384 554 435 90 160 354 349 216 593 601 400 552 150 84 193 154 338 202 199 563 673
1106 72 841 205 40 151 734 194 172 188 201 102 248 689 699 22 169 275 117 725 651 82 671 21 648 23 174 0 746 440 879 392 815 54 734 256 649 246 123 19 11 9 589 621 55 326 598 865 258 75 900 164 143 418 789 170 876 467 564 180 689 743 692 517 691 694 302 250 628 617 344 550 62 718 753 763 98 360 736 821 418 804 625 911 201 677 676 322 129 361 27 164 214 285 178 116 617 347 632 864 144 172 719 208 430 705 592 166 28 367 517 47 733 758 532 725 195 90 147 31 341 268 192 721 847
776 694 188 647 738 766 90 552 764 755 798 649 834 387 246 751 681 829 783 483 362 792 323 764 319 756 599 746 0 856 150 913 144 697 13 803 279 842 820 729 740 750 912 190 780 903 197 248 551 674 364 783 811 838 109 766 386 841 222 749 60 34 270 325 230 53 844 820 344 145 907 240 765 31 23 20 779 932 232 289 408 105 420 201 762 430 271 857 644 930 721 583 791 857 741 633 310 638 153 766 760 778 49 832 873 52 589 580 744 890 502 771 48 82 223 269 724 670 790 738 887 737 785 88 356
847 393 1016 615 400 289 799 489 268 252 243 419 207 585 681 418 299 173 328 558 571 373 611 451 598 420 382 440 856 0 1006 110 977 417 843 186 624 214 347 447 431 448 152 672 398 172 660 847 358 464 819 278 314 23 841 269 777 42 771 260 819 835 661 532 685 817 151 198 567 782 156 616 381 839 873 875 347 167 720 772 451 949 513 1055 239 547 648 136 378 164 429 481 228 179 264 427 583 222 704 545 296 269 811 252 27 804 364 470 412 111 382 480 868 823 714 689 252 399 299 410 138 183 249 790 762
853 832 111 762 874 909 219 685 909 901 943 785 981 515 374 887 826 977 924 607 497 931 455 897 454 891 741 879 150 1006 0 1063 93 833 163 951 416 989 961 862 874 883 1060 337 917 1051 347 309 698 806 432 927 954 988 201 911 466 991 325 894 195 172 399 475 360 193 993 967 483 263 1055 390 903 169 134 130 919 1080 350 378 558 79 557 58 909 560 403 1006 784 1079 855 715 938 1005 886 769 451 788 302 886 904 922 196 977 1023 202 731 714 879 1039 649 902 147 199 348 389 871 808 933 874 1036 886 930 224 442
956 361 1063 585 356 245 864 485 228 219 192 398 144 674 758 370 286 120 275 656 655 316 694 399 678 370 381 392 913 110 1063 0 1026 383 900 145 701 147 281 403 385 399 242 736 343 76 721 928 381 433 910 229 253 108 909 228 870 151 805 228 871 896 740 597 760 871 93 144 648 826 56 674 330 894 929 933 294 59 798 857 505 1001 601 1109 205 639 726 73 363 56 389 470 183 107 235 409 660 278 765 655 253 223 871 186 84 863 464 461 366 27 467 427 921 889 751 769 233 373 245 365 51 185 203 854 853
907 772 44 684 813 857 233 621 858 852 894 724 934 532 390 823 775 933 868 627 506 871 467 831 462 828 686 815 144 977 93 1026 0 771 154 907 423 942 903 796 810 817 1043 327 855 1008 330 366 651 740 488 875 898 958 236 860 516 966 252 845 160 177 414 455 374 164 951 921 487 203 1014 366 843 146 121 129 861 1039 374 422 526 42 563 98 860 574 415 965 727 1037 791 651 890 961 836 708 452 756 288 910 851 871 193 927 993 191 730 651 817 1001 638 833 113 220 286 412 823 748 879 812 995 845 881 232 488
1055 25 799 203 42 138 683 150 155 167 191 49 241 635 645 54 129 263 119 672 596 103 616 75 594 59 120 54 697 417 833 383 771 0 686 240 595 241 141 44 45 62 563 569 84 323 546 811 204 50 845 155 150 395 738 155 821 441 522 158 642 693 638 463 638 646 290 239 574 571 339 497 75 670 706 715 104 359 682 767 364 759 572 866 181 623 621 310 76 359 27 121 200 278 154 65 563 303 581 817 130 160 669 207 411 656 543 120 46 357 465 97 687 707 486 671 166 36 144 41 333 238 180 670 793
771 682 198 638 726 753 83 541 751 742 785 637 821 378 237 740 669 816 771 474 352 780 313 753 308 744 587 734 13 843 163 900 154 686 0 791 268 830 808 717 728 739 899 178 768 890 185 247 539 663 361 770 799 825 109 754 382 828 215 737 52 30 261 313 221 43 832 807 334 137 894 227 753 25 33 33 767 919 225 284 395 116 409 213 750 420 261 844 632 917 709 571 779 845 728 621 299 625 140 757 748 765 39 819 860 39 578 569 732 877 490 760 51 79 213 261 712 658 777 726 874 725 772 79 351
958 218 942 442 217 105 763 342 85 74 57 253 38 614 676 234 144 27 142 616 588 187 621 266 603 235 240 256 803 186 951 145 907 240 791 0 619 49 162 264 247 264 338 636 212 102 619 849 255 290 848 92 129 166 812 86 813 218 676 84 757 789 661 502 675 758 52 21 575 704 111 570 195 782 817 823 161 135 716 785 402 885 542 994 60 587 646 72 219 134 249 326 42 54 90 264 579 201 661 679 113 84 764 73 175 754 440 317 229 118 409 295 806 788 626 692 91 229 112 227 98 73 64 752 791
566 582 467 631 627 614 197 482 605 591 631 547 655 116 57 646 530 641 644 213 84 668 51 670 40 651 476 649 279 624 416 701 423 595 268 619 0 665 685 636 640 656 655 110 666 708 124 230 401 592 252 628 667 610 225 608 234 602 353 588 274 248 43 132 61 266 650 639 67 300 708 138 646 278 302 297 647 732 97 172 233 384 141 473 594 153 27 658 524 729 622 509 620 670 580 535 41 426 147 494 612 620 230 666 646 232 316 501 637 682 245 687 313 218 301 76 559 560 641 631 686 547 620 194 202
1007 222 976 443 211 104 805 360 92 92 53 263 11 663 722 224 169 43 129 666 636 169 669 252 650 224 264 246 842 214 989 147 942 241 830 49 665 0 136 258 239 253 365 678 197 82 660 895 292 292 897 86 106 197 855 91 862 251 707 100 795 830 707 546 721 796 64 28 622 739 98 611 184 820 856 862 148 117 762 832 445 922 590 1031 82 636 692 81 236 117 244 340 52 39 108 276 626 250 702 724 113 83 805 40 198 794 489 333 221 123 458 280 843 830 659 739 119 238 99 220 95 121 66 794 840
1090 133 933 328 100 80 797 287 99 119 106 181 141 705 739 102 156 174 41 726 672 41 699 123 677 100 222 123 820 347 961 281 903 141 808 162 685 136 0 139 119 127 498 676 68 211 655 911 285 186 930 78 33 328 850 96 900 380 656 116 767 813 728 557 734 770 198 149 653 701 229 606 66 795 831 839 42 243 778 857 453 888 636 997 126 686 712 217 177 244 131 260 122 175 120 197 649 316 693 825 79 89 788 96 333 776 569 257 103 259 513 148 814 822 617 761 145 156 56 105 230 203 104 785 875
1099 66 823 189 47 160 718 177 180 195 211 89 259 678 685 36 168 285 129 716 639 98 659 35 636 39 164 19 729 447 862 403 796 44 717 264 636 258 139 0 19 21 595 606 71 339 583 850 248 56 887 174 157 425 773 178 863 473 546 186 672 726 678 504 677 677 312 260 616 599 356 535 75 701 736 746 111 373 722 807 406 786 616 893 208 667 662 332 120 374 19 146 223 296 183 101 604 345 616 861 152 181 702 220 439 689 587 148 37 378 509 53 716 742 514 711 199 81 158 38 352 272 201 705 835
1096 62 837 208 31 143 727 189 163 179 193 94 241 679 690 17 159 268 110 715 641 79 661 31 639 20 165 11 740 431 874 385 810 45 728 247 640 239 119 19 0 20 579 613 52 320 591 856 248 72 891 156 138 409 782 162 866 458 560 171 684 736 683 508 683 688 295 242 618 612 337 542 56 712 748 757 92 354 727 812 409 799 616 906 192 667 667 314 119 355 19 159 206 278 168 108 608 337 625 853 135 164 712 201 422 699 581 160 19 360 506 57 728 751 526 716 186 81 140 21 334 258 184 714 838
1115 81 844 201 49 159 740 198 180 196 209 109 255 697 706 30 178 283 124 734 658 87 678 14 655 29 182 9 750 448 883 399 817 62 739 264 656 253 127 21 20 0 597 627 59 333 604 871 266 77 907 172 149 427 794 179 883 475 566 189 693 747 699 524 698 698 310 258 635 620 350 556 69 723 757 767 105 367 742 827 425 807 634 914 209 685 683 329 137 367 35 168 221 292 186 122 624 356 638 873 152 180 724 214 439 710 601 170 36 375 525 37 737 763 535 732 204 98 154 40 348 277 200 726 854
765 538 1085 756 549 439 844 619 417 401 394 560 358 590 708 568 439 325 479 539 587 525 631 601 622 569 513 589 912 152 1060 242 1043 563 899 338 655 365 498 595 579 597 0 722 549 314 715 861 473 608 813 429 466 171 879 419 767 122 861 409 883 887 685 588 716 879 302 349 591 859 296 677 531 900 932 931 498 300 744 780 526 1011 525 1113 388 547 675 286 517 297 577 615 379 329 411 566 615 319 759 452 446 419 864 404 168 860 351 603 561 253 412 630 931 867 800 708 397 541 450 558 283 325 400 837 758
670 560 371 570 605 613 128 438 607 596 638 519 669 226 113 622 527 660 636 322 190 653 161 641 148 627 457 621 190 672 337 736 327 569 178 636 110 678 676 606 613 627 722 0 646 732 24 248 394 557 314 628 662 654 177 610 311 655 246 591 171 165 126 139 97 164 673 654 166 190 734 71 628 181 210 209 636 759 134 226 234 292 240 390 601 261 117 684 505 757 594 468 629 689 583 505 129 458 40 602 609 622 142 673 690 138 402 462 613 714 313 654 215 153 198 147 564 536 638 607 713 567 626 119 277
1100 86 883 259 42 111 763 234 133 151 156 132 200 697 717 36 155 229 70 726 660 28 683 56 661 33 190 55 780 398 917 343 855 84 768 212 666 197 68 71 52 59 549 646 0 275 624 886 266 123 914 120 91 378 817 131 888 428 606 145 725 775 708 535 711 729 256 204 639 655 293 575 22 753 789 797 51 309 755 838 433 843 630 950 163 681 692 275 142 309 67 205 170 236 145 147 631 331 660 847 105 130 751 157 387 738 582 204 39 319 514 84 770 787 570 742 166 110 100 44 292 236 149 750 860
1005 304 1043 525 293 186 860 439 172 169 134 344 84 694 766 304 244 75 210 685 671 247 707 331 689 304 340 326 903 172 1051 76 1008 323 890 102 708 82 211 339 320 333 314 732 275 0 715 938 357 374 929 168 184 162 908 172 892 213 778 178 857 888 749 595 766 858 59 91 660 806 19 667 264 882 917 922 228 35 805 871 498 986 620 1095 156 662 734 52 315 35 326 421 129 49 186 357 668 283 758 711 194 164 863 119 149 853 499 413 301 62 486 358 906 885 727 780 191 319 181 301 34 165 147 849 872
688 538 373 546 583 593 145 415 588 577 619 497 651 238 135 600 507 643 616 333 200 632 175 618 159 605 435 598 197 660 347 721 330 546 185 619 124 660 655 583 591 604 715 24 624 715 0 272 374 533 338 608 642 642 196 590 334 644 229 572 171 176 146 128 119 166 656 636 174 179 718 50 607 185 216 217 615 743 158 250 217 296 245 398 583 271 135 668 483 741 572 444 611 672 564 482 136 444 45 611 588 602 151 654 678 145 402 439 591 699 308 631 217 170 178 169 545 514 618 585 697 550 607 134 300
544 801 404 816 846 842 177 685 834 820 860 763 885 272 173 864 756 870 870 342 277 891 236 885 250 869 696 865 248 847 309 928 366 811 247 849 230 895 911 850 856 871 861 248 886 938 272 0 626 802 123 856 893 834 139 836 158 822 442 816 291 218 189 354 176 279 879 869 281 365 937 317 867 271 266 253 871 961 134 85 458 324 338 365 823 316 204 887 744 958 838 715 849 899 809 749 270 655 250 601 839 848 223 896 870 238 511 708 855 910 465 900 295 170 416 159 787 778 868 849 915 777 849 190 138
854 187 686 323 230 219 518 160 214 204 246 163 283 432 454 251 133 282 244 469 394 267 417 278 395 255 85 258 551 358 698 381 651 204 539 255 401 292 285 248 248 266 473 394 266 357 374 626 0 218 648 234 269 336 570 216 621 363 424 198 503 540 444 272 449 504 301 270 373 449 364 324 246 529 564 570 246 388 493 573 168 630 368 740 211 419 428 316 129 387 231 169 240 309 190 156 366 156 414 633 215 228 515 281 366 504 353 157 241 355 264 301 552 543 371 477 173 168 244 235 346 197 234 506 594
1072 72 767 153 87 188 666 122 205 216 241 57 291 641 640 88 170 313 168 685 600 147 617 90 594 92 133 75 674 464 806 433 740 50 663 290 592 292 186 56 72 77 608 557 123 374 533 802 218 0 843 205 199 442 721 205 822 486 489 207 617 672 634 461 631 622 340 289 576 544 390 486 120 647 681 691 152 409 675 762 365 730 581 837 230 633 618 360 100 409 56 92 250 328 202 62 562 336 565 845 180 210 649 257 459 635 567 95 84 407 482 98 661 689 458 667 212 67 194 81 383 283 230 653 792
421 832 527 878 876 856 284 733 845 829 867 798 886 236 208 896 774 867 889 274 261 915 231 920 253 901 726 900 364 819 432 910 488 845 361 848 252 897 930 887 891 907 813 314 914 929 338 123 648 843 0 868 909 809 256 848 49 790 540 827 400 332 210 383 221 389 872 869 277 466 926 374 894 384 384 371 893 949 180 89 482 446 310 487 831 272 226 878 774 946 872 761 855 895 820 786 283 648 330 502 854 859 333 902 844 346 463 753 887 894 444 938 411 283 504 178 797 810 883 881 903 776 858 294 57
1015 136 907 357 127 19 753 278 23 42 37 178 86 640 683 142 102 111 50 655 608 96 637 173 617 143 190 164 783 278 927 229 875 155 770 92 628 86 78 174 156 172 429 628 120 168 608 856 234 205 868 0 47 258 804 20 837 309 635 42 732 773 670 502 679 734 138 86 591 672 184 559 103 759 795 801 69 204 722 798 399 857 569 966 48 618 655 158 154 204 159 257 50 123 48 192 590 241 649 747 27 11 748 55 268 736 493 250 137 204 443 203 780 777 589 703 72 152 22 136 179 125 29 740 812
1061 136 929 345 113 53 785 289 69 89 73 184 111 682 721 121 137 142 32 700 650 63 678 147 657 120 213 143 811 314 954 253 898 150 799 129 667 106 33 157 138 149 466 662 91 184 642 893 269 199 909 47 0 295 837 66 879 347 654 87 759 803 709 539 717 762 167 117 632 696 202 592 81 787 822 830 47 218 760 838 435 882 613 991 95 662 694 186 171 219 146 264 90 146 92 199 630 287 681 794 55 58 778 66 301 766 539 260 119 230 487 174 806 810 612 742 117 158 27 120 202 171 71 772 853
848 371 997 592 379 268 782 466 246 230 223 396 189 574 667 397 276 155 308 550 558 353 598 430 584 398 359 418 838 23 988 108 958 395 825 166 610 197 328 425 409 427 171 654 378 162 642 834 336 442 809 258 295 0 825 248 768 53 750 239 800 818 647 515 670 798 135 179 553 762 148 598 360 821 855 857 327 162 706 760 432 930 502 1037 217 538 634 122 355 159 408 458 208 164 242 404 569 202 687 550 275 248 793 234 36 786 357 447 391 104 370 459 849 807 693 675 229 376 279 388 128 160 229 773 752
672 731 278 715 776 788 55 600 784 772 814 688 846 316 177 791 703 836 811 407 301 826 258 808 261 796 630 789 109 841 201 909 236 738 109 812 225 855 850 773 782 794 879 177 817 908 196 139 570 721 256 804 837 825 0 786 281 821 313 768 155 80 202 313 166 144 849 831 291 234 910 245 801 133 128 115 810 934 149 185 411 194 364 259 778 362 208 860 677 932 763 630 806 865 759 673 264 632 157 685 784 798 90 850 861 106 540 626 783 888 468 819 157 36 297 189 741 707 814 777 889 743 802 69 252
995 133 893 357 132 20 735 269 3 23 38 172 88 620 664 149 85 109 63 635 588 109 617 182 597 150 176 170 766 269 911 228 860 155 754 86 608 91 96 178 162 179 419 610 131 172 590 836 216 205 848 20 66 248 786 0 816 298 621 21 716 755 651 483 660 718 136 85 571 657 187 541 112 742 778 785 80 208 703 778 380 841 549 951 32 598 635 156 145 207 162 249 45 125 28 185 570 221 631 729 27 12 730 67 260 719 474 242 143 202 422 211 764 760 575 683 52 147 40 141 179 108 26 723 792
391 807 557 864 851 825 301 715 813 797 834 775 851 199 199 871 744 831 859 228 229 887 205 896 228 876 701 876 386 777 466 870 516 821 382 813 234 862 900 863 866 883 767 311 888 892 334 158 621 822 49 837 879 768 281 816 0 747 546 795 416 353 195 362 214 405 835 834 248 476 888 364 867 403 407 395 864 910 179 98 458 474 272 523 798 231 210 840 748 907 848 741 821 859 788 763 260 612 332 454 824 827 350 869 802 362 419 733 861 855 406 915 433 304 506 166 765 786 852 855 865 741 825 309 34
807 416 1006 635 427 318 781 502 296 279 275 439 242 557 658 446 318 208 359 525 545 404 586 479 574 448 395 467 841 42 991 151 966 441 828 218 602 251 380 473 458 475 122 655 428 213 644 822 363 486 790 309 347 53 821 298 747 0 767 287 807 820 637 516 663 804 188 232 542 774 198 602 410 826 859 861 377 209 696 745 440 936 486 1041 266 518 625 175 396 206 455 496 259 217 289 445 561 216 689 504 324 299 796 287 68 789 330 485 439 153 358 509 856 805 708 664 275 420 330 436 179 203 280 773 733
916 524 277 436 564 616 266 372 619 615 657 476 700 466 357 573 538 703 623 560 426 623 404 580 387 578 445 564 222 771 325 805 252 522 215 676 353 707 656 546 560 566 861 246 606 778 229 442 424 489 540 635 654 750 313 621 546 767 0 608 163 238 372 308 339 173 723 689 399 79 786 229 595 191 219 232 615 811 368 453 336 247 463 349 625 496 363 740 483 809 541 401 655 730 599 460 361 551 216 832 609 632 223 688 783 207 596 401 567 779 488 582 190 277 63 390 588 500 637 562 769 620 643 252 513
974 135 878 360 140 36 716 261 18 9 49 170 95 598 643 159 70 109 81 613 567 125 597 193 576 161 164 180 749 260 894 228 845 158 737 84 588 100 116 186 171 189 409 591 145 178 572 816 198 207 827 42 87 239 768 21 795 287 608 0 700 738 630 463 640 701 135 87 550 642 191 522 125 726 762 768 96 213 683 758 360 826 528 935 23 576 615 155 137 212 169 244 49 129 9 181 550 200 613 710 40 32 713 83 253 702 453 236 152 201 401 223 748 741 560 663 30 146 61 150 180 91 36 704 771
801 640 202 587 682 715 116 496 714 706 748 593 786 388 253 695 631 783 730 485 357 738 322 707 314 700 546 689 60 819 195 871 160 642 52 757 274 795 767 672 684 693 883 171 725 857 171 291 503 617 400 732 759 800 155 716 416 807 163 700 0 76 275 295 235 11 799 773 336 85 862 206 711 30 64 74 726 887 248 318 368 130 410 238 714 428 272 813 591 885 664 526 743 811 691 577 299 599 131 768 709 728 68 782 835 54 573 524 688 847 479 714 50 121 163 281 676 615 738 683 843 693 736 106 384
742 689 221 653 733 756 56 551 753 743 786 644 821 355 213 747 671 814 775 450 331 786 291 761 288 752 591 743 34 835 172 896 177 693 30 789 248 830 813 726 736 747 887 165 775 888 176 218 540 672 332 773 803 818 80 755 353 820 238 738 76 0 237 303 197 65 829 806 314 159 891 221 760 53 57 49 772 916 198 255 391 137 389 227 750 398 239 842 637 914 717 581 779 843 729 629 281 619 131 733 751 767 25 821 854 37 561 578 739 873 477 770 80 49 230 235 712 665 781 734 871 722 774 55 322
544 625 459 670 670 657 183 523 648 633 673 590 697 118 25 689 573 682 687 213 100 711 57 712 64 694 519 692 270 661 399 740 414 638 261 661 43 707 728 678 683 699 685 126 708 749 146 189 444 634 210 670 709 647 202 651 195 637 372 630 275 237 0 174 40 265 690 680 95 312 748 170 689 274 293 286 690 772 59 129 276 374 163 456 636 162 16 698 567 769 664 551 662 711 623 577 81 466 158 496 654 662 222 709 683 227 340 543 680 721 279 729 308 201 324 33 601 603 684 674 726 588 663 183 162
661 451 497 507 495 488 267 353 480 467 508 416 536 198 183 515 402 525 516 274 154 538 159 538 136 520 345 517 325 532 475 597 455 463 313 502 132 546 557 504 508 524 588 139 535 595 128 354 272 461 383 502 539 515 313 483 362 516 308 463 295 303 174 0 178 291 536 520 125 282 597 90 515 312 344 345 518 622 221 303 104 423 166 526 471 210 158 547 393 619 490 379 498 554 455 403 103 319 173 529 485 494 279 544 551 273 289 371 505 575 186 555 343 292 246 207 435 429 514 499 576 431 497 258 332
577 626 418 657 671 665 143 517 657 644 684 589 710 157 18 690 580 697 694 253 136 715 94 712 95 695 521 691 230 685 360 760 374 638 221 675 61 721 734 677 683 698 716 97 711 766 119 176 449 631 221 679 717 670 166 660 214 663 339 640 235 197 40 178 0 226 707 694 126 276 766 153 692 234 253 246 695 790 44 134 282 334 198 418 648 201 43 716 569 788 664 545 674 726 632 576 102 484 123 536 662 672 182 720 706 187 375 538 681 740 306 727 268 162 294 51 611 604 692 675 744 603 673 143 181
791 643 207 594 686 717 105 500 716 708 750 597 787 379 243 700 633 783 733 476 349 741 314 712 305 704 549 694 53 817 193 871 164 646 43 758 266 796 770 677 688 698 879 164 729 858 166 279 504 622 389 734 762 798 144 718 405 804 173 701 11 65 265 291 226 0 800 774 328 94 862 203 714 25 60 69 729 887 238 307 367 132 403 239 715 419 263 813 594 886 669 531 744 812 693 581 292 598 125 759 712 730 56 784 834 43 567 528 692 847 474 719 52 110 170 271 677 619 741 687 843 693 737 95 373
959 269 987 493 265 153 801 394 135 126 101 305 57 637 707 280 195 27 186 631 613 229 648 310 631 281 291 302 844 151 993 93 951 290 832 52 650 64 198 312 295 310 302 673 256 59 656 879 301 340 872 138 167 135 849 136 835 188 723 135 799 829 690 536 707 800 0 52 601 749 63 608 241 824 859 864 205 88 747 812 439 928 563 1037 112 606 675 20 271 86 297 378 90 31 142 316 609 225 700 671 161 131 804 103 135 795 448 369 276 67 429 339 849 826 672 721 142 280 156 274 47 107 111 790 815
979 218 956 442 213 101 781 348 84 78 49 256 17 635 696 228 153 25 134 638 608 178 642 258 623 229 249 250 820 198 967 144 921 239 807 21 639 28 149 260 242 258 349 654 204 91 636 869 270 289 869 86 117 179 831 85 834 232 689 87 773 806 680 520 694 774 52 0 595 719 103 587 189 798 833 839 153 126 735 805 420 900 563 1010 66 608 665 72 225 125 245 331 40 42 95 268 599 222 678 698 109 79 781 56 184 771 462 323 223 118 430 287 822 806 639 712 101 231 104 222 94 93 59 770 812
538 559 531 631 602 579 263 474 568 553 591 528 611 74 117 623 497 594 612 161 29 639 47 649 31 628 454 628 344 567 483 648 487 574 334 575 67 622 653 616 618 635 591 166 639 660 174 281 373 576 277 591 632 553 291 571 248 542 399 550 336 314 95 125 126 328 601 595 0 353 658 171 619 342 367 362 616 682 154 211 211 449 75 539 554 97 84 609 500 679 601 499 579 623 543 517 38 377 206 437 577 582 295 626 589 296 249 490 613 629 185 668 377 285 342 122 520 538 606 607 635 502 581 260 222
853 571 237 505 613 654 188 423 655 649 691 524 731 415 294 624 572 731 666 511 378 670 350 634 337 629 483 617 145 782 263 826 203 571 137 704 300 739 701 599 612 620 859 190 655 806 179 365 449 544 466 672 696 762 234 657 476 774 79 642 85 159 312 282 276 94 749 719 353 0 812 194 642 114 144 157 660 837 300 380 334 187 423 296 658 449 305 764 525 836 593 453 687 758 633 508 315 561 154 789 648 668 144 724 797 128 571 452 617 801 468 639 119 199 85 326 620 547 676 612 794 644 678 175 443
994 319 1050 541 309 202 862 452 187 182 149 359 98 690 765 322 255 84 227 679 668 265 705 349 688 321 351 344 907 156 1055 56 1014 339 894 111 708 98 229 356 337 350 296 734 293 19 718 937 364 390 926 184 202 148 910 187 888 198 786 191 862 891 748 597 766 862 63 103 658 812 0 670 282 886 922 926 246 25 805 869 501 991 617 1100 169 658 734 50 328 23 342 434 143 62 198 371 667 282 761 698 210 180 866 136 132 857 491 426 318 45 482 376 911 887 735 779 202 334 197 318 23 169 161 852 869
703 489 407 505 534 543 194 369 538 527 569 448 602 242 166 551 457 594 566 333 200 582 185 570 165 556 386 550 240 616 390 674 366 497 227 570 138 611 606 535 542 556 677 71 575 667 50 317 324 486 374 559 592 598 245 541 364 602 229 522 206 221 170 90 153 203 608 587 171 194 670 0 557 224 257 260 565 695 196 287 169 335 234 439 533 268 157 620 434 693 523 398 561 623 514 434 135 398 91 603 539 552 197 605 633 189 377 392 542 652 276 584 254 219 171 199 496 465 569 536 650 502 557 183 331
1078 71 872 264 33 92 747 224 114 131 140 119 186 675 698 40 132 214 55 704 639 28 663 70 641 40 172 62 765 381 903 330 843 75 753 195 646 184 66 75 56 69 531 628 22 264 607 867 246 120 894 103 81 360 801 112 867 410 595 125 711 760 689 515 692 714 241 189 619 642 282 557 0 739 775 783 36 298 736 818 413 830 609 938 144 660 673 260 124 299 65 196 153 223 124 135 611 309 643 825 85 112 735 145 371 722 559 194 38 306 492 100 756 771 557 722 145 96 85 39 279 215 132 734 840
792 668 190 617 711 742 103 525 740 732 775 622 812 390 251 724 657 807 758 487 362 766 325 736 318 729 574 718 31 839 169 894 146 670 25 782 278 820 795 701 712 723 900 181 753 882 185 271 529 647 384 759 787 821 133 742 403 826 191 726 30 53 274 312 234 25 824 798 342 114 886 224 739 0 36 45 753 911 242 306 390 111 417 216 740 431 273 837 618 909 693 555 769 836 717 606 307 620 142 770 736 754 54 809 856 47 584 553 717 871 493 743 35 102 193 277 702 644 765 711 867 717 762 96 372
797 703 166 649 746 777 113 560 776 768 810 657 847 410 269 759 693 843 793 506 385 802 346 771 341 764 610 753 23 873 134 929 121 706 33 817 302 856 831 736 748 757 932 210 789 917 216 266 564 681 384 795 822 855 128 778 407 859 219 762 64 57 293 344 253 60 859 833 367 144 922 257 775 36 0 15 789 947 255 310 424 82 442 182 775 453 294 872 654 945 728 590 804 871 753 641 332 655 173 789 772 790 72 844 890 72 611 588 752 906 523 778 32 104 226 292 737 679 801 746 902 752 798 111 377
785 712 172 661 755 784 104 569 783 774 816 666 853 404 262 768 700 848 801 499 380 810 340 781 336 773 617 763 20 875 130 933 129 715 33 823 297 862 839 746 757 767 931 209 797 922 217 253 570 691 371 801 830 857 115 785 395 861 232 768 74 49 286 345 246 69 864 839 362 157 926 260 783 45 15 0 797 951 246 298 428 88 438 181 781 447 288 877 662 949 738 599 810 877 759 650 329 658 173 781 779 796 68 851 893 72 608 597 761 910 522 788 47 93 237 284 743 688 808 755 906 757 804 104 365
1063 93 891 299 66 61 756 246 83 102 105 141 150 670 700 76 121 179 19 694 636 29 662 105 640 76 180 98 779 347 919 294 861 104 767 161 647 148 42 111 92 105 498 636 51 228 615 871 246 152 893 69 47 327 810 80 864 377 615 96 726 772 690 518 695 729 205 153 616 660 246 565 36 753 789 797 0 262 739 819 414 847 602 955 113 652 674 225 135 263 99 221 119 187 98 157 611 290 652 804 56 79 747 109 336 735 542 217 73 270 482 134 772 781 575 723 121 115 50 74 243 187 98 744 838
1010 339 1075 560 327 222 887 474 208 204 169 380 119 713 789 338 278 108 244 700 691 280 728 365 711 338 375 360 932 167 1080 59 1039 359 919 135 732 117 243 373 354 367 300 759 309 35 743 961 388 409 949 204 218 162 934 208 910 209 811 213 887 916 772 622 790 887 88 126 682 837 25 695 298 911 947 951 262 0 829 892 526 1016 639 1125 191 680 757 75 350 3 360 456 165 84 221 393 691 306 786 712 230 200 891 153 141 882 511 449 336 59 505 391 936 912 759 802 225 355 216 336 46 194 182 877 891
555 671 418 700 715 708 142 561 700 686 726 633 752 168 40 734 623 737 737 257 158 759 114 756 123 739 565 736 232 720 350 798 374 682 225 716 97 762 778 722 727 742 744 134 755 805 158 134 493 675 180 722 760 706 149 703 179 696 368 683 248 198 59 221 44 238 747 735 154 300 805 196 736 242 255 246 739 829 0 92 325 333 221 408 690 213 72 755 613 827 708 589 716 766 675 620 138 523 153 538 705 714 188 762 742 196 398 582 725 779 339 772 275 155 327 40 654 648 735 719 783 644 716 146 145
487 754 463 791 799 785 203 650 776 761 800 719 822 190 123 818 701 805 816 257 202 840 164 841 182 823 649 821 289 772 378 857 422 767 284 785 172 832 857 807 812 827 780 226 838 871 250 85 573 762 89 798 838 760 185 778 98 745 453 758 318 255 129 303 134 307 812 805 211 380 869 287 818 306 310 298 819 892 92 0 405 379 259 435 763 234 145 819 696 889 793 678 788 834 750 706 208 588 241 518 783 790 252 835 795 264 429 670 809 839 390 858 335 207 416 96 728 732 812 803 846 712 790 212 67
725 350 566 430 394 384 362 267 377 364 405 317 435 276 286 414 299 426 412 332 235 435 253 439 230 419 244 418 408 451 558 505 526 364 395 402 233 445 453 406 409 425 526 234 433 498 217 458 168 365 482 399 435 432 411 380 458 440 336 360 368 391 276 104 282 367 439 420 211 334 501 169 413 390 424 428 414 526 325 405 0 499 223 606 369 274 260 451 292 524 391 290 396 455 352 306 199 231 261 550 381 391 366 441 467 357 281 280 404 482 170 458 418 387 275 309 332 328 411 398 480 333 394 351 429
