NAME : X-n115-k10_SARP
COMMENT : Curated from VRPLIB to SARP
TYPE : SARP
DIMENSION : 115
EDGE_WEIGHT_TYPE : EXPLICIT
EDGE_WEIGHT_FORMAT : FULL_MATRIX
EDGE_WEIGHT_SECTION
0 416 375 413 188 396 153 262 473 473 472 224 285 202 375 505 481 392 485 310 394 222 296 356 448 309 112 369 679 603 203 587 479 79 243 448 383 551 336 407 600 314 336 372 426 458 210 506 630 355 348 235 196 446 307 550 245 589 488 522 233 333 522 298 230 246 516 247 580 102 102 448 548 341 427 331 579 504 417 430 157 413 175 369 498 474 399 259 441 205 228 432 227 425 389 302 598 265 425 470 446 617 203 329 527 639 125 377 170 133 224 300 463 58 176
416 0 292 820 557 462 280 674 591 166 415 639 465 579 212 812 398 602 896 445 809 245 265 771 132 562 426 158 414 435 514 286 222 439 263 823 433 190 288 771 860 706 181 122 839 761 456 386 350 766 88 206 485 65 113 286 489 927 746 273 594 544 835 152 558 654 817 180 494 321 332 863 566 408 799 184 899 642 487 843 421 133 346 711 314 772 673 163 368 214 187 161 540 402 511 632 936 325 729 107 84 503 261 716 909 397 355 793 506 530 287 694 834 464 434
375 292 0 768 414 640 341 616 306 452 644 571 232 436 81 578 636 346 766 194 704 371 82 671 197 650 456 401 703 705 561 577 153 442 136 641 149 480 39 782 958 684 116 371 717 825 535 137 640 644 315 190 310 356 232 571 283 704 493 171 433 300 603 337 381 608 578 306 233 339 276 767 276 577 801 116 952 802 667 770 481 403 435 743 127 537 755 221 597 291 261 158 588 110 668 672 973 476 501 243 239 260 183 559 727 683 408 700 534 424 152 670 838 391 501
413 820 768 0 378 591 541 153 743 841 717 197 595 360 783 553 738 618 234 637 152 591 696 149 861 385 400 738 989 872 344 931 888 382 648 378 725 926 730 170 451 127 747 752 198 317 416 885 956 209 743 648 482 840 717 884 532 544 615 928 385 592 552 684 438 168 570 642 935 500 513 128 860 575 148 742 335 565 595 62 422 788 497 228 895 551 356 671 710 606 635 845 328 787 539 270 310 568 521 883 858 979 613 317 394 944 472 120 333 347 625 135 161 381 418
188 557 414 378 0 576 332 239 373 644 660 195 217 23 449 319 669 259 354 260 291 404 354 260 551 451 285 544 863 791 343 764 553 244 319 269 348 716 378 448 700 333 427 540 303 547 377 515 811 230 506 353 107 600 445 731 154 401 317 583 45 219 335 467 66 247 331 413 558 281 229 356 483 525 455 422 641 662 596 366 332 583 363 440 539 291 515 395 630 367 380 524 357 413 561 400 643 454 243 585 565 602 301 159 353 825 314 292 305 68 292 319 488 133 348
396 462 640 591 576 0 312 506 844 368 131 501 658 585 590 895 156 781 774 670 667 269 565 632 579 208 292 306 417 286 266 398 657 332 517 806 719 448 610 460 426 466 538 342 716 376 206 773 400 664 379 451 589 433 429 346 633 965 884 711 620 720 910 325 625 473 907 337 873 340 426 693 887 64 493 536 508 181 27 642 244 348 230 386 727 867 285 422 142 350 379 592 272 732 65 323 559 164 818 567 541 898 474 687 872 371 278 635 296 511 518 462 518 445 229
153 280 341 541 332 312 0 398 535 320 353 366 353 349 308 638 356 485 637 361 542 72 261 503 344 315 147 216 530 466 243 434 398 159 210 598 408 399 308 495 625 426 259 220 577 504 200 478 479 507 203 154 305 300 185 399 338 732 604 449 376 422 657 147 360 375 647 101 571 52 124 592 576 248 521 255 639 462 337 567 151 260 94 440 446 603 424 149 315 70 104 340 271 425 330 362 670 151 555 355 328 601 164 480 679 493 78 522 229 284 207 413 557 210 169
262 674 616 153 239 506 398 0 612 708 622 45 452 225 630 477 640 493 269 492 162 454 542 127 710 318 267 604 878 773 240 807 735 241 495 332 579 792 577 216 490 100 594 615 210 338 308 734 839 165 600 496 337 698 568 763 390 504 517 774 256 458 483 544 303 32 493 499 789 354 361 199 722 475 218 589 410 525 516 169 298 652 368 228 742 465 335 521 607 460 488 692 235 638 465 220 406 448 426 733 708 831 460 232 381 834 335 133 216 198 471 89 250 228 300
473 591 306 743 373 844 535 612 0 742 884 568 189 387 386 339 882 129 647 174 627 592 330 606 502 781 584 673 993 973 674 870 444 551 354 473 158 781 303 821 1061 706 410 649 617 911 681 293 931 558 595 431 289 654 509 858 234 467 233 436 359 154 363 597 308 620 333 551 262 504 418 691 135 782 828 407 1013 974 869 719 626 687 615 808 366 302 865 478 841 517 502 462 696 207 852 757 1016 686 288 549 545 307 386 446 547 968 570 640 638 427 342 692 861 448 646
473 166 452 841 644 368 320 708 742 0 284 681 598 663 374 929 262 737 956 584 859 255 412 820 296 520 442 105 252 272 505 129 386 469 395 913 586 87 442 759 791 717 337 105 896 717 436 552 189 827 150 323 593 104 234 120 609 1035 876 435 686 676 951 177 660 682 936 232 660 371 417 906 728 329 790 338 856 545 389 875 419 62 344 691 480 891 625 273 243 277 269 327 527 562 428 613 900 282 845 262 245 669 377 797 996 232 374 837 509 602 414 707 822 529 425
472 415 644 717 660 131 353 622 884 284 0 612 706 672 581 977 27 838 890 710 784 291 578 748 544 337 383 259 287 156 382 283 629 423 537 906 745 352 620 591 542 591 532 295 831 505 314 769 274 775 345 463 654 371 415 231 691 1058 954 683 705 775 995 308 701 590 988 340 874 395 477 814 908 146 624 531 634 277 138 766 338 285 297 517 711 946 415 424 47 368 389 565 392 746 194 452 687 208 897 522 499 893 499 785 977 241 347 753 407 599 544 585 649 527 329
224 639 571 197 195 501 366 45 568 681 612 0 406 182 587 449 628 451 281 446 179 426 499 141 670 324 243 576 860 760 235 784 693 213 452 317 533 763 533 255 522 139 553 585 221 368 298 689 818 164 568 457 292 666 531 742 345 486 482 731 215 414 457 513 260 54 465 466 743 320 320 226 677 465 260 548 449 536 513 206 280 624 345 258 698 434 356 483 594 426 452 651 235 593 465 238 448 429 393 694 670 786 418 207 374 817 308 156 206 152 428 126 293 185 285
285 465 232 595 217 658 353 452 189 598 706 406 0 237 293 352 707 140 550 44 503 416 206 475 412 593 395 515 843 807 487 726 385 363 204 411 132 650 206 651 878 539 294 497 507 730 492 307 784 437 447 275 114 523 366 706 64 475 281 401 221 79 377 436 166 454 355 385 341 318 232 568 273 597 662 290 839 785 682 583 437 539 428 630 345 311 680 324 666 346 337 376 509 201 664 575 847 504 272 454 442 386 222 340 497 813 382 507 451 256 183 525 697 264 457
202 579 436 360 23 585 349 225 387 663 672 182 237 0 472 311 682 269 331 280 269 421 377 239 574 452 293 562 879 805 345 782 576 252 342 250 369 736 401 437 694 320 450 559 281 540 383 537 828 207 526 375 129 621 466 748 173 387 317 606 38 233 326 486 79 235 324 432 578 298 249 334 500 535 442 445 630 664 603 346 341 602 376 432 561 285 512 416 642 386 400 547 358 434 567 395 630 467 238 608 588 623 324 137 333 841 326 271 308 74 315 307 475 145 356
375 212 81 783 449 590 308 630 386 374 581 587 293 472 0 645 571 418 803 261 733 323 95 698 120 623 439 331 625 632 543 497 106 432 135 693 229 399 89 779 933 689 52 298 751 808 508 188 561 677 243 155 352 277 166 494 336 768 565 147 474 367 669 274 427 618 646 253 294 318 273 795 354 528 801 54 939 759 617 791 457 328 401 733 138 604 732 169 534 248 214 83 571 190 624 659 965 428 565 166 159 312 172 602 780 606 382 726 521 447 160 675 837 402 476
505 812 578 553 319 895 638 477 339 929 977 449 352 311 645 0 985 237 376 384 405 709 558 404 764 758 603 836 1163 1103 653 1055 731 563 550 185 443 991 557 687 968 575 646 825 371 815 694 616 1108 344 782 611 337 866 706 1028 323 129 108 739 275 278 25 757 278 501 17 702 600 589 519 456 472 844 681 641 877 971 914 507 651 868 680 705 675 41 804 660 945 657 660 728 663 513 878 686 861 770 84 807 794 646 555 246 230 1128 630 433 616 384 525 565 705 451 666
481 398 636 738 669 156 356 640 882 262 27 628 707 682 571 985 0 840 908 710 802 291 572 765 529 360 395 244 261 134 401 256 615 435 533 918 741 328 613 615 569 612 523 280 848 531 331 759 247 791 332 458 659 352 405 204 695 1069 959 669 714 777 1003 299 708 608 996 335 865 400 480 833 903 165 647 522 661 304 164 786 352 267 306 541 699 953 440 417 41 365 384 551 412 739 220 474 713 216 904 505 483 882 497 798 991 215 356 772 424 609 541 606 673 537 344
392 602 346 618 259 781 485 493 129 737 838 451 140 269 418 237 840 0 518 158 499 550 339 479 538 693 503 655 983 944 584 866 498 467 343 348 206 788 329 706 957 589 426 637 488 805 602 380 923 429 587 414 196 661 505 846 148 366 147 504 237 63 262 575 192 504 235 523 375 445 361 562 261 722 711 423 899 895 804 592 548 678 552 699 439 196 767 464 799 483 476 500 602 277 780 655 899 632 170 583 573 421 361 317 425 953 503 512 546 319 323 576 743 355 568
485 896 766 234 354 774 637 269 647 956 890 281 550 331 803 376 908 518 0 594 107 701 709 142 904 581 524 851 1142 1041 509 1063 907 491 672 191 680 1036 731 402 685 325 780 856 60 548 576 857 1099 131 833 699 455 930 784 1022 488 331 464 936 333 516 367 783 386 301 392 733 881 587 564 106 779 744 382 775 564 780 784 172 561 897 625 451 889 388 576 734 874 690 711 878 503 751 732 473 533 711 374 935 914 927 651 210 171 1098 586 141 484 367 646 324 393 433 566
310 445 194 637 260 670 361 492 174 584 710 446 44 280 261 384 710 158 594 0 547 419 180 518 381 618 418 507 833 804 513 713 348 388 190 453 89 632 173 687 908 577 268 486 551 762 514 263 772 481 435 264 155 505 351 696 108 510 305 361 265 106 409 429 210 493 386 381 298 331 245 612 239 608 700 264 873 805 695 626 457 527 442 664 303 343 708 313 669 345 332 344 537 157 680 606 883 512 307 425 415 343 216 384 538 805 398 550 479 295 173 563 735 296 478
394 809 704 152 291 667 542 162 627 859 784 179 503 269 733 405 802 499 107 547 0 604 640 39 827 475 422 754 1038 935 402 963 839 391 599 227 635 941 667 309 596 221 705 761 53 453 470 806 997 70 741 617 398 839 699 920 439 393 475 872 282 483 403 689 338 194 422 640 842 493 481 65 753 638 294 700 485 675 677 102 457 801 524 351 829 407 474 649 769 598 622 804 396 703 625 368 462 607 381 855 833 888 573 183 246 995 486 36 378 287 573 219 311 345 461
222 245 371 591 404 269 72 454 592 255 291 426 416 421 323 709 291 550 701 419 604 0 296 565 333 320 191 150 459 396 270 365 400 214 251 669 457 338 341 528 625 471 272 161 641 517 212 505 408 573 159 181 375 251 172 328 406 804 673 454 448 487 729 96 432 429 718 74 604 123 192 651 623 206 556 269 656 435 296 622 177 198 101 467 462 674 431 155 250 81 110 338 296 464 300 387 691 106 626 335 307 629 210 551 749 421 120 582 265 355 255 460 591 280 189
296 265 82 696 354 565 261 542 330 412 578 499 206 377 95 558 572 339 709 180 640 296 0 606 208 568 374 347 664 651 479 540 199 361 54 598 175 454 46 703 876 607 88 321 657 744 454 218 602 583 266 116 258 327 180 528 243 679 485 233 380 283 582 275 332 533 561 237 310 257 195 702 331 502 722 84 871 723 592 701 399 358 355 662 203 517 673 155 532 216 190 175 506 169 590 591 892 401 477 249 236 340 101 507 686 639 326 634 453 355 72 593 759 316 419
356 771 671 149 260 632 503 127 606 820 748 141 475 239 698 404 765 479 142 518 39 565 606 0 790 443 384 715 1000 898 367 925 804 353 564 234 607 902 634 293 580 196 669 723 84 434 434 776 959 60 703 580 367 801 661 882 411 404 467 838 255 459 404 650 310 159 421 602 815 455 443 97 729 601 282 664 477 646 643 113 420 762 485 329 797 402 448 612 732 560 584 768 361 673 592 339 457 569 372 818 795 860 536 169 265 957 448 33 341 251 538 192 303 308 424
448 132 197 861 551 579 344 710 502 296 544 670 412 574 120 764 529 538 904 381 827 333 208 790 0 652 489 285 537 566 587 408 90 491 232 804 346 301 209 837 958 758 125 249 849 846 540 263 473 775 202 213 461 192 162 415 451 886 685 141 581 486 788 255 536 694 766 259 370 370 350 886 455 521 862 130 983 757 605 876 495 265 428 784 185 723 763 197 497 275 240 40 615 299 623 706 1014 430 683 47 52 374 254 708 891 524 422 816 572 540 259 744 898 485 512
309 562 650 385 451 208 315 318 781 520 337 324 593 452 623 758 360 693 581 618 475 320 568 443 652 0 201 431 619 493 109 582 712 230 514 640 687 606 614 255 309 263 574 458 526 200 115 787 595 483 474 469 498 555 490 531 551 809 768 764 490 638 769 410 511 286 772 393 873 311 385 493 854 204 287 570 339 214 210 439 169 481 225 181 760 736 111 462 338 380 415 652 94 720 154 116 381 242 689 655 627 906 468 527 697 573 243 440 147 383 504 260 314 337 149
112 426 456 400 285 292 147 267 584 442 383 243 395 293 439 603 395 503 524 418 422 191 374 384 489 201 0 338 618 524 105 541 536 41 320 523 485 527 419 349 503 281 393 352 464 370 99 591 575 401 345 286 307 440 331 498 357 677 595 584 329 445 619 284 335 240 615 246 674 122 185 465 653 242 374 389 500 392 311 432 48 388 102 296 572 575 300 292 358 216 250 481 132 520 279 220 527 187 527 502 475 709 274 403 596 575 72 397 83 219 307 269 410 154 65
369 158 401 738 544 306 216 604 673 105 259 576 515 562 331 836 244 655 851 507 754 150 347 715 285 431 338 0 329 304 405 221 371 364 319 812 522 189 384 662 717 615 285 37 791 630 338 518 272 722 89 243 499 129 169 192 520 939 789 425 586 592 858 80 563 578 844 135 625 267 319 801 675 256 692 285 770 487 331 770 317 51 241 596 455 799 539 195 212 179 179 307 429 509 359 517 811 189 752 266 241 640 293 695 894 298 269 732 407 500 334 605 725 426 324
679 414 703 989 863 417 530 878 993 252 287 860 843 879 625 1163 261 983 1142 833 1038 459 664 1000 537 619 618 329 0 146 646 129 625 653 643 1126 838 239 694 874 820 862 589 347 1081 792 574 798 64 1018 399 569 826 349 484 137 849 1262 1118 670 906 921 1184 409 888 849 1171 463 906 582 644 1076 979 417 906 590 920 551 425 1034 581 306 517 800 722 1127 702 520 281 507 508 571 662 814 481 731 973 431 1080 496 485 910 621 1007 1205 46 561 1011 663 812 661 855 933 737 578
603 435 705 872 791 286 466 773 973 272 156 760 807 805 632 1103 134 944 1041 804 935 396 651 898 566 493 524 304 146 0 535 200 656 563 620 1046 825 305 688 746 676 746 588 334 981 655 465 817 160 922 390 543 771 376 473 164 802 1192 1070 707 836 881 1122 377 825 742 1113 424 924 514 589 967 979 299 779 588 780 406 289 921 482 305 430 672 748 1069 566 497 167 461 472 596 546 813 346 607 834 339 1021 534 516 936 589 925 1120 104 479 905 557 734 632 740 803 660 476
203 514 561 344 343 266 243 240 674 505 382 235 487 345 543 653 401 584 509 513 402 270 479 367 587 109 105 405 646 535 0 588 638 125 424 546 585 591 523 259 399 217 496 425 451 265 72 696 612 398 429 389 390 520 427 540 442 710 660 688 383 529 666 365 403 209 667 335 777 225 288 433 751 236 287 492 397 319 278 388 93 456 169 198 677 630 197 391 369 312 347 582 28 623 231 119 427 226 583 597 570 813 379 429 608 601 165 371 38 275 411 209 322 229 81
587 286 577 931 764 398 434 807 870 129 283 784 726 782 497 1055 256 866 1063 713 963 365 540 925 408 582 541 221 129 200 588 0 496 572 524 1032 714 114 569 832 822 805 463 231 1003 770 516 670 65 936 279 452 718 221 363 52 737 1159 1004 542 807 804 1077 299 784 779 1063 354 777 486 540 1006 852 379 864 465 905 559 413 970 511 188 440 761 593 1018 677 402 257 400 395 443 607 687 463 686 954 363 971 368 356 782 506 914 1113 122 477 938 598 718 543 796 894 644 512
479 222 153 888 553 657 398 735 444 386 629 693 385 576 106 731 615 498 907 348 839 400 199 804 90 712 536 371 625 656 638 496 0 532 241 791 295 387 180 880 1021 792 144 335 856 902 598 180 561 782 284 250 454 281 229 504 433 857 644 54 577 453 756 332 528 723 731 326 284 415 377 900 380 597 902 149 1036 832 683 896 549 354 488 832 98 690 822 251 582 332 297 65 666 236 697 756 1063 501 654 129 141 285 276 704 878 613 475 832 619 553 266 779 939 508 567
79 439 442 382 244 332 159 241 551 469 423 213 363 252 432 563 435 467 491 388 391 214 361 353 491 230 41 364 653 563 125 572 532 0 307 484 460 552 404 348 524 268 388 374 431 385 136 575 608 366 362 282 271 459 338 531 322 636 555 579 288 410 578 304 296 217 575 260 654 122 166 437 626 283 371 384 510 429 352 409 89 412 135 301 562 535 322 295 397 225 256 481 150 499 319 230 533 224 486 508 482 690 263 363 557 611 95 368 94 179 291 255 407 115 105
243 263 136 648 319 517 210 495 354 395 537 452 204 342 135 550 533 343 672 190 599 251 54 564 232 514 320 319 643 620 424 524 241 307 0 574 208 446 100 650 821 556 108 297 619 689 400 272 583 545 245 76 231 319 162 507 228 666 485 280 349 283 573 243 305 484 554 198 362 203 142 660 372 454 670 103 817 672 544 655 345 337 303 608 256 510 618 124 493 170 149 206 452 215 539 536 839 353 467 268 251 393 47 475 661 616 272 591 398 312 27 542 707 267 365
448 823 641 378 269 806 598 332 473 913 906 317 411 250 693 185 918 348 191 453 227 669 598 234 804 640 523 812 1126 1046 546 1032 791 484 574 0 532 985 611 526 812 422 680 809 188 663 600 712 1077 175 774 618 343 868 711 997 358 173 274 812 229 359 179 736 268 361 202 681 721 546 498 272 608 763 515 675 710 853 821 327 568 851 615 555 756 198 667 661 880 636 648 773 549 605 777 552 688 706 189 842 824 767 564 121 87 1087 568 258 512 315 547 415 536 390 579
383 433 149 725 348 719 408 579 158 586 745 533 132 369 229 443 741 206 680 89 635 457 175 607 346 687 485 522 838 825 585 714 295 460 208 532 0 623 146 771 983 662 252 496 638 840 578 180 776 569 441 284 243 497 355 703 196 571 351 298 353 173 468 449 298 579 441 406 210 386 304 700 169 656 785 250 955 864 745 715 521 533 495 745 233 402 782 328 701 377 357 307 610 73 735 683 967 556 372 393 388 254 247 470 615 814 456 639 552 381 202 648 820 376 542
551 190 480 926 716 448 399 792 781 87 352 763 650 736 399 991 328 788 1036 632 941 338 454 902 301 606 527 189 239 305 591 114 387 552 446 985 623 0 477 846 873 803 371 180 976 803 523 564 177 906 211 380 657 127 285 141 668 1101 931 431 756 729 1013 253 727 767 996 305 670 449 487 989 752 413 877 373 941 622 467 959 505 140 429 778 485 952 710 331 315 350 337 338 614 589 510 700 986 369 907 259 249 673 436 872 1069 235 457 919 595 678 468 793 909 606 512
336 288 39 730 378 610 308 577 303 442 620 533 206 401 89 557 613 329 731 173 667 341 46 634 209 614 419 384 694 688 523 569 180 404 100 611 146 477 0 743 921 645 107 355 681 787 499 173 632 608 300 160 276 351 215 560 253 681 476 205 399 279 581 315 348 569 558 280 264 302 237 730 291 547 762 105 914 769 637 732 444 391 401 704 165 515 718 196 574 261 233 172 550 126 636 634 934 446 478 254 246 293 146 526 698 672 372 663 496 386 113 631 799 352 465
407 771 782 170 448 460 495 216 821 759 591 255 651 437 779 687 615 706 402 687 309 528 703 293 837 255 349 662 874 746 259 832 880 348 650 526 771 846 743 0 287 117 736 684 360 147 324 910 848 351 687 630 537 778 680 782 592 697 733 926 470 667 690 624 514 202 703 592 977 467 508 297 924 458 33 731 195 404 459 232 351 713 427 74 905 678 195 640 593 565 598 828 233 823 402 147 196 477 640 850 824 1018 608 441 555 828 418 273 267 396 631 129 63 397 340
600 860 958 451 700 426 625 490 1061 791 542 522 878 694 933 968 569 957 685 908 596 625 876 580 958 309 503 717 820 676 399 822 1021 524 821 812 983 873 921 287 0 393 883 748 646 154 425 1094 816 637 772 778 772 845 797 770 827 984 1004 1073 730 910 973 710 766 468 983 699 1176 619 687 579 1147 463 303 879 147 270 409 513 477 764 533 264 1069 956 203 771 566 689 724 960 374 1022 364 304 204 535 915 958 931 1211 775 722 842 776 552 560 431 638 809 402 294 614 458
314 706 684 127 333 466 426 100 706 717 591 139 539 320 689 575 612 589 325 577 221 471 607 196 758 263 281 615 862 746 217 805 792 268 556 422 662 803 645 117 393 0 649 631 273 242 290 809 829 248 626 546 425 721 607 757 479 594 617 835 353 551 580 565 398 86 591 526 870 389 416 231 811 448 123 644 311 455 472 176 298 666 374 134 810 564 253 563 583 493 524 744 201 717 417 150 310 442 525 776 750 912 517 329 461 817 353 185 208 283 535 14 158 294 293
336 181 116 747 427 538 259 594 410 337 532 553 294 450 52 646 523 426 780 268 705 272 88 669 125 574 393 285 589 588 496 463 144 388 108 680 252 371 107 736 883 649 0 254 726 760 459 238 526 652 198 107 337 245 117 456 328 766 573 192 456 371 670 224 412 581 649 201 342 271 234 765 392 476 758 5 893 707 565 758 408 287 351 688 190 605 683 117 485 197 163 99 524 226 572 613 919 377 564 163 148 362 134 583 767 567 333 696 475 418 135 635 795 367 427
372 122 371 752 540 342 220 615 649 105 295 585 497 559 298 825 280 637 856 486 761 161 321 723 249 458 352 37 347 334 425 231 335 374 297 809 496 180 355 684 748 631 254 0 797 658 361 485 287 727 56 223 488 97 141 210 506 931 774 388 581 575 847 73 555 590 832 127 592 270 312 811 646 290 713 255 797 522 367 782 335 43 258 619 420 788 567 173 248 173 165 271 450 479 393 540 837 216 741 229 204 606 276 694 892 319 281 741 424 500 314 620 747 427 344
426 839 717 198 303 716 577 210 617 896 831 221 507 281 751 371 848 488 60 551 53 641 657 84 849 526 464 791 1081 981 451 1003 856 431 619 188 638 976 681 360 646 273 726 797 0 505 517 813 1039 74 774 642 407 872 727 962 444 348 450 886 286 479 366 724 341 243 388 674 842 528 507 85 746 685 344 721 533 727 726 142 501 837 565 404 841 378 526 677 814 631 652 825 445 707 675 420 506 650 356 880 858 888 595 171 196 1038 526 89 425 310 593 271 359 375 506
458 761 825 317 547 376 504 338 911 717 505 368 730 540 808 815 531 805 548 762 453 517 744 434 846 200 370 630 792 655 265 770 902 385 689 663 840 803 787 147 154 242 760 658 505 0 307 960 776 489 673 654 622 755 685 718 677 836 850 952 577 759 821 609 613 315 831 589 1038 490 551 444 1001 393 171 756 139 277 367 379 353 680 419 110 942 802 93 653 517 572 607 844 238 883 312 156 184 442 761 852 824 1075 644 569 698 746 427 417 291 486 675 250 177 467 335
210 456 535 416 377 206 200 308 681 436 314 298 492 383 508 694 331 602 576 514 470 212 454 434 540 115 99 338 574 465 72 516 598 136 400 600 578 523 499 324 425 290 459 361 517 307 0 672 540 461 369 354 406 457 378 468 455 761 691 649 420 544 709 305 431 277 707 282 760 197 274 503 747 168 354 455 444 294 222 459 57 389 112 258 645 668 224 348 299 266 301 539 92 608 184 179 480 155 620 545 518 792 353 481 667 529 128 440 93 310 391 281 387 251 36
506 386 137 885 515 773 478 734 293 552 769 689 307 537 188 616 759 380 857 263 806 505 218 776 263 787 591 518 798 817 696 670 180 575 272 712 180 564 173 910 1094 809 238 485 813 960 672 0 735 742 429 326 409 450 354 673 369 745 517 153 526 353 641 462 471 729 613 437 108 475 409 871 205 711 928 239 1084 937 800 880 617 512 572 874 84 576 891 352 722 425 395 227 723 107 803 806 1103 610 549 307 314 125 319 647 795 783 544 807 668 537 285 794 964 515 638
630 350 640 956 811 400 479 839 931 189 274 818 784 828 561 1108 247 923 1099 772 997 408 602 959 473 595 575 272 64 160 612 65 561 608 583 1077 776 177 632 848 816 829 526 287 1039 776 540 735 0 974 338 509 770 285 423 80 791 1209 1060 607 854 861 1129 352 834 810 1115 406 842 531 590 1037 915 390 880 527 907 548 411 998 541 246 474 775 658 1071 683 459 259 451 450 508 629 750 465 703 959 391 1024 433 421 847 562 958 1157 63 515 971 626 762 601 821 909 687 540
355 766 644 209 230 664 507 165 558 827 775 164 437 207 677 344 791 429 131 481 70 573 583 60 775 483 401 722 1018 922 398 936 782 366 545 175 569 906 608 351 637 248 652 727 74 489 461 742 974 0 702 569 335 800 654 896 374 347 409 813 216 414 344 654 271 197 360 602 775 457 434 134 684 629 341 647 536 691 676 168 440 768 501 382 768 343 497 604 755 559 580 750 396 637 627 385 517 588 314 806 784 821 521 113 215 976 459 90 369 237 518 242 363 302 447
348 88 315 743 506 379 203 600 595 150 345 568 447 526 243 782 332 587 833 435 741 159 266 703 202 474 345 89 399 390 429 279 284 362 245 774 441 211 300 687 772 626 198 56 774 673 369 429 338 702 0 173 447 98 86 263 460 890 726 339 546 526 804 64 516 578 788 102 537 248 277 793 590 323 715 198 812 558 405 769 336 92 260 625 367 743 585 123 298 143 126 220 455 423 426 546 849 238 697 189 163 552 228 662 859 373 273 723 423 471 264 614 750 400 348
235 206 190 648 353 451 154 496 431 323 463 457 275 375 155 611 458 414 699 264 617 181 116 580 213 469 286 243 569 543 389 452 250 282 76 618 284 380 160 630 778 546 107 223 642 654 354 326 509 569 173 0 280 255 95 432 289 723 553 299 389 353 634 166 352 481 617 123 423 164 137 675 445 387 653 103 786 612 477 663 302 264 248 581 291 572 577 50 418 101 74 199 417 284 478 506 813 286 527 238 216 449 56 512 704 541 227 605 368 332 92 532 690 273 321
196 485 310 482 107 589 305 337 289 593 654 292 114 129 352 337 659 196 455 155 398 375 258 367 461 498 307 499 826 771 390 718 454 271 231 343 243 657 276 537 772 425 337 488 407 622 406 409 770 335 447 280 0 535 375 691 55 444 300 481 123 140 359 419 75 340 345 364 453 259 183 462 386 531 548 332 727 699 611 473 353 531 361 520 434 301 577 327 618 320 323 431 409 307 585 468 733 446 253 499 481 497 224 250 430 792 312 399 352 142 204 411 583 161 372
446 65 356 840 600 433 300 698 654 104 371 666 523 621 277 866 352 661 930 505 839 251 327 801 192 555 440 129 349 376 520 221 281 459 319 868 497 127 351 778 845 721 245 97 872 755 457 450 285 800 98 255 535 0 160 223 543 978 804 331 638 602 889 156 606 675 871 200 558 346 372 891 631 385 807 247 894 614 457 867 428 87 351 714 376 827 665 208 326 241 221 224 545 467 488 635 934 314 782 158 140 565 311 757 953 333 369 821 516 567 342 710 841 498 438
307 113 232 717 445 429 185 568 509 234 415 531 366 466 166 706 405 505 784 351 699 172 180 661 162 490 331 169 484 473 427 363 229 338 162 711 355 285 215 680 797 607 117 141 727 685 378 354 423 654 86 95 375 160 0 349 383 818 646 283 482 444 729 108 447 549 711 98 459 217 220 754 506 368 706 117 821 603 456 737 334 178 266 624 299 667 601 50 368 115 82 165 454 340 468 546 853 272 622 170 144 478 151 603 797 459 262 683 413 418 183 594 741 353 350
550 286 571 884 731 346 399 763 858 120 231 742 706 748 494 1028 204 846 1022 696 920 328 528 882 415 531 498 192 137 164 540 52 504 531 507 997 703 141 560 782 770 757 456 210 962 718 468 673 80 896 263 432 691 223 349 0 713 1129 981 553 774 784 1049 273 754 735 1036 327 781 451 510 962 847 327 814 457 853 507 361 924 466 170 397 710 599 992 625 383 204 371 371 447 559 682 410 636 902 316 944 378 363 788 485 879 1077 112 437 895 552 683 524 749 844 608 466
245 489 283 532 154 633 338 390 234 609 691 345 64 173 336 323 695 148 488 108 439 406 243 411 451 551 357 520 849 802 442 737 433 322 228 358 196 668 253 592 827 479 328 506 444 677 455 369 791 374 460 289 55 543 383 713 0 438 269 455 158 88 346 440 103 394 328 386 405 297 214 504 332 573 602 324 782 749 656 519 401 549 403 575 402 284 632 338 653 344 342 418 463 264 632 523 788 485 239 491 476 450 233 279 445 816 355 443 406 197 203 465 636 215 421
589 927 704 544 401 965 732 504 467 1035 1058 486 475 387 768 129 1069 366 331 510 393 804 679 404 886 809 677 939 1262 1192 710 1159 857 636 666 173 571 1101 681 697 984 594 766 931 348 836 761 745 1209 347 890 723 444 978 818 1129 438 0 234 867 357 404 104 860 375 533 134 805 728 681 620 429 599 919 685 761 878 1022 982 490 724 974 763 728 804 170 839 770 1029 760 766 851 716 642 941 723 854 854 203 928 914 774 667 282 161 1225 714 427 675 459 641 587 704 532 737
488 746 493 615 317 884 604 517 233 876 954 482 281 317 565 108 959 147 464 305 475 673 485 467 685 768 595 789 1118 1070 660 1004 644 555 485 274 351 931 476 733 1004 617 573 774 450 850 691 517 1060 409 726 553 300 804 646 981 269 234 0 648 279 202 131 709 260 537 100 655 495 559 481 532 365 828 731 569 927 979 905 576 643 816 660 740 582 78 828 603 918 613 610 648 674 418 874 711 916 746 95 730 720 540 498 299 333 1085 610 498 622 385 463 606 759 441 660
522 273 171 928 583 711 449 774 436 435 683 731 401 606 147 739 669 504 936 361 872 454 233 838 141 764 584 425 670 707 688 542 54 579 280 812 298 431 205 926 1073 835 192 388 886 952 649 153 607 813 339 299 481 331 283 553 455 867 648 0 604 464 765 387 553 764 739 380 248 463 419 934 358 651 947 196 1084 886 738 933 599 406 540 879 71 699 873 302 636 384 349 119 715 231 751 804 1111 555 666 175 191 243 319 730 898 660 525 866 667 588 303 821 984 547 618
233 594 433 385 45 620 376 256 359 686 705 215 221 38 474 275 714 237 333 265 282 448 380 255 581 490 329 586 906 836 383 807 577 288 349 229 353 756 399 470 730 353 456 581 286 577 420 526 854 216 546 389 123 638 482 774 158 357 279 604 0 207 291 509 56 269 287 454 561 325 269 347 476 569 474 451 664 702 639 366 376 624 408 468 556 248 549 432 674 409 420 552 396 422 604 433 662 499 200 617 598 606 335 127 315 869 358 288 345 110 322 341 506 178 392
333 544 300 592 219 720 422 458 154 676 775 414 79 233 367 278 777 63 516 106 483 487 283 459 486 638 445 592 921 881 529 804 453 410 283 359 173 729 279 667 910 551 371 575 479 759 544 353 861 414 526 353 140 602 444 784 88 404 202 464 207 0 303 513 155 466 280 460 366 382 298 548 270 660 674 367 859 838 743 571 490 617 490 655 403 237 717 403 736 420 414 450 549 247 721 606 861 570 201 530 519 412 299 308 442 890 442 493 492 274 262 538 707 301 509
522 835 603 552 335 910 657 483 363 951 995 457 377 326 669 25 1003 262 367 409 403 729 582 404 788 769 619 858 1184 1122 666 1077 756 578 573 179 468 1013 581 690 973 580 670 847 366 821 709 641 1129 344 804 634 359 889 729 1049 346 104 131 765 291 303 0 778 297 508 32 723 624 608 540 451 496 860 683 666 879 983 929 504 667 890 698 711 701 66 812 682 963 678 682 753 675 539 891 695 861 788 107 831 818 670 578 252 214 1149 648 432 629 400 549 570 707 468 681
298 152 337 684 467 325 147 544 597 177 308 513 436 486 274 757 299 575 783 429 689 96 275 650 255 410 284 80 409 377 365 299 332 304 243 736 449 253 315 624 710 565 224 73 724 609 305 462 352 654 64 166 419 156 108 273 440 860 709 387 509 513 778 0 484 520 764 55 567 197 241 739 606 266 652 223 748 501 351 713 273 116 196 561 407 719 521 121 261 100 99 267 391 441 368 482 785 176 672 249 222 586 214 621 819 377 213 669 360 426 256 554 687 353 284
230 558 381 438 66 625 360 303 308 660 701 260 166 79 427 278 708 192 386 210 338 432 332 310 536 511 335 563 888 825 403 784 528 296 305 268 298 727 348 514 766 398 412 555 341 613 431 471 834 271 516 352 75 606 447 754 103 375 260 553 56 155 297 484 0 313 288 429 505 311 244 403 423 571 520 407 707 720 646 421 383 598 404 507 503 245 579 398 668 384 391 506 419 366 614 465 708 493 196 574 556 550 297 178 355 852 354 343 365 130 279 385 553 181 400
246 654 608 168 247 473 375 32 620 682 590 54 454 235 618 501 608 504 301 493 194 429 533 159 694 286 240 578 849 742 209 779 723 217 484 361 579 767 569 202 468 86 581 590 243 315 277 729 810 197 578 481 340 675 549 735 394 533 537 764 269 466 508 520 313 0 517 477 788 333 347 227 726 444 209 576 396 494 484 192 269 627 340 204 734 488 306 503 576 439 468 678 203 636 433 190 396 419 447 716 691 830 447 257 412 804 309 163 186 198 461 72 243 217 270
516 817 578 570 331 907 647 493 333 936 988 465 355 324 646 17 996 235 392 386 422 718 561 421 766 772 615 844 1171 1113 667 1063 731 575 554 202 441 996 558 703 983 591 649 832 388 831 707 613 1115 360 788 617 345 871 711 1036 328 134 100 739 287 280 32 764 288 517 0 709 594 598 528 472 465 855 697 645 894 985 926 524 663 875 691 721 674 45 819 666 955 665 667 730 677 511 890 701 878 780 92 809 797 639 561 262 244 1137 641 450 630 397 530 581 722 463 679
247 180 306 642 413 337 101 499 551 232 340 466 385 432 253 702 335 523 733 381 640 74 237 602 259 393 246 135 463 424 335 354 326 260 198 681 406 305 280 592 699 526 201 127 674 589 282 437 406 602 102 123 364 200 98 327 386 805 655 380 454 460 723 55 429 477 709 0 539 147 185 692 568 275 619 199 726 507 364 668 242 170 170 533 390 665 504 86 295 45 49 263 362 406 372 454 760 176 618 263 235 562 165 567 765 430 175 621 326 373 209 514 654 301 257
580 494 233 935 558 873 571 789 262 660 874 743 341 578 294 600 865 375 881 298 842 604 310 815 370 873 674 625 906 924 777 777 284 654 362 721 210 670 264 977 1176 870 342 592 842 1038 760 108 842 775 537 423 453 558 459 781 405 728 495 248 561 366 624 567 505 788 594 539 0 563 489 907 138 810 992 343 1158 1033 900 924 704 620 664 947 186 562 974 453 828 523 494 334 803 155 900 882 1172 709 544 412 421 47 408 672 800 891 633 848 747 591 369 856 1028 580 724
102 321 339 500 281 340 52 354 504 371 395 320 318 298 318 589 400 445 587 331 493 123 257 455 370 311 122 267 582 514 225 486 415 122 203 546 386 449 302 467 619 389 271 270 528 490 197 475 531 457 248 164 259 346 217 451 297 681 559 463 325 382 608 197 311 333 598 147 563 0 86 545 556 279 491 267 622 478 365 523 142 311 111 417 452 555 416 174 359 107 135 361 253 412 350 341 648 188 506 386 360 595 156 429 627 544 71 475 204 233 193 376 528 158 162
102 332 276 513 229 426 124 361 418 417 477 320 232 249 273 519 480 361 564 245 481 192 195 443 350 385 185 319 644 589 288 540 377 166 142 498 304 487 237 508 687 416 234 312 507 551 274 409 590 434 277 137 183 372 220 510 214 620 481 419 269 298 540 241 244 347 528 185 489 86 0 538 473 365 529 229 676 561 451 526 217 355 197 467 397 483 484 170 439 140 151 332 314 336 435 397 697 272 435 375 352 525 101 386 582 609 154 468 260 198 124 402 565 136 238
448 863 767 128 356 693 592 199 691 906 814 226 568 334 795 456 833 562 106 612 65 651 702 97 886 493 465 801 1076 967 433 1006 900 437 660 272 700 989 730 297 579 231 765 811 85 444 503 871 1037 134 793 675 462 891 754 962 504 429 532 934 347 548 451 739 403 227 472 692 907 545 538 0 817 668 277 760 458 684 700 66 496 849 566 351 893 461 478 705 802 651 676 864 422 767 646 381 428 646 438 913 890 953 632 245 273 1032 532 71 412 348 635 233 287 402 498
548 566 276 860 483 887 576 722 135 728 908 677 273 500 354 472 903 261 779 239 753 623 331 729 455 854 653 675 979 979 751 852 380 626 372 608 169 752 291 924 1147 811 392 646 746 1001 747 205 915 684 590 445 386 631 506 847 332 599 365 358 476 270 496 606 423 726 465 568 138 556 473 817 0 824 934 391 1112 1033 913 842 690 679 665 903 288 436 947 486 863 543 520 416 775 166 904 845 1120 724 424 501 504 179 414 575 682 959 626 763 718 529 370 797 969 535 711
341 408 577 575 525 64 248 475 782 329 146 465 597 535 528 844 165 722 744 608 638 206 502 601 521 204 242 256 417 299 236 379 597 283 454 763 656 413 547 458 463 448 476 290 685 393 168 711 390 629 323 387 531 385 368 327 573 919 828 651 569 660 860 266 571 444 855 275 810 279 365 668 824 0 490 474 529 236 90 622 195 301 170 385 665 814 299 360 136 286 316 532 248 669 104 314 577 101 765 512 485 835 410 643 833 371 219 607 260 461 454 441 518 392 184
427 799 801 148 455 493 521 218 828 790 624 260 662 442 801 681 647 711 382 700 294 556 722 282 862 287 374 692 906 779 287 864 902 371 670 515 785 877 762 33 303 123 758 713 344 171 354 928 880 341 715 653 548 807 706 814 602 685 731 947 474 674 683 652 520 209 697 619 992 491 529 277 934 490 0 754 196 435 492 211 379 743 456 107 925 674 226 665 625 591 624 851 263 838 434 178 188 508 638 876 849 1033 629 436 540 860 445 259 293 406 650 137 37 413 369
331 184 116 742 422 536 255 589 407 338 531 548 290 445 54 641 522 423 775 264 700 269 84 664 130 570 389 285 590 588 492 465 149 384 103 675 250 373 105 731 879 644 5 255 721 756 455 239 527 647 198 103 332 247 117 457 324 761 569 196 451 367 666 223 407 576 645 199 343 267 229 760 391 474 754 0 889 704 563 753 404 288 347 683 193 601 679 114 484 193 160 104 519 225 569 608 915 374 560 167 153 364 129 578 762 568 329 691 471 413 130 630 790 362 423
579 899 952 335 641 508 639 410 1013 856 634 449 839 630 939 877 661 899 564 873 485 656 871 477 983 339 500 770 920 780 397 905 1036 510 817 710 955 941 914 195 147 311 893 797 533 139 444 1084 907 536 812 786 727 894 821 853 782 878 927 1084 664 859 879 748 707 396 894 726 1158 622 676 458 1112 529 196 889 0 383 497 393 488 819 556 211 1071 870 231 788 650 708 743 979 369 1003 443 281 59 581 834 989 962 1196 772 633 729 874 562 452 419 586 801 324 174 579 471
504 642 802 565 662 181 462 525 974 545 277 536 785 664 759 971 304 895 780 805 675 435 723 646 757 214 392 487 551 406 319 559 832 429 672 853 864 622 769 404 270 455 707 522 727 277 294 937 548 691 558 612 699 614 603 507 749 1022 979 886 702 838 983 501 720 494 985 507 1033 478 561 684 1033 236 435 704 383 0 157 624 349 528 370 337 897 949 210 590 307 512 545 767 308 886 135 307 441 331 902 747 721 1061 626 740 906 506 408 640 357 594 668 456 449 542 329
417 487 667 595 596 27 337 516 869 389 138 513 682 603 617 914 164 804 784 695 677 296 592 643 605 210 311 331 425 289 278 413 683 352 544 821 745 467 637 459 409 472 565 367 726 367 222 800 411 676 405 477 611 457 456 361 656 982 905 738 639 743 929 351 646 484 926 364 900 365 451 700 913 90 492 563 497 157 0 648 263 371 254 385 754 886 278 449 157 377 406 618 281 759 58 326 549 191 838 593 567 925 500 703 886 379 301 644 310 530 544 468 516 465 248
430 843 770 62 366 642 567 169 719 875 766 206 583 346 791 507 786 592 172 626 102 622 701 113 876 439 432 770 1034 921 388 970 896 409 655 327 715 959 732 232 513 176 758 782 142 379 459 880 998 168 769 663 473 867 737 924 519 490 576 933 366 571 504 713 421 192 524 668 924 523 526 66 842 622 211 753 393 624 648 0 459 820 532 288 896 509 416 689 757 629 657 856 374 779 593 325 365 608 482 900 876 969 624 281 336 989 502 80 372 346 631 181 221 391 458
157 421 481 422 332 244 151 298 626 419 338 280 437 341 457 651 352 548 561 457 457 177 399 420 495 169 48 317 581 482 93 511 549 89 345 568 521 505 444 351 477 298 408 335 501 353 57 617 541 440 336 302 353 428 334 466 401 724 643 599 376 490 667 273 383 269 663 242 704 142 217 496 690 195 379 404 488 349 263 459 0 368 77 291 592 623 275 300 315 220 255 491 120 552 232 212 519 150 575 504 476 737 298 448 639 537 75 430 90 267 335 288 414 202 21
413 133 403 788 583 348 260 652 687 62 285 624 539 602 328 868 267 678 897 527 801 198 358 762 265 481 388 51 306 305 456 188 354 412 337 851 533 140 391 713 764 666 287 43 837 680 389 512 246 768 92 264 531 87 178 170 549 974 816 406 624 617 890 116 598 627 875 170 620 311 355 849 679 301 743 288 819 528 371 820 368 0 291 647 443 830 588 214 240 216 208 292 480 513 404 568 861 239 784 238 217 631 318 736 935 281 318 780 458 542 355 655 776 469 375
175 346 435 497 363 230 94 368 615 344 297 345 428 376 401 680 306 552 625 442 524 101 355 485 428 225 102 241 517 430 169 440 488 135 303 615 495 429 401 427 533 374 351 258 565 419 112 572 474 501 260 248 361 351 266 397 403 763 660 540 408 490 698 196 404 340 691 170 664 111 197 566 665 170 456 347 556 370 254 532 77 291 0 365 539 649 336 237 267 156 191 427 195 517 240 286 591 91 600 433 406 694 257 495 691 476 50 499 167 304 298 364 490 231 88
369 711 743 228 440 386 440 228 808 691 517 258 630 432 733 705 541 699 451 664 351 467 662 329 784 181 296 596 800 672 198 761 832 301 608 555 745 778 704 74 264 134 688 619 404 110 258 874 775 382 625 581 520 714 624 710 575 728 740 879 468 655 711 561 507 204 721 533 947 417 467 351 903 385 107 683 211 337 385 288 291 647 365 0 863 692 128 587 519 509 544 777 171 792 328 79 232 409 651 794 767 986 564 459 594 754 362 315 213 381 591 141 134 369 277
498 314 127 895 539 727 446 742 366 480 711 698 345 561 138 675 699 439 889 303 829 462 203 797 185 760 572 455 722 748 677 593 98 562 256 756 233 485 165 905 1069 810 190 420 841 942 645 84 658 768 367 291 434 376 299 599 402 804 582 71 556 403 701 407 503 734 674 390 186 452 397 893 288 665 925 193 1071 897 754 896 592 443 539 863 0 635 868 307 664 386 353 152 704 163 762 791 1094 566 604 227 237 189 299 681 841 709 518 827 653 550 275 795 962 517 612
474 772 537 551 291 867 603 465 302 891 946 434 311 285 604 41 953 196 388 343 407 674 517 402 723 736 575 799 1127 1069 630 1018 690 535 510 198 402 952 515 678 956 564 605 788 378 802 668 576 1071 343 743 572 301 827 667 992 284 170 78 699 248 237 66 719 245 488 45 665 562 555 483 461 436 814 674 601 870 949 886 509 623 830 649 692 635 0 787 621 913 621 623 687 641 473 851 669 857 738 49 766 753 608 516 238 254 1092 599 433 592 358 486 554 700 422 639
399 673 755 356 515 285 424 335 865 625 415 356 680 512 732 804 440 767 576 708 474 431 673 448 763 111 300 539 702 566 197 677 822 322 618 667 782 710 718 195 203 253 683 567 526 93 224 891 683 497 585 577 577 665 601 625 632 839 828 873 549 717 812 521 579 306 819 504 974 416 484 478 947 299 226 679 231 210 278 416 275 588 336 128 868 787 0 572 425 491 526 763 172 820 221 118 277 351 743 766 739 1009 572 563 712 655 350 438 229 449 606 256 244 417 256
