NAME : X-n219-k73_SARP
COMMENT : Curated from VRPLIB to SARP
TYPE : SARP
DIMENSION : 219
EDGE_WEIGHT_TYPE : EXPLICIT
EDGE_WEIGHT_FORMAT : FULL_MATRIX
EDGE_WEIGHT_SECTION
0 974 836 950 999 799 518 872 84 790 867 1144 942 702 481 1037 1186 977 800 1013 763 767 572 1216 824 658 878 635 864 299 421 1296 935 171 545 1325 688 588 613 1191 415 201 764 1089 448 1217 124 801 568 397 604 794 951 1293 942 1016 969 1184 939 1037 1013 243 1224 498 761 579 445 303 955 968 599 702 825 474 232 927 1102 138 916 586 954 886 965 821 884 68 804 752 847 1252 1000 296 760 569 842 664 666 553 993 829 494 625 527 367 853 1119 753 824 517 813 364 458 599 1028 749 460 626 777 1114 89 1362 960 957 208 1264 1040 294 893 924 911 758 1091 725 404 948 714 1113 646 1035 1134 1012 1032 664 207 1083 1225 887 451 921 603 814 954 719 782 51 509 1126 1039 133 515 1120 975 686 447 272 1026 688 1210 766 692 769 746 791 1076 879 468 1250 925 536 461 996 568 755 925 951 1048 553 855 513 1001 116 563 1112 559 1036 1098 462 835 1068 577 961 1048 215 695 854 1097 1037 1037 1090 714 563 555 901 1072 420 438 709 1112 532
974 0 860 1143 37 250 809 438 896 315 1009 470 136 797 548 276 812 908 358 67 230 311 908 618 560 318 448 665 1120 948 598 666 763 803 429 724 287 684 949 554 927 777 215 311 620 851 859 443 770 583 710 1079 1130 649 774 1001 87 806 1117 648 1073 779 532 550 255 705 622 677 1074 1193 814 388 1056 735 810 47 920 836 1067 409 267 873 14 271 729 933 171 912 509 720 787 954 215 424 1097 458 473 791 364 171 643 375 671 694 1132 367 690 779 609 1139 908 519 383 244 487 519 507 213 704 899 808 33 146 767 761 709 701 199 1154 1034 225 633 962 580 485 460 670 963 570 672 1058 374 706 768 581 596 255 776 1198 450 643 815 256 655 929 829 425 924 942 927 401 529 323 541 750 730 946 574 506 659 704 1021 352 958 948 520 740 1067 468 955 587 521 908 861 910 411 439 985 559 89 860 418 674 422 905 464 734 708 198 821 301 503 773 295 1121 819 181 490 729 367 513 936 887 570 831 816 739 833 451
836 860 0 283 897 620 319 435 769 549 152 623 733 138 529 679 420 141 503 841 830 561 291 589 304 695 427 265 278 565 552 657 170 755 693 653 716 290 277 609 448 709 716 699 484 436 739 417 272 643 261 263 270 666 169 192 927 421 258 363 230 622 669 501 866 287 486 667 215 335 238 503 220 376 617 830 274 762 208 604 626 50 864 591 161 769 764 120 359 561 219 571 737 796 259 444 427 284 568 709 410 603 356 521 296 684 176 83 414 322 488 736 766 698 378 744 418 694 403 756 646 828 731 732 548 318 631 663 299 173 701 431 186 768 429 416 428 257 426 450 220 591 213 754 465 618 610 389 349 507 219 151 755 205 793 329 641 205 710 355 655 409 843 612 604 288 205 617 356 230 159 229 511 240 88 777 543 207 574 422 376 453 114 95 115 573 792 129 470 808 759 642 423 757 204 578 389 158 779 260 601 494 679 652 282 309 762 495 359 522 468 323 64 462 417 398 159 320 764
950 1143 283 0 1180 900 478 718 901 830 135 885 1016 366 762 959 600 293 785 1124 1100 840 388 824 588 959 710 514 92 651 769 880 421 915 940 863 983 521 340 857 535 874 991 976 701 599 880 700 464 860 489 158 16 893 414 224 1208 604 26 611 143 781 920 737 1134 509 702 860 86 53 412 778 127 564 766 1112 399 912 76 861 908 281 1146 873 433 887 1041 252 642 770 439 655 1011 1042 109 714 697 461 846 989 630 865 575 710 110 956 454 366 645 162 587 966 1019 979 658 974 680 971 627 885 831 1111 1014 901 745 552 816 947 41 112 975 674 240 985 706 692 660 307 685 679 159 867 462 924 717 857 893 556 94 766 502 377 1023 488 915 475 908 329 817 437 925 680 1104 840 774 520 275 861 637 496 439 205 792 331 198 1006 747 79 821 489 639 704 254 311 273 846 1036 158 708 1091 901 894 654 1004 346 843 576 440 1060 424 883 760 843 922 103 495 1044 763 579 797 718 397 272 717 555 545 416 496 1006
999 37 897 1180 0 287 844 474 921 352 1046 495 171 834 580 303 843 944 395 84 245 348 944 644 596 345 484 701 1157 980 629 689 799 828 455 747 313 720 986 579 961 803 245 334 652 882 885 480 806 611 746 1116 1167 671 810 1038 68 837 1154 681 1110 808 554 583 265 741 655 703 1111 1230 851 424 1093 770 839 78 954 861 1104 440 300 909 38 308 765 959 198 949 546 746 822 986 243 442 1134 495 509 827 395 206 678 407 707 725 1169 390 727 815 644 1175 941 542 403 271 524 541 543 246 736 925 833 69 179 792 789 743 729 235 1191 1071 257 665 999 602 519 497 701 999 602 702 1095 403 743 792 611 620 291 810 1235 485 680 851 280 692 954 864 450 960 970 963 425 563 337 570 779 764 983 598 543 696 741 1058 389 993 985 540 768 1104 500 990 621 556 945 897 946 440 458 1022 593 114 885 447 705 443 940 491 768 745 216 857 334 534 800 327 1158 852 203 521 761 403 548 972 923 601 865 850 776 867 472
799 250 620 900 287 0 562 231 716 72 765 402 154 548 331 245 650 683 123 253 245 61 659 525 330 184 243 414 873 723 389 594 543 633 284 643 176 435 700 474 688 598 120 299 393 690 677 210 521 403 460 830 888 583 555 774 308 645 875 470 840 578 482 325 287 455 397 497 835 950 564 139 809 493 605 214 717 663 825 214 168 637 250 44 502 748 154 665 288 607 579 729 145 340 849 209 223 542 245 89 404 175 426 475 884 340 446 540 369 889 675 384 290 231 242 388 259 89 542 716 713 220 165 595 641 522 508 95 909 793 108 479 712 449 304 211 515 713 408 525 826 278 456 602 437 517 99 535 951 216 409 594 189 415 750 583 368 709 743 681 353 351 304 352 547 535 696 496 264 411 461 771 112 745 708 404 620 826 263 713 407 282 660 632 681 309 349 742 327 228 683 245 518 315 690 369 493 474 270 572 188 366 586 122 873 630 240 351 553 118 277 688 652 425 592 576 491 646 342
518 809 319 478 844 562 0 492 452 509 368 757 711 185 310 727 692 460 485 814 695 503 110 782 388 546 491 178 409 258 301 861 431 446 495 876 576 137 161 777 159 402 612 767 238 719 423 432 63 388 127 344 474 863 437 501 851 692 460 571 509 311 826 291 721 116 238 382 459 511 81 423 353 92 302 767 587 449 426 438 651 368 807 555 386 450 665 244 433 792 495 265 625 592 383 353 342 39 640 638 179 457 138 233 408 775 264 313 208 389 182 500 579 734 370 509 303 602 639 438 894 781 717 428 793 556 338 641 464 412 598 635 239 512 539 369 648 187 596 671 505 676 176 451 645 802 603 78 483 364 342 442 620 307 474 22 756 522 392 119 760 548 674 378 299 536 204 793 369 224 275 282 484 558 366 540 782 433 385 162 548 291 245 408 433 676 583 352 269 787 444 459 646 556 519 707 102 340 803 60 640 636 371 531 403 593 777 629 606 444 302 130 383 636 99 80 205 608 551
872 438 435 718 474 231 492 0 789 165 587 276 304 406 398 249 423 470 116 409 475 192 564 349 132 386 12 315 708 715 456 428 326 724 452 465 390 356 591 319 645 681 349 281 425 463 749 71 435 512 367 678 705 423 336 564 513 418 692 242 638 631 353 377 516 376 428 591 644 770 462 199 646 457 649 415 489 749 642 355 190 441 443 189 293 811 384 509 77 409 353 722 374 535 687 211 206 460 149 312 393 326 384 509 724 284 283 353 363 739 650 541 489 265 129 547 247 320 318 784 519 405 299 688 435 291 584 239 734 607 336 262 569 599 85 159 295 594 191 309 622 184 334 702 231 354 183 499 783 285 217 378 413 239 822 514 267 488 785 604 269 128 525 460 601 305 563 339 123 280 291 627 130 522 520 571 416 640 372 654 179 305 504 425 473 186 539 564 359 376 761 399 297 502 469 227 463 278 344 477 166 178 660 322 711 399 326 165 324 200 311 598 454 218 558 536 346 415 524
84 896 769 901 921 716 452 789 0 706 810 1060 860 633 397 953 1108 909 716 933 689 683 516 1132 742 578 794 557 817 261 336 1213 860 97 466 1243 609 511 561 1107 367 119 684 1004 365 1140 39 717 498 315 529 747 900 1209 868 952 893 1106 888 956 955 162 1140 414 689 503 361 221 899 922 533 617 774 400 154 848 1031 63 861 504 870 818 887 738 809 43 725 691 764 1171 925 260 681 498 794 579 582 485 908 748 413 542 449 285 808 1035 676 752 435 771 314 384 525 944 666 387 542 696 1034 17 1280 880 875 130 1184 961 209 810 877 854 677 1010 670 334 864 630 1032 594 953 1053 953 948 589 134 1001 1141 803 381 879 519 736 881 641 704 35 445 1042 970 104 463 1036 892 615 364 190 949 633 1127 683 615 693 696 706 1008 817 398 1168 870 453 416 915 484 693 855 884 964 482 797 429 920 36 482 1031 485 966 1014 388 759 985 512 877 965 131 614 808 1021 954 953 1012 629 479 504 833 990 356 373 635 1037 459
790 315 549 830 352 72 509 165 706 0 695 373 202 482 311 247 588 611 52 309 311 30 602 484 258 225 177 353 805 688 371 557 472 629 307 602 226 378 640 439 644 591 186 298 364 628 667 138 464 402 400 764 818 548 483 703 378 583 805 407 769 560 455 300 352 399 367 492 764 880 505 94 741 447 584 282 647 658 755 220 164 566 317 46 430 735 225 597 217 559 508 694 210 379 781 158 168 486 214 160 362 184 377 448 817 330 376 469 327 824 635 404 331 242 172 408 209 157 482 704 667 284 208 591 589 456 497 132 840 722 172 422 647 467 244 146 457 651 351 469 755 252 392 601 384 480 100 490 883 189 337 523 248 344 741 531 346 637 724 628 336 291 360 349 529 468 633 461 193 344 391 706 40 674 637 429 569 755 257 665 344 244 593 560 609 276 386 672 295 280 675 260 460 349 619 335 449 402 299 514 172 318 575 161 806 562 271 303 490 78 242 633 581 372 549 530 423 579 374
867 1009 152 135 1046 765 368 587 810 695 0 769 883 234 635 830 521 204 650 991 966 705 295 721 455 826 579 381 131 574 647 784 306 814 810 773 849 392 256 748 454 770 856 850 579 527 785 566 344 738 360 140 124 795 301 176 1073 523 110 500 147 678 810 609 1000 382 580 746 91 185 294 643 87 448 667 977 335 814 63 729 777 160 1011 738 309 801 905 127 510 680 337 579 876 913 118 579 562 345 719 854 505 732 450 596 152 833 319 234 518 190 503 841 888 850 523 849 546 836 528 795 753 976 881 796 660 447 705 813 147 44 840 566 142 864 580 557 558 225 570 578 148 742 329 819 605 753 760 446 198 633 370 269 889 354 828 369 789 258 735 354 804 558 971 715 667 415 179 754 503 361 305 142 658 276 75 882 659 67 691 415 521 572 127 200 176 723 908 23 579 958 806 763 552 875 270 724 460 310 930 310 752 641 739 788 138 410 913 643 481 662 587 314 156 604 455 442 282 415 878
1144 470 623 885 495 402 757 276 1060 373 769 0 353 640 665 195 383 598 349 411 618 402 816 149 371 586 273 580 899 990 725 200 465 991 679 255 576 624 835 84 914 949 508 162 699 417 1021 346 697 770 630 885 869 185 471 686 557 376 860 277 772 904 82 647 658 644 702 855 801 938 716 449 843 730 924 476 548 1017 812 593 241 609 482 361 462 1084 516 724 325 254 451 996 530 741 882 481 479 723 159 441 669 557 659 783 918 109 517 549 639 945 923 777 692 227 404 781 521 477 291 1056 338 444 336 954 298 341 853 337 910 775 501 224 790 840 218 432 251 832 200 243 755 123 588 966 172 126 304 772 965 545 436 508 582 469 1094 779 46 585 1061 864 71 219 695 717 874 372 793 104 395 536 517 844 361 606 694 801 278 807 625 918 248 576 718 574 614 98 750 748 632 382 1031 633 257 716 564 50 737 476 283 734 214 130 930 522 905 433 292 132 332 441 581 852 615 169 830 808 585 442 742
942 136 733 1016 171 154 711 304 860 202 883 353 0 679 483 160 678 774 237 108 275 208 805 498 430 295 314 554 998 877 539 553 629 774 408 609 272 580 842 436 841 742 191 206 547 718 822 317 666 545 603 960 1003 537 640 868 219 672 990 512 941 728 424 479 312 601 550 639 945 1067 707 289 934 646 756 126 784 805 940 357 132 743 144 156 596 894 177 792 378 595 652 883 207 435 975 358 369 689 231 118 557 319 577 628 1011 261 567 651 522 1021 829 507 387 130 366 509 409 169 570 861 689 104 19 736 635 573 656 72 1029 906 192 500 845 572 349 348 536 853 435 540 926 246 592 741 448 479 123 688 1075 370 515 681 260 529 895 732 310 789 893 830 288 393 361 497 697 594 832 457 382 542 579 904 233 822 820 518 614 939 411 865 451 435 788 729 777 283 448 860 481 77 826 380 541 421 770 339 646 578 130 716 166 371 732 248 1000 683 99 357 593 269 430 835 756 438 745 728 620 698 451
702 797 138 366 834 548 185 406 633 482 234 640 679 0 403 655 516 276 443 787 736 487 188 637 278 593 401 147 326 440 420 713 252 617 576 720 618 160 196 644 329 571 630 685 352 539 602 366 135 512 129 282 357 718 257 328 855 516 343 415 354 484 699 377 769 153 354 531 320 411 107 418 262 238 480 762 402 625 297 495 590 186 798 527 213 634 681 117 332 631 314 446 649 679 301 352 334 149 552 635 278 499 223 384 336 680 125 130 286 342 362 610 654 669 313 619 314 612 474 620 727 766 680 594 627 388 494 608 367 272 614 483 166 637 427 338 489 192 457 512 346 582 96 617 503 662 559 252 405 400 204 258 659 172 657 199 649 338 577 247 658 422 737 485 467 364 158 656 298 138 123 225 447 375 204 651 618 301 457 312 406 338 114 223 252 572 674 213 346 756 622 529 486 640 334 591 252 176 746 130 570 512 541 558 326 412 724 508 436 438 352 224 202 497 285 265 60 426 644
481 548 529 762 580 331 310 398 397 311 635 665 483 403 0 559 764 647 319 571 395 290 420 747 379 249 405 264 705 400 60 826 551 327 185 861 281 243 470 716 390 285 335 609 77 800 357 328 301 125 275 645 754 821 561 719 572 761 740 595 755 249 746 28 417 253 79 193 723 802 355 221 644 220 275 502 739 352 697 142 475 568 543 346 497 424 385 510 387 797 610 406 342 284 679 187 193 311 512 382 134 173 187 146 708 638 374 475 117 695 364 208 269 552 284 216 160 336 675 394 908 526 495 290 816 615 188 425 755 675 323 639 530 242 478 241 666 494 575 685 747 551 315 304 621 752 410 251 783 123 403 587 323 381 431 325 645 697 413 415 639 512 365 84 218 610 501 736 306 308 394 582 309 737 606 248 799 702 82 426 544 99 509 588 630 568 276 614 59 551 367 152 666 246 686 620 213 448 601 349 481 576 266 253 701 697 571 564 662 234 89 437 585 609 297 287 369 713 245
1037 276 679 959 303 245 727 249 953 247 830 195 160 655 559 0 546 692 250 220 431 270 807 342 380 423 255 555 954 928 619 394 547 873 529 451 407 590 837 279 873 836 331 54 609 583 913 297 674 645 606 927 944 378 557 786 364 539 932 396 866 807 264 547 470 612 613 736 881 1011 706 340 893 678 831 281 677 903 883 457 83 678 288 216 526 982 331 758 324 444 556 935 352 574 934 394 400 698 113 259 600 418 606 695 970 102 532 597 566 988 871 629 525 32 358 632 444 303 441 951 533 249 142 835 486 462 744 160 977 847 327 369 818 694 254 362 404 842 313 403 849 105 580 844 314 321 150 721 1027 436 464 598 405 487 987 749 151 696 971 844 129 289 513 593 776 487 812 299 363 526 540 876 255 724 761 646 465 880 501 888 343 487 753 655 701 140 585 808 540 189 921 490 409 554 675 188 682 521 107 719 87 239 822 364 958 568 103 227 472 325 487 841 689 305 781 761 595 581 583
1186 812 420 600 843 650 692 423 1108 588 521 383 678 516 764 546 0 317 539 763 895 615 699 262 386 808 411 551 646 951 812 295 264 1067 863 266 813 598 693 318 844 1021 770 532 759 40 1073 471 632 889 585 659 584 312 259 377 897 6 578 182 463 948 377 738 937 609 762 949 514 648 621 611 607 714 955 803 205 1084 541 763 546 379 821 606 307 1119 799 539 392 178 203 957 795 953 637 595 582 654 448 723 698 740 660 827 669 487 435 386 682 710 874 943 909 577 490 950 607 739 109 1099 233 781 666 1036 146 150 927 632 635 507 757 178 604 995 346 540 142 675 245 143 446 441 525 1055 232 298 579 743 692 677 373 269 836 404 1137 709 424 271 1072 761 448 298 948 842 923 160 625 311 464 494 421 641 554 273 449 977 151 532 766 827 244 666 534 331 345 405 956 508 711 730 1089 808 138 918 255 364 725 354 649 644 512 309 994 745 655 112 649 322 103 617 677 734 375 242 788 767 488 106 937
977 908 141 293 944 683 460 470 909 611 204 598 774 276 647 692 317 0 561 879 911 628 429 531 353 786 460 385 330 705 677 588 146 892 799 573 803 418 409 565 588 846 790 702 611 324 879 473 411 766 392 344 277 601 136 94 982 320 269 321 175 760 628 619 949 419 613 799 207 345 379 584 291 513 757 884 139 901 227 705 654 92 913 648 181 910 834 247 399 480 147 711 813 901 321 535 518 425 579 771 538 697 486 655 353 676 275 172 537 393 629 852 867 717 450 860 518 765 333 897 549 875 769 868 458 260 765 709 324 192 775 382 305 889 438 496 367 385 400 386 158 594 338 890 427 564 653 529 381 607 278 94 838 282 933 470 624 64 851 493 643 405 935 731 741 228 332 568 424 340 255 331 571 98 136 892 457 219 683 560 357 563 243 59 31 569 899 193 588 844 898 746 361 862 69 558 527 214 798 401 624 477 816 736 339 206 786 482 286 600 577 459 78 428 558 539 285 211 873
800 358 503 785 395 123 485 116 716 52 650 349 237 443 319 250 539 561 0 345 362 76 573 449 208 270 128 320 763 679 380 525 421 643 342 567 273 350 608 408 626 603 237 296 363 579 677 88 436 421 370 724 773 516 432 653 425 535 759 358 720 564 431 304 403 371 366 507 717 835 474 100 699 430 587 328 595 670 710 249 169 518 361 89 380 743 276 556 165 518 457 685 262 420 740 145 150 459 193 210 350 216 358 448 776 320 332 422 316 784 622 435 374 251 130 440 194 208 434 713 627 326 239 606 547 405 507 165 795 676 223 377 608 496 198 116 411 618 305 424 706 232 355 618 342 448 119 473 840 198 288 472 298 298 750 507 326 586 726 603 320 244 409 368 534 416 596 429 148 305 346 667 14 622 590 463 527 709 276 644 295 239 552 510 559 251 426 627 294 314 686 291 413 389 568 306 433 353 318 484 166 280 585 206 764 511 292 265 440 93 241 605 532 329 532 513 383 528 412
1013 67 841 1124 84 253 814 409 933 309 991 411 108 787 571 220 763 879 345 0 288 311 910 560 537 356 419 661 1106 970 624 605 733 843 470 663 327 685 949 495 940 815 249 250 639 802 896 426 772 619 709 1069 1111 587 743 973 149 757 1098 605 1047 810 470 570 316 706 642 713 1052 1175 813 391 1043 746 839 99 882 876 1048 436 227 850 81 262 702 969 213 901 484 663 752 975 255 475 1084 461 474 793 318 189 656 400 679 717 1120 306 675 758 621 1129 925 564 432 188 475 564 511 239 657 936 749 59 110 806 706 669 734 180 1137 1014 256 586 953 627 447 455 621 960 525 622 1032 323 699 809 532 536 231 788 1183 465 622 785 302 637 967 835 366 891 974 933 341 489 381 573 780 691 940 514 491 650 688 1012 341 923 927 568 685 1047 495 966 547 533 896 834 883 359 490 968 576 34 898 452 626 469 871 408 745 685 133 822 259 455 808 323 1108 777 120 442 684 370 527 940 863 522 844 828 728 791 499
763 230 830 1100 245 245 695 475 689 311 966 618 275 736 395 431 895 911 362 288 0 287 803 754 562 149 487 590 1060 782 431 817 777 594 232 870 120 593 851 698 785 574 125 480 472 935 655 445 672 391 624 1008 1090 803 788 999 206 889 1076 715 1058 593 693 407 42 610 474 478 1044 1147 722 328 996 610 625 189 956 628 1028 257 378 855 218 289 731 729 102 853 526 844 817 787 101 198 1035 387 404 687 473 178 517 241 559 530 1068 533 654 755 488 1063 756 305 164 404 461 303 421 156 787 695 945 229 294 559 880 766 511 281 1103 998 139 723 889 361 549 416 759 871 652 768 1045 499 639 557 679 741 324 645 1139 339 633 826 77 632 722 712 577 942 748 807 558 596 93 360 566 778 866 719 487 605 672 946 349 980 917 298 859 1030 314 821 652 408 850 856 905 534 214 943 427 292 653 244 762 204 925 595 604 697 395 723 409 605 575 178 1058 873 368 590 798 311 396 825 871 667 692 682 684 889 232
767 311 561 840 348 61 503 192 683 30 705 402 208 487 290 270 615 628 76 311 287 0 599 514 276 196 204 353 812 673 349 587 491 604 278 632 198 375 639 469 633 566 163 322 346 655 643 158 461 376 399 769 828 577 503 719 368 610 815 434 783 538 484 280 328 395 349 467 776 890 504 81 748 437 564 275 669 633 766 192 187 580 312 57 448 712 206 603 239 589 530 679 187 349 788 150 163 482 243 149 350 155 369 430 823 356 386 482 315 828 622 375 301 262 183 379 201 136 509 681 697 281 216 566 619 481 473 141 848 733 149 451 651 438 273 150 486 652 379 498 769 280 395 576 414 510 120 480 890 169 352 542 222 357 717 524 374 657 703 622 363 319 333 323 507 492 635 490 207 350 402 710 62 694 649 399 599 766 232 656 371 229 599 576 625 306 356 682 278 284 651 231 488 319 639 364 438 417 314 511 198 348 552 131 812 587 285 333 516 61 226 629 595 401 538 520 430 603 344
572 908 291 388 944 659 110 564 516 602 295 816 805 188 420 807 699 429 573 910 803 599 0 823 446 655 561 254 310 282 410 899 436 527 605 907 684 225 52 826 162 486 717 844 347 720 494 511 139 495 203 242 386 904 440 450 954 699 373 602 441 394 880 401 830 204 347 480 383 415 102 521 260 201 378 868 565 525 345 547 735 339 907 649 400 507 770 185 497 819 496 287 731 701 286 450 437 118 713 739 288 564 244 334 307 846 302 314 315 283 209 608 689 817 450 616 402 705 661 501 914 880 809 514 814 575 434 734 369 339 702 669 154 616 599 458 677 83 640 700 441 746 230 537 687 846 692 179 382 469 384 434 727 349 534 97 820 493 440 65 827 600 783 487 388 551 116 840 445 284 306 184 574 525 313 647 805 354 494 131 590 397 189 385 399 741 692 284 378 882 514 569 673 665 494 767 210 363 889 89 721 690 456 637 303 593 865 685 623 542 408 36 351 680 168 160 234 605 661
1216 618 589 824 644 525 782 349 1132 484 721 149 498 637 747 342 262 531 449 560 754 514 823 0 400 706 341 611 852 1030 804 81 419 1072 790 119 701 658 833 66 941 1028 638 311 768 290 1094 419 720 861 657 850 808 81 422 610 706 256 800 226 698 972 117 725 795 675 771 939 738 875 728 544 803 772 988 622 453 1095 756 697 376 563 630 482 434 1152 653 701 370 107 386 1037 662 861 839 560 554 745 282 576 726 664 705 849 874 257 523 526 700 907 958 884 813 374 467 889 592 607 198 1126 192 591 481 1036 152 275 931 473 854 720 630 158 769 944 269 506 164 824 187 145 680 255 607 1051 138 37 432 811 910 634 442 452 712 477 1165 803 195 504 1120 878 220 242 826 809 943 306 779 52 450 559 517 817 462 517 646 911 133 749 720 937 235 651 695 521 553 220 869 704 705 530 1107 740 170 833 484 160 781 462 432 749 346 171 1006 641 860 339 440 185 245 541 659 859 566 147 866 843 590 344 858
824 560 304 588 596 330 388 132 742 258 455 371 430 278 379 380 386 353 208 537 562 276 446 400 0 447 126 212 576 630 430 481 215 691 485 504 460 259 468 390 546 646 439 408 381 423 705 120 327 503 261 546 574 481 227 445 630 383 562 216 514 581 438 353 601 277 385 567 515 639 345 242 514 372 593 533 398 711 512 385 322 313 564 295 172 759 482 378 56 429 258 637 463 580 555 212 198 352 275 418 330 367 305 457 591 403 153 222 308 607 559 559 539 397 109 566 221 413 297 735 538 527 427 658 442 237 549 361 602 477 424 267 438 609 153 160 291 468 214 311 499 304 217 675 263 416 306 411 651 294 85 265 492 107 774 409 374 381 723 493 382 161 595 456 553 237 435 406 81 165 159 496 218 418 390 595 426 510 382 548 173 280 372 303 352 296 581 432 327 504 719 430 290 543 363 321 381 149 477 363 299 248 620 391 579 329 458 241 283 254 291 482 327 254 467 444 219 346 560
658 318 695 959 345 184 546 386 578 225 826 586 295 593 249 423 808 786 270 356 149 196 655 706 447 0 397 446 915 643 290 777 659 487 115 825 33 447 702 657 639 460 107 477 325 847 542 339 524 266 478 862 949 766 670 871 327 803 935 626 925 463 666 259 177 463 327 359 906 1004 575 205 852 461 495 270 844 520 888 109 350 723 310 225 610 615 147 709 421 784 705 648 103 156 890 251 269 539 428 177 368 94 411 388 922 522 520 624 339 917 612 212 107 404 340 214 279 125 703 582 891 302 312 450 815 669 384 264 960 860 103 646 744 277 468 291 680 723 575 693 913 462 497 453 609 699 283 497 995 193 509 706 75 504 612 564 552 822 625 658 537 513 150 225 435 677 719 679 368 466 539 800 255 861 781 224 795 891 166 674 564 261 707 729 777 492 165 803 278 345 543 103 683 131 806 552 456 571 424 575 372 543 455 65 913 771 394 527 707 194 248 676 740 597 545 534 544 788 160
878 448 427 710 484 243 491 12 794 177 579 273 314 401 405 255 411 460 128 419 487 204 561 341 126 397 0 314 701 717 463 421 315 731 462 457 401 356 587 313 645 688 362 284 430 451 755 78 433 520 366 672 696 416 326 554 525 406 684 230 628 636 349 384 529 376 434 598 635 762 459 209 639 459 654 427 478 755 634 365 199 432 454 201 283 816 396 503 69 399 341 724 387 546 680 219 213 459 152 324 397 336 386 514 717 285 277 345 367 733 652 551 500 272 132 557 253 332 306 789 510 416 309 695 424 279 590 250 726 598 348 251 563 609 75 165 284 590 180 298 612 185 331 710 221 348 194 500 775 294 210 367 425 233 828 513 266 477 790 603 269 117 537 468 606 293 558 332 123 277 285 621 142 511 512 581 405 632 381 653 167 311 498 415 463 185 551 556 365 385 767 409 286 513 457 224 465 270 352 475 174 171 666 334 704 387 334 159 312 211 318 596 444 208 559 537 341 403 535
635 665 265 514 701 414 178 315 557 353 381 580 554 147 264 555 551 385 320 661 590 353 254 611 212 446 314 0 470 419 292 690 306 522 431 710 471 48 288 602 335 475 487 592 226 582 522 258 120 381 52 421 504 691 315 455 717 550 490 409 493 398 650 237 622 65 229 417 465 558 153 279 406 165 403 627 488 536 444 347 481 304 665 399 253 567 539 263 255 629 370 426 505 534 445 209 193 145 463 498 155 352 109 280 479 598 121 214 152 478 348 471 507 563 197 480 168 471 483 547 735 634 558 494 636 406 387 483 514 418 472 469 302 505 362 207 487 299 424 509 484 498 53 514 473 628 440 201 550 253 181 335 512 148 586 200 578 439 523 290 583 373 590 348 374 392 283 618 193 58 139 360 322 478 344 512 623 448 311 340 378 192 261 326 367 498 529 359 206 632 539 382 485 495 429 529 175 203 636 165 468 460 447 413 469 465 611 452 457 300 206 287 321 464 255 233 105 481 501
864 1120 278 92 1157 873 409 708 817 805 131 899 998 326 705 954 646 330 763 1106 1060 812 310 852 576 915 701 470 0 564 707 914 437 836 887 902 941 470 260 879 450 796 956 976 640 650 798 681 404 795 438 70 99 926 432 280 1180 649 92 631 215 704 941 682 1092 456 641 789 145 105 350 744 64 498 687 1086 452 832 108 813 898 291 1122 849 438 802 1007 209 632 809 467 568 975 988 26 677 660 397 844 960 571 821 518 641 24 961 431 358 590 75 503 905 968 973 634 913 639 938 658 801 878 1088 997 824 787 578 744 927 60 139 940 697 175 920 707 662 688 228 700 709 227 868 421 847 736 884 876 485 79 722 491 400 983 471 830 403 918 377 731 355 933 687 1056 780 698 546 206 885 616 463 419 127 769 388 207 945 787 119 770 403 651 656 213 331 303 851 981 151 653 1074 819 843 683 950 391 854 509 434 1052 358 874 771 766 883 12 536 1034 772 611 764 670 315 287 735 478 470 382 540 950
299 948 565 651 980 723 258 715 261 688 574 990 877 440 400 928 951 705 679 970 782 673 282 1030 630 643 717 419 564 0 353 1110 689 308 552 1129 676 372 318 1019 120 283 735 974 330 977 252 648 319 399 375 495 653 1111 695 732 970 950 641 825 721 210 1063 400 796 355 327 333 660 668 333 594 527 259 178 902 838 292 620 541 847 614 943 730 644 240 785 467 668 1046 753 7 740 624 543 534 529 297 857 782 329 573 331 255 554 992 521 569 363 514 77 509 632 928 587 515 485 736 895 244 1150 926 887 312 1050 813 288 814 625 618 723 888 432 487 775 569 903 351 843 925 722 895 431 333 892 1047 788 220 622 507 596 698 717 560 269 242 982 769 167 220 983 791 732 422 227 794 396 1036 594 473 532 448 674 803 595 539 1038 630 481 162 797 444 470 658 677 901 610 565 396 948 272 541 900 597 769 940 253 598 987 309 844 875 259 653 555 851 958 866 864 612 448 260 628 883 165 187 463 865 580
421 598 552 769 629 389 301 456 336 371 647 725 539 420 60 619 812 677 380 624 431 349 410 804 430 290 463 292 707 353 0 884 589 268 206 917 322 262 462 775 358 225 384 670 68 848 297 385 305 91 292 644 763 879 599 744 617 810 749 646 774 189 805 79 448 267 67 137 736 807 358 281 648 210 217 552 776 293 709 189 535 594 592 405 535 364 432 520 441 851 651 359 388 295 681 245 250 310 572 435 143 224 198 99 708 699 408 505 140 690 326 199 290 612 339 207 213 387 726 334 962 577 552 232 869 662 128 483 760 688 373 692 533 217 536 298 719 488 630 738 766 611 340 248 677 811 470 233 783 183 445 623 363 420 371 313 705 730 355 396 699 567 389 78 158 656 501 795 360 341 428 581 370 770 624 239 852 714 130 398 597 153 520 618 658 628 284 627 102 606 307 188 718 261 720 679 200 486 659 348 541 634 206 303 702 740 628 622 711 294 146 422 611 665 270 264 394 757 253
1296 666 657 880 689 594 861 428 1213 557 784 200 553 713 826 394 295 588 525 605 817 587 899 81 481 777 421 690 914 1110 884 0 486 1152 865 59 770 738 907 120 1020 1108 705 355 848 314 1174 499 798 940 737 916 864 21 488 662 753 289 857 299 749 1053 136 805 858 755 852 1019 794 931 805 621 868 853 1069 675 496 1175 815 773 439 628 679 552 506 1233 716 772 450 117 447 1116 728 933 902 640 634 823 350 640 806 740 785 929 936 299 600 597 780 972 1037 959 884 425 547 964 672 674 256 1207 149 642 536 1116 157 339 1011 536 912 779 697 230 839 1021 349 585 229 897 267 207 732 319 685 1130 217 78 499 890 969 713 519 515 779 555 1246 881 243 555 1201 955 266 322 892 887 1024 370 851 98 531 638 594 886 538 563 709 986 145 807 798 1015 313 731 766 584 612 286 941 767 785 577 1187 815 233 905 536 225 861 537 473 826 411 250 1086 713 922 388 486 263 303 618 738 935 629 227 945 923 667 389 931
935 763 170 421 799 543 431 326 860 472 306 465 629 252 551 547 264 146 421 733 777 491 436 419 215 659 315 306 437 689 589 486 0 829 685 484 673 349 433 443 581 782 654 560 528 288 826 334 372 674 331 431 406 495 11 240 838 264 395 195 318 702 504 523 817 357 531 720 338 474 358 455 385 460 706 740 190 842 348 587 508 146 769 507 54 867 696 287 257 391 65 695 678 784 422 414 397 392 434 630 460 574 415 586 457 536 185 122 451 488 612 748 747 571 319 756 406 628 234 849 481 731 623 800 381 147 692 565 445 311 639 262 355 792 293 368 258 418 265 279 302 450 271 820 300 449 508 486 500 491 152 52 706 170 887 447 487 165 816 498 504 262 808 633 679 119 370 449 292 251 167 399 432 203 230 787 375 343 573 563 218 458 281 110 154 427 784 286 493 699 844 630 253 746 148 422 472 104 653 381 479 339 753 605 443 163 640 342 191 468 471 471 151 298 528 507 228 178 760
171 803 755 915 828 633 446 724 97 629 814 991 774 617 327 873 1067 892 643 843 594 604 527 1072 691 487 731 522 836 308 268 1152 829 0 374 1185 517 480 576 1043 395 47 594 926 310 1101 70 653 484 230 503 767 913 1147 837 944 798 1065 900 908 955 135 1072 347 593 476 307 137 904 941 525 543 788 379 149 756 1007 34 869 419 791 803 794 657 776 139 633 690 707 1117 892 309 589 402 812 513 518 475 836 659 370 458 414 242 830 959 644 728 386 798 343 288 429 863 606 291 481 608 987 106 1228 789 789 38 1133 918 142 727 895 858 588 957 678 237 803 566 982 609 896 1002 952 875 561 37 944 1079 723 370 903 446 695 855 548 666 128 444 970 951 182 483 962 834 519 281 151 909 641 1063 626 579 662 711 633 990 812 301 1117 877 372 446 862 421 691 836 869 894 386 798 368 831 61 393 981 389 945 946 366 725 900 506 801 902 77 526 828 987 869 890 968 554 414 521 819 932 360 372 611 1003 363
545 429 693 940 455 284 495 452 466 307 810 679 408 576 185 529 863 799 342 470 232 278 605 790 485 115 462 431 887 552 206 865 685 374 0 908 143 419 655 746 564 349 222 582 259 902 430 393 485 159 451 828 932 855 696 878 430 859 918 684 923 361 761 206 244 432 260 249 896 982 538 254 825 405 394 382 875 407 873 100 452 728 421 320 633 504 259 688 471 860 738 557 215 103 861 273 289 495 520 291 319 126 369 304 891 624 525 630 297 879 531 100 84 512 376 103 281 239 763 470 969 415 425 337 887 718 279 372 936 848 217 713 712 165 537 325 745 679 643 760 913 556 483 339 682 787 383 434 965 194 533 728 175 520 500 509 649 843 519 598 636 579 183 131 334 721 684 768 404 464 545 766 328 883 775 121 867 877 119 604 624 240 686 741 786 583 100 789 233 460 431 55 747 64 829 642 397 589 537 533 470 622 346 164 884 814 506 607 761 252 225 622 745 669 475 468 535 831 75
1325 724 653 863 747 643 876 465 1243 602 773 255 609 720 861 451 266 573 567 663 870 632 907 119 504 825 457 710 902 1129 917 59 484 1185 908 0 819 758 912 173 1035 1140 756 413 878 279 1204 534 814 977 754 908 847 80 484 641 811 262 840 306 728 1082 195 838 911 774 882 1053 777 912 816 662 859 874 1096 731 471 1207 800 815 492 621 736 600 509 1261 768 771 479 93 438 1135 779 980 892 675 668 838 399 692 833 783 808 958 925 357 613 600 808 962 1055 1002 931 482 579 1007 704 725 250 1236 90 699 592 1149 121 337 1043 589 896 765 747 241 838 1062 382 620 231 900 290 208 711 371 700 1165 242 130 549 910 953 750 534 507 829 570 1275 896 300 534 1226 965 323 351 943 925 1053 365 852 152 560 655 605 882 580 539 699 1030 116 792 837 1027 332 764 765 575 599 336 987 758 817 635 1218 858 234 951 517 276 883 544 532 838 462 288 1117 760 911 368 544 302 294 659 772 944 621 253 964 941 678 367 976
688 287 716 983 313 176 576 390 609 226 849 576 272 618 281 407 813 803 273 327 120 198 684 701 460 33 401 471 941 676 322 770 673 517 143 819 0 474 731 650 671 491 81 460 357 853 572 348 552 297 504 889 973 758 685 889 295 808 959 631 945 496 656 291 151 491 359 390 928 1029 603 219 877 492 527 240 857 550 912 140 338 743 278 219 625 646 116 734 430 782 718 681 72 167 916 272 289 568 420 154 399 121 440 421 949 507 540 643 369 944 645 238 118 386 354 238 303 105 707 612 888 272 290 480 814 677 416 247 985 883 81 648 770 301 470 307 683 751 576 695 933 453 521 482 609 693 272 528 1020 219 526 721 43 522 642 594 541 838 657 689 525 516 137 258 467 686 747 672 382 488 559 827 259 876 802 246 793 914 199 706 569 289 731 747 795 484 178 826 309 318 573 136 685 149 821 545 487 588 402 603 362 540 486 69 939 780 371 525 713 205 277 706 759 596 577 565 567 797 179
588 684 290 521 720 435 137 356 511 378 392 624 580 160 243 590 598 418 350 685 593 375 225 658 259 447 356 48 470 372 262 738 349 480 419 758 474 0 265 649 290 433 498 630 194 629 477 295 86 353 32 415 513 739 358 482 732 597 499 457 513 353 695 217 624 21 196 380 480 563 131 297 407 117 357 645 527 493 455 343 515 333 683 424 297 521 550 269 300 678 414 378 514 521 444 226 212 109 503 515 120 353 67 239 476 639 165 249 126 470 300 450 499 598 233 458 179 484 531 501 784 655 585 453 684 453 347 509 517 432 483 518 297 478 407 234 535 281 472 557 505 539 81 474 521 675 469 152 549 255 229 374 516 195 540 159 621 474 475 254 625 420 586 325 330 439 273 665 233 105 182 353 350 514 364 491 671 460 301 299 426 186 267 360 398 540 516 371 187 657 494 374 533 483 466 574 127 247 667 137 503 506 404 420 468 510 642 498 504 318 200 255 350 512 208 185 134 525 486
613 949 277 340 986 700 161 591 561 640 256 835 842 196 470 837 693 409 608 949 851 639 52 833 468 702 587 288 260 318 462 907 433 576 655 912 731 265 0 840 199 536 761 871 399 712 540 542 181 547 240 191 339 913 436 420 997 694 327 609 403 444 896 451 878 245 398 532 342 365 135 562 213 252 427 910 547 573 302 595 767 323 949 687 403 549 814 161 521 822 490 323 776 753 236 491 477 164 739 781 337 610 291 387 256 871 318 313 364 230 249 660 739 848 483 668 444 749 664 546 914 920 846 564 814 577 486 771 319 300 746 677 115 669 620 495 682 33 653 705 404 771 257 587 699 858 728 231 330 515 400 425 774 366 577 149 842 472 481 99 850 617 833 538 439 551 79 852 475 311 319 135 610 502 285 699 807 312 544 158 602 443 166 371 378 764 744 248 426 920 561 618 678 716 476 786 262 371 922 129 751 707 506 682 253 585 898 703 623 583 455 58 333 693 218 211 250 595 712
1191 554 609 857 579 474 777 319 1107 439 748 84 436 644 716 279 318 565 408 495 698 469 826 66 390 657 313 602 879 1019 775 120 443 1043 746 173 650 649 840 0 936 1000 584 245 743 348 1068 390 716 827 651 872 841 109 447 649 642 311 832 248 736 949 63 696 738 667 746 908 771 909 728 506 827 760 966 560 499 1067 787 656 319 588 566 432 450 1129 596 717 352 173 418 1026 608 813 864 530 525 741 230 520 706 622 690 826 900 191 525 540 678 930 949 842 764 311 443 847 565 554 239 1102 254 528 419 1006 218 305 902 416 885 750 577 183 784 904 245 477 201 834 187 187 718 199 604 1020 144 43 379 799 941 600 443 481 659 477 1140 799 130 544 1101 878 154 229 772 774 919 337 792 22 429 553 522 835 421 560 673 868 198 780 683 936 238 623 711 549 584 166 821 729 678 466 1080 698 207 786 523 105 767 472 366 748 290 144 979 593 886 383 376 155 285 501 629 863 593 148 856 834 593 390 812
415 927 448 535 961 688 159 645 367 644 454 914 841 329 390 873 844 588 626 940 785 633 162 941 546 639 645 335 450 120 358 1020 581 395 564 1035 671 290 199 936 0 360 720 916 313 868 350 582 221 425 285 380 536 1022 586 613 959 844 524 729 601 272 984 381 805 270 312 382 541 555 223 552 410 196 248 883 723 386 501 531 794 498 923 688 539 352 772 348 590 949 643 125 729 649 427 486 477 197 791 757 285 558 268 262 441 927 422 459 320 405 53 541 647 877 520 548 435 715 795 351 1050 901 849 390 950 711 334 774 510 498 707 794 312 533 696 511 806 231 755 829 602 828 335 413 804 960 742 154 512 477 501 586 713 465 380 139 911 652 282 101 914 706 747 435 277 690 276 951 522 383 431 331 623 685 475 576 939 511 472 51 707 407 351 542 559 830 637 445 368 916 371 541 803 617 653 864 195 495 942 200 787 794 332 637 441 741 914 787 761 572 414 141 510 795 96 113 359 755 605
201 777 709 874 803 598 402 681 119 591 770 949 742 571 285 836 1021 846 603 815 574 566 486 1028 646 460 688 475 796 283 225 1108 782 47 349 1140 491 433 536 1000 360 0 566 888 264 1054 82 610 438 197 456 727 871 1104 790 898 777 1019 858 862 911 92 1030 304 577 429 261 102 861 901 480 503 747 333 112 730 960 68 826 385 754 757 769 621 729 156 607 646 662 1072 845 284 562 387 772 470 475 430 796 629 323 424 367 195 791 920 597 681 339 760 309 271 411 827 562 275 436 577 941 122 1182 762 756 30 1087 872 98 692 855 814 558 912 636 228 759 523 936 568 852 956 907 835 514 52 899 1035 686 325 864 405 648 808 524 619 153 401 929 905 181 444 922 790 504 246 105 862 599 1020 581 532 615 670 593 943 767 289 1071 834 335 411 816 377 647 789 823 853 372 754 323 801 85 363 936 371 898 904 320 678 867 462 762 859 31 495 788 940 836 846 922 515 370 482 773 887 319 329 564 956 347
764 215 716 991 245 120 612 349 684 186 856 508 191 630 335 331 770 790 237 249 125 163 717 638 439 107 362 487 956 735 384 705 654 594 222 756 81 498 761 584 720 566 0 384 409 810 647 321 580 370 526 908 980 692 666 880 240 765 966 590 941 564 586 339 167 517 411 464 931 1039 629 213 892 533 595 168 832 627 918 194 267 738 209 164 610 721 53 747 402 724 693 741 25 245 931 279 296 599 356 74 439 163 474 480 965 433 540 639 407 965 698 318 197 309 341 319 320 31 662 687 828 196 209 557 759 641 487 173 996 887 16 599 789 382 424 300 635 778 528 645 928 386 535 560 556 627 206 572 1035 248 513 704 75 515 718 631 470 820 728 729 452 471 188 327 535 653 769 606 367 495 557 847 224 857 804 327 738 919 254 751 527 321 744 737 786 419 258 833 352 238 649 204 638 230 802 480 529 578 320 632 294 484 560 83 955 748 290 469 673 195 311 742 754 544 624 611 576 764 260
1089 311 699 976 334 299 767 281 1004 298 850 162 206 685 609 54 532 702 296 250 480 322 844 311 408 477 284 592 976 974 670 355 560 926 582 413 460 630 871 245 916 888 384 0 658 568 965 335 712 698 644 952 961 338 568 795 398 525 950 395 877 857 221 597 518 651 662 789 896 1029 741 390 917 722 881 322 677 955 901 510 135 695 324 269 543 1034 381 785 353 415 562 981 404 628 957 441 445 737 133 311 646 471 649 744 994 56 561 618 612 1013 915 683 578 76 397 686 490 356 431 1003 498 287 188 888 459 462 795 213 996 864 380 359 846 747 270 406 392 874 311 389 860 109 615 897 304 286 203 765 1048 487 489 609 457 515 1039 789 116 701 1021 882 91 298 564 645 826 489 842 264 399 561 567 903 303 728 779 700 438 897 554 929 347 536 779 669 713 135 639 828 589 222 973 544 398 608 680 168 726 542 122 756 131 233 873 418 980 565 131 225 466 376 536 878 705 296 824 804 626 577 637
448 620 484 701 652 393 238 425 365 364 579 699 547 352 77 609 759 611 363 639 472 346 347 768 381 325 430 226 640 330 68 848 528 310 259 878 357 194 399 743 313 264 409 658 0 793 326 353 238 160 224 578 695 845 538 676 647 756 681 597 705 206 778 70 493 199 4 192 668 739 290 270 580 147 225 574 713 330 640 218 527 527 615 403 474 386 460 452 400 808 591 336 417 354 614 220 220 243 551 452 74 246 129 86 642 683 345 440 77 626 289 265 343 606 301 273 178 407 677 359 919 596 558 277 823 609 168 485 693 620 396 648 466 286 499 267 672 424 589 692 698 591 273 296 636 777 464 175 717 178 388 560 400 361 398 251 683 665 364 340 679 528 440 141 176 601 435 762 318 278 364 515 355 705 556 305 807 646 159 349 552 124 451 552 591 604 345 559 69 618 339 229 671 318 656 651 138 425 660 282 528 600 240 326 635 682 631 588 659 287 122 363 544 625 220 210 327 699 313
