NAME : X-n294-k50_SARP
COMMENT : Curated from VRPLIB to SARP
TYPE : SARP
DIMENSION : 293
EDGE_WEIGHT_TYPE : EXPLICIT
EDGE_WEIGHT_FORMAT : FULL_MATRIX
EDGE_WEIGHT_SECTION
0 490 309 376 417 494 544 659 492 490 395 363 284 605 309 235 412 318 289 631 526 477 312 507 226 327 459 86 333 397 123 150 346 658 408 478 411 294 311 245 134 539 431 99 513 397 201 437 248 421 468 423 418 389 411 351 599 382 356 123 439 389 310 603 137 519 220 639 502 430 372 260 275 502 414 435 365 449 212 542 269 184 562 390 507 557 487 470 505 303 472 226 525 621 337 426 449 62 33 403 41 87 509 551 483 370 407 316 425 394 338 545 372 495 616 432 523 401 428 685 331 409 147 516 298 382 503 147 89 194 278 414 348 367 466 264 516 123 339 539 361 349 157 482 528 486 471 398 615 547 437 499 408 439 487 450 471 512 435 361 144 458 337 406 370 141 93 380 428 255 356 490 378 427 189 611 555 541 503 613 396 306 353 173 457 54 390 338 132 493 494 153 423 473 87 635 369 459 591 651 223 230 320 353 466 583 236 522 227 619 410 330 82 55 333 238 139 517 432 471 361 262 350 171 63 467 186 645 389 420 457 429 540 255 441 221 384 485 393 461 157 501 286 452 419 355 547 500 346 409 85 581 414 294 346 240 496 361 338 319 173 394 407 494 256 558 405 354 378 378 608 440 441 515 297 362 549 289 522 619 505 220 493 159 8 590 355 461 325 347 513 448 325
490 0 515 180 597 290 1033 819 721 856 294 449 526 765 726 256 113 779 396 1118 62 111 670 238 667 197 242 420 766 264 393 513 333 169 805 524 418 765 330 613 523 723 551 443 595 555 314 292 520 148 311 135 628 771 900 144 849 164 846 368 848 303 650 1088 399 768 618 826 955 853 780 385 744 819 866 821 767 181 277 1028 388 663 851 315 971 86 919 20 436 672 922 535 76 818 824 156 545 427 487 815 513 524 990 758 886 290 691 388 763 725 611 149 694 979 737 921 855 486 703 196 720 111 630 1002 779 394 965 349 413 535 265 900 781 788 894 679 636 581 652 822 538 429 624 18 135 668 842 793 1104 860 901 830 818 861 147 131 869 818 434 655 634 545 544 177 490 554 568 724 534 596 834 91 810 78 330 785 119 1017 847 132 815 225 628 551 80 498 553 192 426 752 831 488 363 796 469 808 819 931 130 834 712 419 797 608 78 730 311 256 263 1108 837 816 505 535 231 611 565 1001 716 523 134 477 553 546 466 939 425 807 836 153 932 910 107 241 527 521 166 642 101 714 538 762 304 483 906 811 1026 961 432 766 412 824 869 776 155 698 168 483 785 170 339 871 719 752 263 726 162 307 164 112 731 910 90 255 785 700 642 764 1000 1108 750 363 698 492 487 1080 692 752 776 825 1002 613 715
309 515 0 337 714 338 662 963 799 350 252 103 35 308 602 326 503 580 119 795 573 567 620 384 517 322 337 253 616 578 370 457 566 651 319 184 171 380 533 554 190 247 124 384 795 88 250 284 548 536 299 531 720 281 576 387 346 505 526 321 365 241 160 784 212 828 197 945 502 710 664 133 360 304 424 732 661 371 336 722 129 331 338 232 743 601 447 497 739 610 729 531 582 339 479 546 729 299 341 340 283 240 713 857 396 567 717 564 253 702 99 636 681 687 912 583 828 115 188 670 246 497 408 622 528 624 525 275 343 502 455 607 332 325 741 243 207 421 648 309 653 110 291 499 471 189 339 307 745 345 681 805 340 387 595 554 761 303 683 143 380 154 34 539 80 207 288 221 708 565 584 461 355 493 240 915 512 751 807 595 681 457 114 169 444 363 81 325 194 242 800 454 645 282 386 344 383 513 644 364 436 500 557 658 539 882 223 387 326 764 689 462 233 292 495 168 221 607 741 741 394 54 46 480 361 692 461 350 656 374 521 519 609 319 140 524 351 782 422 769 175 252 493 172 541 384 749 741 105 264 271 890 671 523 370 515 418 637 352 395 247 474 716 803 273 261 529 561 351 436 302 672 430 381 452 198 240 387 733 760 244 461 797 461 302 727 664 237 350 575 673 744 242
376 180 337 0 611 166 900 856 727 682 123 270 350 589 658 159 202 690 217 1002 240 253 624 147 586 52 113 293 692 335 316 448 370 319 636 352 243 621 350 559 373 544 372 363 644 375 176 137 489 246 167 235 634 601 778 90 669 229 723 271 681 130 478 977 256 770 458 853 797 786 718 211 600 641 710 771 708 76 190 915 212 527 671 142 881 266 755 163 521 622 842 493 251 640 693 256 584 317 385 649 388 386 885 775 717 344 675 405 587 693 434 315 664 869 783 796 829 308 524 340 553 196 523 866 674 439 811 230 321 482 260 787 621 625 825 520 460 488 622 642 546 249 485 163 156 489 669 624 977 681 811 803 652 696 287 252 815 639 492 478 517 369 365 261 310 405 437 550 567 551 731 129 650 178 190 815 189 916 816 264 750 232 450 394 108 401 373 41 279 572 802 428 430 618 385 631 664 783 310 656 595 395 696 596 219 766 153 167 167 985 768 683 367 410 263 447 418 861 702 574 88 302 373 482 373 842 382 631 756 45 786 769 281 133 351 480 14 669 102 711 383 582 310 311 772 658 922 874 252 593 291 831 785 670 73 609 121 502 629 132 204 727 694 750 120 548 247 351 17 132 557 815 93 161 656 527 469 622 898 984 570 336 712 433 371 954 656 573 622 723 881 634 548
417 597 714 611 0 775 760 252 124 888 700 741 694 1019 308 466 484 411 657 761 589 508 212 756 331 564 723 461 352 340 348 270 264 737 799 860 769 629 269 227 552 954 829 331 120 801 508 732 170 452 766 464 38 788 617 531 1016 433 582 402 819 699 725 715 506 173 630 243 833 387 319 625 620 914 758 314 303 681 437 674 635 538 976 706 549 611 844 586 253 227 479 196 575 1037 604 447 89 415 384 785 455 503 615 164 864 309 133 211 836 197 755 538 175 626 198 646 288 785 846 766 733 486 415 752 472 209 817 456 372 229 353 577 722 748 421 662 920 353 155 954 66 722 537 602 709 899 869 791 795 958 495 266 792 811 487 477 363 925 195 778 450 849 745 423 761 556 486 792 82 197 493 658 749 520 508 207 711 621 291 721 356 388 770 590 622 366 794 574 520 910 273 265 258 884 332 1051 723 760 617 1067 482 225 466 89 527 168 553 777 459 779 382 610 500 458 369 653 551 770 147 135 538 662 758 261 358 550 257 1059 417 638 751 709 567 491 830 198 610 68 551 125 574 918 304 825 670 704 640 534 721 816 444 227 454 473 542 373 710 114 701 483 493 695 174 160 532 972 436 290 600 515 1016 520 614 772 572 776 949 618 610 785 923 280 102 258 424 770 190 877 686 490 685 30 727
494 290 338 166 775 0 977 1021 889 682 101 239 364 507 795 313 354 812 242 1095 349 390 772 60 717 211 54 408 824 497 462 592 536 361 657 263 178 691 516 705 449 478 314 505 810 335 299 59 645 399 39 386 796 619 869 254 616 389 816 411 703 110 497 1075 359 931 511 1018 837 921 857 258 669 621 756 914 848 113 344 1013 252 612 635 113 998 365 784 281 683 768 967 646 365 567 777 409 750 443 511 677 495 479 990 938 732 508 832 570 585 845 433 439 817 970 949 883 981 256 502 371 582 348 637 939 784 605 858 360 460 630 425 888 664 660 958 567 380 615 776 607 709 228 569 272 178 431 672 645 1058 655 930 955 677 724 427 398 956 614 658 475 624 295 355 419 277 480 533 557 733 700 843 201 689 322 309 980 219 1025 966 304 885 398 445 457 212 531 336 201 373 535 954 575 594 604 524 550 712 840 407 577 698 556 809 755 354 931 259 53 320 1071 901 764 461 515 428 490 495 928 859 740 251 327 357 625 507 955 538 546 883 153 846 837 397 286 283 633 171 834 253 871 451 544 476 227 850 711 1028 993 233 599 412 992 908 780 239 734 126 667 680 298 326 793 848 910 254 474 403 516 179 289 464 930 208 49 744 534 376 695 1006 1068 527 497 875 581 488 1036 807 550 675 834 972 798 578
544 1033 662 900 760 977 0 896 740 460 877 762 628 789 453 777 956 349 735 158 1071 1019 549 1008 441 857 957 614 412 915 655 578 846 1200 401 832 831 286 816 544 531 734 758 611 880 716 728 917 647 961 941 964 733 433 147 891 677 923 194 667 370 867 515 177 644 729 469 857 238 420 459 720 307 548 262 502 472 966 756 146 725 373 608 863 288 1102 307 1013 965 533 345 613 1069 753 208 965 838 606 552 369 520 514 197 789 382 883 652 795 507 588 594 1085 597 165 907 119 615 775 597 1226 434 952 416 42 294 853 199 684 627 587 811 184 341 361 410 418 788 479 606 609 743 764 415 1024 1056 717 450 408 84 566 296 610 374 340 1026 990 480 568 889 569 403 793 661 943 740 500 466 499 821 576 267 1024 330 971 712 854 1088 226 589 1153 432 844 593 520 993 546 710 866 622 629 599 602 908 534 586 789 290 168 1135 785 328 707 295 672 1010 865 748 1018 769 111 411 218 534 498 866 494 485 69 657 879 902 654 667 558 580 248 672 805 362 946 153 143 1084 794 787 622 911 807 934 702 526 629 805 831 128 282 205 301 759 475 621 763 331 294 884 397 1016 783 315 863 700 188 616 708 784 759 944 863 906 922 828 266 977 1011 247 509 828 282 219 103 651 730 765 603 546 71 577 581 314 270 92 784 435
659 819 963 856 252 1021 896 0 174 1106 950 993 941 1264 465 716 709 563 909 854 801 719 387 999 522 811 969 710 495 555 600 509 493 941 1015 1111 1022 830 507 435 793 1199 1079 579 225 1050 760 981 414 671 1015 685 243 1010 767 772 1252 660 746 654 1029 949 961 805 757 169 863 43 1017 479 441 877 824 1142 953 395 429 923 688 780 887 753 1207 957 634 817 1041 812 404 403 564 434 784 1279 781 664 276 664 626 997 694 742 718 115 1072 531 269 451 1065 320 997 733 322 740 89 795 293 1037 1084 968 958 713 627 900 638 427 995 709 622 465 596 716 933 961 496 887 1169 576 337 1187 318 974 760 827 941 1145 1087 1009 911 1185 603 291 1004 1016 691 691 425 1155 386 1017 664 1101 993 643 1012 794 718 1022 290 413 639 890 956 746 760 49 938 710 315 935 465 627 1012 829 856 606 1043 821 770 1148 302 509 458 1113 577 1294 925 936 814 1310 677 477 622 307 744 90 806 1020 710 886 485 792 741 694 603 888 786 923 254 298 778 911 1006 492 603 656 508 1304 535 880 924 880 770 741 1082 439 854 188 788 211 815 1155 546 1078 833 905 733 618 973 1042 694 138 566 641 785 556 948 354 908 725 746 876 293 193 783 1217 658 517 844 750 1264 633 849 1015 756 1008 1199 817 705 894 1162 531 167 502 666 887 344 1112 893 639 810 225 952
492 721 799 727 124 889 740 174 0 932 809 836 775 1097 296 577 607 398 754 715 714 632 213 874 348 679 839 549 330 465 445 342 388 862 841 955 870 657 392 261 624 1031 918 419 190 887 612 844 254 576 878 589 94 836 605 650 1079 557 580 500 855 808 789 667 598 49 690 148 847 333 281 722 651 969 780 250 268 799 547 635 732 579 1034 814 496 735 868 710 362 229 424 268 700 1109 612 572 197 503 459 823 525 573 573 60 898 433 96 334 891 153 828 661 150 590 167 633 185 879 913 890 784 610 453 739 470 333 826 556 464 298 473 557 759 787 359 713 1006 403 163 1014 184 819 587 726 831 978 913 835 762 1011 454 169 830 843 611 601 292 982 313 846 490 941 828 547 852 623 545 849 199 240 476 780 782 644 609 126 834 571 196 846 311 509 842 660 744 438 880 689 608 977 178 346 380 940 413 1126 751 768 741 1140 504 334 456 142 651 125 657 894 570 741 335 621 573 523 492 716 615 761 84 239 657 749 841 322 438 508 357 1136 380 756 756 712 691 603 923 276 727 103 672 39 645 984 425 923 668 732 593 480 817 868 534 104 414 473 660 384 830 238 734 602 594 706 125 45 641 1050 560 415 718 636 1099 482 735 889 585 835 1038 644 564 749 991 393 33 338 499 738 172 940 719 476 657 115 778
490 856 350 682 888 682 460 1106 932 0 602 443 332 339 657 634 826 583 466 617 912 893 721 732 587 660 686 495 645 865 604 622 829 999 92 458 505 290 793 672 372 295 384 588 994 352 558 632 723 852 642 849 879 101 455 720 217 816 432 576 95 591 208 628 485 945 272 1077 229 715 704 472 289 92 207 772 709 721 631 578 471 353 148 581 667 941 157 837 994 706 688 693 918 296 377 861 933 524 520 115 449 405 599 992 79 844 837 805 97 796 251 964 787 565 1080 444 890 430 187 1019 159 821 480 419 505 870 266 553 569 659 738 510 178 149 730 227 374 535 769 150 840 456 351 841 821 297 19 97 539 107 630 872 108 123 916 875 779 112 925 208 443 415 328 848 405 353 406 132 912 697 539 809 163 823 543 1058 861 639 863 943 702 753 238 333 790 533 349 665 457 188 864 633 907 89 575 333 206 293 983 326 438 720 532 809 869 1042 548 733 630 570 697 360 417 439 788 262 352 391 855 959 728 381 325 627 553 612 676 349 647 721 309 337 943 635 418 693 696 953 759 895 350 184 761 474 386 225 626 673 451 90 513 999 641 501 704 559 768 848 208 716 542 304 819 919 599 318 841 832 695 766 385 608 774 728 381 156 409 304 624 562 208 705 943 639 485 531 765 147 222 533 516 918 165
395 294 252 123 700 101 877 950 809 602 0 164 275 471 699 234 326 713 146 994 356 376 681 134 619 148 85 309 726 451 373 500 477 406 569 230 123 592 452 613 348 431 259 413 746 270 205 42 560 368 73 358 718 532 769 209 562 349 715 320 615 11 408 974 259 849 414 943 745 823 761 158 570 550 662 820 753 124 263 912 153 511 572 22 898 379 695 280 636 676 867 558 369 525 677 379 683 346 413 587 394 377 889 861 647 456 747 503 505 756 351 436 728 869 881 783 892 195 430 423 491 319 537 840 683 544 764 266 366 540 360 787 570 568 860 472 342 517 688 543 634 148 468 276 221 378 591 557 958 587 830 866 588 634 411 375 860 545 601 395 523 251 275 383 206 379 432 473 665 610 742 221 596 301 213 906 264 924 876 349 788 340 364 357 215 434 269 141 272 471 864 485 543 530 430 514 617 743 423 540 597 476 709 672 342 861 162 141 240 971 804 664 360 414 374 395 394 830 774 679 210 233 279 533 412 854 454 513 784 141 749 739 399 209 234 546 135 761 225 789 351 481 410 189 751 615 927 892 152 516 315 912 809 679 191 635 167 597 584 244 230 695 761 827 168 433 369 460 141 255 437 829 204 135 643 450 348 596 905 968 466 419 798 491 389 936 717 479 579 733 871 725 487
363 449 103 270 741 239 762 993 836 443 164 0 134 324 668 307 458 658 85 893 510 517 673 289 584 270 246 289 687 556 393 500 560 571 420 119 69 479 529 605 265 275 105 418 809 106 240 190 582 496 200 488 752 381 671 337 400 469 621 339 466 154 262 880 238 870 295 979 604 783 731 116 458 386 527 796 726 288 325 818 107 420 407 143 829 535 548 433 730 665 810 570 521 371 575 506 744 335 391 441 345 310 805 893 494 551 760 569 346 754 194 582 730 780 934 681 885 46 266 587 348 451 482 723 613 623 628 285 373 544 443 700 435 427 816 345 199 483 694 378 676 22 378 432 386 219 433 408 846 422 765 861 441 488 548 509 829 380 682 236 458 113 116 503 41 289 363 318 724 612 670 384 457 441 236 946 428 843 866 513 752 435 206 256 373 413 105 269 232 307 857 492 635 367 426 365 485 615 579 390 521 518 641 695 485 908 200 290 309 864 763 560 298 359 474 268 305 709 786 749 342 114 118 527 403 780 484 367 733 299 623 620 550 291 93 561 284 807 366 809 257 317 487 89 641 487 842 826 21 360 303 933 751 608 319 588 331 652 454 357 249 575 765 845 242 281 492 550 286 387 300 759 360 285 547 296 218 486 824 859 303 470 831 499 355 827 715 315 452 661 770 769 345
284 526 35 350 694 364 628 941 775 332 275 134 0 325 572 324 507 547 134 761 583 572 592 408 486 331 360 234 584 573 353 433 557 667 294 218 203 346 522 527 159 262 155 363 778 116 246 309 526 538 326 533 698 257 541 394 349 505 492 307 340 264 133 750 198 803 163 922 473 678 633 141 326 295 394 701 630 390 330 688 139 296 334 256 708 612 420 508 729 581 696 507 591 350 444 548 712 279 316 313 255 211 678 834 372 560 691 551 237 675 86 642 654 652 892 549 799 150 184 687 217 501 376 589 494 612 495 264 324 477 448 573 302 296 708 210 233 392 622 306 633 139 257 511 490 205 319 282 712 337 647 776 313 360 598 558 729 295 671 129 348 187 53 539 114 174 256 201 691 539 550 477 325 500 235 892 530 717 778 612 650 453 103 136 458 337 109 335 177 242 771 431 636 270 363 359 351 481 654 377 402 483 523 635 546 861 225 413 323 730 657 428 205 262 491 134 188 574 715 726 401 50 66 454 338 657 443 367 623 389 489 486 617 319 174 501 364 762 431 744 143 252 484 207 507 352 714 707 134 243 252 865 637 489 378 483 438 620 320 398 239 441 689 778 276 278 530 553 364 442 324 638 443 407 418 177 268 353 698 726 248 447 775 438 276 693 636 230 318 541 639 723 214
605 765 308 589 1019 507 789 1264 1097 339 471 324 325 0 871 624 781 826 400 943 826 839 906 566 788 593 536 559 874 876 678 755 872 866 388 245 347 558 839 843 473 67 219 688 1103 229 551 480 851 820 472 812 1022 360 754 661 148 792 718 629 420 462 327 947 520 1123 424 1244 566 961 929 426 546 246 527 999 929 591 638 892 418 564 206 449 955 850 494 750 1044 893 959 831 839 68 662 830 1037 604 638 420 572 525 902 1156 418 868 1010 872 283 988 271 904 970 869 1217 751 1106 281 206 878 377 775 673 747 758 931 602 582 649 800 758 802 460 434 986 430 129 703 940 191 959 346 537 747 680 120 344 382 871 247 904 1084 415 450 871 833 1019 227 990 262 639 220 276 827 287 477 559 302 1016 858 806 690 462 763 543 1216 723 942 1082 809 939 755 258 439 686 659 234 592 501 160 1077 756 949 256 688 43 507 621 894 70 672 808 788 958 807 1186 517 558 625 900 941 644 524 576 793 393 488 722 1033 1049 665 362 262 775 662 900 768 43 899 612 635 654 869 612 238 825 602 1087 688 1065 453 160 798 284 696 520 933 957 344 315 578 1183 904 753 642 775 625 945 492 680 552 614 1004 1097 563 47 815 865 606 711 55 888 675 555 651 301 132 571 925 892 138 769 1098 763 598 860 951 209 500 798 832 1049 379
309 726 602 658 308 795 453 465 296 657 699 668 572 871 0 501 622 104 598 458 743 673 97 800 85 607 754 392 47 530 343 214 449 890 566 780 720 371 429 117 413 804 726 295 428 688 496 740 227 610 772 619 281 567 312 608 828 577 284 387 574 693 546 415 444 297 448 430 552 129 63 568 369 707 490 129 58 734 471 368 578 314 774 696 261 772 578 709 531 82 201 200 736 871 316 611 390 353 286 544 324 362 312 352 615 494 203 389 631 145 602 727 147 319 461 340 236 704 672 919 521 622 199 447 174 435 531 435 338 192 463 269 480 509 169 454 802 186 154 758 300 656 335 723 799 758 639 562 487 746 197 216 551 558 667 640 162 722 458 610 233 756 624 585 671 400 316 594 374 144 185 753 500 650 486 418 817 324 211 857 91 503 614 439 717 265 681 618 440 733 208 238 493 679 273 894 465 472 794 903 219 318 161 221 677 419 537 817 492 472 112 327 371 311 509 478 387 467 213 432 618 561 637 180 288 248 302 906 120 699 460 416 740 526 740 214 664 355 644 258 429 738 435 757 372 445 341 248 653 605 384 345 158 176 610 99 777 348 452 565 469 411 172 272 545 827 592 472 656 618 884 218 703 811 292 584 839 358 311 478 750 366 317 234 316 462 126 690 437 183 377 331 517
235 256 326 159 466 313 777 716 577 634 234 307 324 624 501 0 195 538 225 865 298 262 465 305 431 107 265 165 536 252 158 289 254 423 571 418 316 511 225 400 276 568 409 206 515 395 78 267 333 218 301 216 485 540 646 116 672 183 591 118 611 233 426 837 152 618 376 709 706 629 560 199 490 614 617 612 549 235 31 776 206 407 658 242 730 329 676 236 423 463 688 335 299 663 568 227 451 173 237 576 257 270 741 627 652 245 520 271 547 535 408 333 506 728 648 666 671 353 507 450 485 190 379 746 529 319 714 93 167 323 136 648 536 546 669 436 504 336 464 630 400 285 370 247 300 510 617 559 849 658 660 645 580 620 283 242 656 616 378 448 379 420 360 216 339 305 312 504 433 392 586 258 566 200 91 672 323 771 657 378 592 131 426 309 223 251 391 119 180 566 644 269 328 587 229 663 570 677 366 686 458 243 549 442 243 627 108 324 9 854 611 560 251 279 169 375 314 745 546 450 126 276 372 323 220 695 225 668 602 198 678 655 319 27 400 322 163 527 158 558 293 576 183 380 650 560 778 722 286 544 156 680 632 526 112 457 277 363 536 89 92 616 537 597 69 579 208 243 155 146 605 666 208 318 529 481 525 509 753 853 570 185 564 274 232 825 497 553 526 577 748 491 480
412 113 503 202 484 354 956 709 607 826 326 458 507 781 622 195 0 682 389 1031 121 67 562 313 569 188 301 355 664 155 303 412 220 269 765 551 442 700 217 508 471 732 563 351 486 559 269 338 410 45 364 33 514 734 818 121 848 50 765 290 806 332 618 998 347 655 571 714 900 749 674 370 680 801 810 713 661 242 206 939 375 593 841 344 873 151 871 103 336 565 821 428 115 828 749 55 434 352 404 771 442 462 898 645 847 178 578 274 737 614 593 139 583 890 628 841 743 500 690 298 680 7 544 928 690 282 906 285 328 431 159 812 730 741 789 631 655 489 541 812 425 436 559 119 234 675 811 753 1023 844 804 718 775 815 92 51 762 802 325 635 553 565 535 68 496 499 498 696 422 489 742 183 760 38 284 673 229 923 736 242 711 119 610 504 153 412 555 190 375 745 720 387 255 775 377 823 763 867 179 847 630 310 705 496 55 619 282 334 200 1024 734 742 443 463 119 570 508 929 603 413 117 457 546 444 378 845 320 825 736 201 866 840 128 191 545 414 192 530 102 600 488 755 193 510 831 753 934 863 438 736 343 711 770 687 140 603 251 369 730 110 287 804 607 639 231 739 53 194 185 72 754 815 150 331 709 672 667 697 906 1025 746 257 585 390 411 998 582 737 719 734 918 500 674
318 779 580 690 411 812 349 563 398 583 713 658 547 826 104 538 682 0 596 365 803 738 200 825 114 639 777 405 69 607 386 271 529 946 492 763 716 293 505 203 393 760 702 336 532 662 518 754 313 676 785 683 384 499 208 651 767 640 183 420 494 706 499 325 453 394 405 527 457 136 126 570 296 641 401 190 135 765 510 273 578 262 709 706 193 833 489 761 626 184 155 281 797 818 222 678 491 374 305 468 320 348 222 451 533 571 306 472 569 245 563 796 250 223 564 237 310 689 622 975 460 681 178 343 79 523 433 460 371 263 525 166 405 435 162 398 770 202 257 696 398 649 294 774 838 718 565 490 387 678 122 295 475 475 736 706 197 658 551 564 200 734 597 653 655 373 295 535 474 235 81 795 421 706 506 518 860 242 283 908 119 563 572 411 760 288 654 650 443 678 286 296 580 615 311 844 382 374 858 851 154 392 59 323 737 522 555 840 530 374 116 235 362 302 575 437 359 364 314 533 661 546 609 241 318 163 367 857 76 733 361 317 805 562 720 293 697 459 690 359 405 683 504 745 270 362 255 184 645 540 402 438 96 83 650 81 810 443 374 612 490 316 273 370 572 783 658 550 690 668 845 133 745 834 204 530 808 279 226 379 698 431 420 295 324 361 230 633 361 79 275 435 456
289 396 119 217 657 242 735 909 754 466 146 85 134 400 598 225 389 596 0 856 454 451 596 279 514 204 230 210 619 476 309 420 476 533 427 203 122 449 445 528 212 346 184 337 724 172 156 184 499 424 207 417 668 390 631 270 459 394 578 255 472 135 266 839 158 788 269 895 599 716 661 32 427 424 516 724 654 256 241 776 22 375 456 129 774 482 551 378 647 588 750 488 463 441 538 434 659 256 315 443 277 250 758 809 506 470 680 484 371 676 217 519 651 735 850 644 809 131 307 553 347 382 418 697 557 539 618 200 290 464 360 654 425 423 751 326 280 411 614 427 592 66 331 380 356 288 454 414 816 464 708 784 445 490 480 440 760 422 598 261 399 197 149 429 114 241 304 335 639 532 616 342 450 376 151 862 396 794 790 477 684 355 232 215 325 337 168 206 157 358 780 411 552 401 347 440 472 598 525 463 468 433 585 612 422 824 117 287 227 831 696 523 235 294 394 249 256 686 705 664 277 89 158 449 324 727 400 443 670 255 604 595 491 212 178 479 232 723 304 728 211 368 403 170 609 469 795 770 64 378 223 851 691 553 253 522 305 567 439 283 164 551 686 764 163 355 418 467 232 320 381 704 310 280 505 311 302 453 775 827 358 385 747 418 282 795 637 356 433 607 733 685 342
631 1118 795 1002 761 1095 158 854 715 617 994 893 761 943 458 865 1031 365 856 0 1150 1090 553 1120 475 955 1070 709 412 969 728 629 893 1287 555 972 960 415 867 568 645 887 898 680 878 856 827 1035 678 1029 1061 1035 729 585 225 981 834 993 280 750 526 985 657 49 747 694 598 812 395 382 442 837 435 705 416 465 458 1072 841 92 843 482 765 982 220 1180 465 1099 989 539 291 646 1146 910 318 1032 845 693 631 523 614 619 146 757 540 934 638 836 660 571 736 1152 587 143 880 212 562 910 747 1314 580 1028 488 199 341 888 356 777 705 627 878 218 489 511 359 555 936 542 607 765 758 892 526 1111 1157 866 606 561 92 723 266 563 528 496 1092 1060 429 725 915 714 486 934 798 1008 875 615 566 649 831 598 292 1120 482 1051 812 817 1185 144 539 1243 407 914 736 641 1087 620 850 965 728 783 552 654 945 689 654 945 438 324 1209 941 408 754 328 676 1086 838 853 1132 857 54 382 334 638 592 930 627 600 227 637 889 992 781 806 602 653 211 726 961 344 1047 309 290 1157 886 926 658 1012 797 1023 680 645 783 863 967 255 428 122 236 887 628 713 716 306 344 976 435 1121 805 460 948 798 332 598 677 883 912 1012 913 1006 1006 980 241 1071 1126 351 657 975 408 152 65 805 788 744 654 634 89 570 734 456 299 123 780 580
526 62 573 240 589 349 1071 801 714 912 356 510 583 826 743 298 121 803 454 1150 0 82 681 295 690 252 303 463 785 250 422 534 327 150 858 585 479 809 331 629 571 784 612 470 576 616 362 353 529 139 371 128 622 824 935 193 909 167 882 404 900 365 704 1118 446 762 668 810 1003 870 795 442 788 877 913 832 781 242 315 1059 445 704 910 377 994 31 969 77 407 685 942 548 19 879 863 143 530 465 521 867 553 568 1018 747 939 281 692 386 819 731 669 94 700 1009 716 957 858 547 761 179 773 122 662 1042 809 382 1011 391 445 552 280 931 830 838 910 729 697 609 658 881 534 489 667 80 185 729 897 845 1140 918 925 833 870 912 111 113 881 876 415 712 669 606 603 168 551 601 609 780 522 609 862 148 860 100 378 769 158 1044 852 134 832 241 685 601 141 530 613 249 473 811 835 509 343 853 497 869 866 975 71 895 747 429 825 610 67 712 364 313 304 1142 855 855 549 574 237 663 611 1041 716 503 184 533 612 566 497 966 441 869 857 215 976 952 48 286 589 534 226 629 153 710 586 821 312 545 945 857 1054 984 492 822 452 816 892 806 207 724 225 476 833 209 385 914 722 748 315 787 157 300 224 152 792 936 152 312 823 756 703 807 1027 1143 810 378 689 511 525 1115 699 810 823 854 1036 603 767
477 111 567 253 508 390 1019 719 632 893 376 517 572 839 673 262 67 738 451 1090 82 0 606 342 624 248 339 422 716 168 364 467 246 230 832 605 496 766 253 557 538 792 621 411 494 619 335 382 454 62 405 55 541 801 880 180 910 98 827 355 873 383 685 1056 414 680 638 728 966 797 722 434 746 866 877 756 708 278 272 998 438 659 905 395 927 104 938 112 328 611 873 475 68 887 812 63 448 417 467 838 507 528 955 665 914 199 612 306 804 653 658 71 623 948 635 903 778 558 754 259 747 72 606 992 749 300 972 352 391 481 213 872 797 808 838 698 711 549 581 876 453 495 625 125 245 735 877 820 1085 909 858 753 842 882 37 33 806 867 333 700 616 621 599 89 556 566 563 762 439 535 800 199 827 76 351 687 228 979 773 216 759 176 675 571 178 473 616 248 442 808 756 441 261 841 437 881 830 933 121 906 692 356 763 530 35 630 347 362 267 1085 783 806 509 528 164 637 575 994 636 422 175 522 608 498 440 901 372 882 788 241 932 905 67 258 602 461 241 547 152 629 555 818 238 563 895 819 991 916 497 803 409 734 824 746 198 660 275 395 797 177 354 869 644 666 296 797 80 219 235 131 809 871 182 360 773 739 722 763 963 1087 809 308 607 443 476 1060 623 802 786 792 979 521 742
312 670 620 624 212 772 549 387 213 721 681 673 592 906 97 465 562 200 596 553 681 606 0 770 135 573 727 386 141 455 310 180 372 830 629 790 718 443 356 68 435 839 743 268 332 708 475 720 152 544 753 554 185 626 406 564 876 514 374 361 643 676 588 509 438 225 488 356 636 197 121 565 438 761 567 151 105 700 434 464 575 369 828 680 349 708 655 654 438 16 283 135 671 912 402 543 293 341 283 611 338 383 407 272 685 418 118 310 684 82 635 655 66 415 373 435 213 713 714 859 576 562 243 542 264 349 617 414 314 142 404 365 546 574 236 505 825 203 58 809 205 659 380 669 755 789 702 624 584 803 289 188 618 630 597 574 200 776 366 649 280 770 645 517 682 428 347 644 278 74 281 707 569 592 468 339 769 416 195 801 160 445 648 467 670 261 700 584 441 776 184 197 407 733 252 931 538 559 726 944 290 252 255 124 614 332 519 788 457 569 186 410 387 331 445 517 418 561 135 336 573 574 658 149 273 342 247 943 210 662 548 505 673 492 753 149 628 261 596 175 454 783 369 762 463 518 435 335 656 660 374 281 249 265 568 171 740 257 521 518 451 495 100 199 518 860 526 396 619 566 913 312 657 782 373 632 860 430 404 574 792 307 229 191 320 558 45 737 506 278 474 235 570
507 238 384 147 756 60 1008 999 874 732 134 289 408 566 800 305 313 825 279 1120 295 342 770 0 725 198 51 421 832 462 461 592 509 300 702 322 233 723 492 704 477 537 370 506 783 389 307 100 636 358 95 345 780 664 895 227 674 352 841 413 748 145 541 1099 376 917 547 998 879 927 861 289 701 675 796 916 851 76 336 1036 285 639 691 152 1014 309 828 231 647 767 978 640 312 627 805 368 725 452 520 721 513 501 1011 920 779 477 823 548 635 840 481 387 811 992 923 910 976 311 555 311 625 307 653 971 802 577 898 366 463 627 403 910 704 702 966 605 440 624 769 662 692 276 596 221 118 489 721 690 1088 709 944 950 722 768 380 353 959 668 628 524 643 354 404 380 329 508 555 604 709 697 860 147 730 279 318 959 160 1044 963 244 891 372 494 489 164 539 390 187 393 590 949 573 561 656 527 609 751 877 350 636 719 543 826 743 307 909 271 21 313 1099 909 793 483 533 399 528 523 962 849 712 221 367 407 626 513 972 529 606 894 120 882 871 343 278 340 627 147 813 216 858 481 600 454 286 881 748 1048 1007 280 647 423 978 921 798 214 745 70 646 718 274 335 827 841 897 255 534 364 487 156 254 524 946 163 18 771 582 436 726 1026 1097 583 483 858 579 501 1066 802 604 712 851 998 778 621
226 667 517 586 331 717 441 522 348 587 619 584 486 788 85 431 569 114 514 475 690 624 135 725 0 535 678 311 107 494 276 157 417 834 495 695 636 308 392 105 327 721 641 226 450 603 419 661 207 562 693 569 311 493 294 542 749 527 254 315 508 613 465 437 362 358 365 491 504 204 148 485 303 631 433 215 144 662 402 383 494 237 698 615 304 719 521 649 524 119 257 173 684 789 273 564 401 274 206 476 239 277 334 407 550 459 253 361 554 209 518 682 200 332 506 322 318 619 591 863 445 568 115 428 147 416 487 359 265 152 411 266 412 440 241 376 717 103 189 680 305 572 254 663 731 674 568 490 489 672 235 296 483 494 622 592 246 646 449 527 151 671 539 539 586 315 231 515 383 137 184 687 434 594 408 474 751 356 294 797 170 450 530 354 651 187 595 546 357 652 289 183 472 602 202 811 403 430 745 822 156 279 149 243 624 466 458 741 422 480 185 280 286 226 461 395 302 443 269 440 552 476 551 128 213 277 253 823 171 628 420 378 691 456 655 184 592 388 580 311 344 658 391 672 341 383 368 295 568 529 305 413 203 147 542 44 706 342 386 501 392 365 232 333 470 743 544 438 585 557 800 247 637 735 241 505 753 295 340 484 669 317 363 181 233 463 178 611 371 178 377 358 440
327 197 322 52 564 211 857 811 679 660 148 270 331 593 607 107 188 639 204 955 252 248 573 198 535 0 160 246 641 303 264 396 330 350 609 365 256 581 308 508 334 544 375 312 602 372 130 173 439 228 205 219 586 575 732 68 663 204 678 220 652 151 453 929 213 721 425 807 763 735 667 190 559 625 675 719 656 128 138 868 193 484 660 162 831 281 724 178 488 570 791 442 260 640 649 239 540 267 335 620 341 343 836 727 690 308 625 361 567 642 417 315 613 821 739 751 778 312 510 374 524 182 474 824 625 399 775 180 270 430 216 740 588 593 774 486 466 437 571 631 499 248 443 182 201 487 646 596 932 667 761 752 622 666 279 240 763 624 454 460 470 376 353 239 308 366 392 528 524 499 682 167 617 172 145 769 231 867 765 299 698 192 433 358 138 351 369 11 238 562 751 376 395 601 334 634 628 744 323 659 548 346 647 546 218 721 116 217 116 940 717 639 323 363 226 416 378 820 651 533 73 281 362 430 322 793 331 636 705 94 747 728 287 81 357 429 58 623 100 662 346 572 267 324 729 621 874 823 250 570 243 783 734 621 49 558 171 457 594 96 158 687 643 700 74 550 226 313 51 118 566 765 121 211 612 504 480 581 849 939 562 287 664 382 323 909 604 559 585 674 836 588 519
459 242 337 113 723 54 957 969 839 686 85 246 360 536 754 265 301 777 230 1070 303 339 727 51 678 160 0 373 785 443 417 548 483 331 654 291 194 672 463 661 426 502 333 462 757 348 259 58 597 345 69 333 746 617 845 200 637 335 790 368 700 96 493 1049 327 881 496 966 829 881 816 239 651 632 746 872 806 61 296 986 235 588 651 105 965 321 780 231 629 724 930 599 318 594 755 356 697 404 473 672 463 451 961 887 732 454 784 518 589 799 435 391 770 942 896 860 935 271 512 345 576 294 604 921 752 551 848 319 417 585 373 860 654 652 919 555 408 577 729 622 658 230 545 224 144 452 675 642 1037 668 896 909 673 719 376 345 914 626 604 479 593 319 358 365 286 458 505 558 680 655 811 157 680 269 270 928 187 995 921 274 845 344 448 438 163 492 348 149 343 550 908 530 540 612 482 579 701 826 364 606 669 506 777 706 303 879 222 64 273 1049 862 742 433 484 374 478 472 912 810 687 197 318 362 582 467 923 490 577 846 100 832 820 349 238 304 586 117 781 199 821 431 560 423 253 830 698 999 959 235 600 375 942 873 748 185 697 89 615 668 245 287 776 801 860 210 501 350 462 126 235 497 897 157 57 720 535 408 676 976 1046 544 446 824 536 453 1015 761 561 662 802 948 746 572
86 420 253 293 461 408 614 710 549 495 309 289 234 559 392 165 355 405 210 709 463 422 386 421 311 246 373 0 418 370 120 211 336 586 422 407 332 346 301 318 123 496 369 131 544 339 118 351 296 372 382 372 468 396 486 278 573 334 432 81 459 303 296 684 53 581 225 694 544 515 455 180 325 491 455 517 447 365 150 622 189 242 545 304 592 494 518 401 506 378 559 282 464 583 405 379 478 47 106 424 95 106 592 607 502 349 472 322 418 466 304 493 441 576 659 505 599 331 401 612 339 351 231 582 381 385 550 72 90 255 244 494 377 391 552 281 459 208 405 519 400 274 205 411 447 439 477 411 687 537 523 574 428 465 438 398 554 498 443 335 224 392 284 362 303 147 148 373 457 322 440 412 408 364 104 663 476 624 580 539 481 263 321 162 380 128 333 256 59 465 570 204 416 463 137 593 408 512 530 611 302 249 405 408 407 629 150 436 158 694 495 396 87 117 296 233 154 580 497 493 288 201 298 238 114 551 209 601 475 338 513 490 482 180 373 273 303 529 321 521 144 474 267 378 486 397 630 586 271 408 19 644 501 377 270 326 413 386 375 253 89 451 476 557 174 512 358 338 296 312 555 525 364 429 367 352 489 344 606 693 474 218 546 211 80 664 427 441 364 431 589 491 333
333 766 616 692 352 824 412 495 330 645 726 687 584 874 47 536 664 69 619 412 785 716 141 832 107 641 785 418 0 576 379 253 495 932 554 796 741 356 474 163 426 808 739 330 471 700 526 768 273 653 800 661 323 558 274 645 823 620 252 420 558 720 548 368 469 325 451 458 525 97 60 591 357 699 468 127 67 768 506 323 600 312 768 722 215 814 556 749 577 128 157 245 778 870 290 654 434 381 313 530 343 377 266 383 597 540 240 435 626 178 608 771 185 274 497 303 245 721 673 960 516 663 208 409 146 481 502 466 370 235 505 228 467 496 134 451 811 210 197 752 346 676 338 763 835 764 627 551 443 737 150 229 537 540 711 684 146 716 504 612 238 770 636 629 687 410 328 590 419 191 146 790 485 691 516 449 854 278 219 897 66 545 618 449 754 294 692 652 463 731 220 277 539 672 307 895 447 443 837 903 209 363 128 265 719 455 566 848 527 427 77 302 388 328 552 482 397 431 247 478 655 577 648 220 319 202 344 907 74 733 430 385 783 561 755 259 698 396 682 292 440 736 479 775 339 427 295 202 672 598 412 369 111 150 646 101 812 395 437 603 499 385 205 302 577 831 635 518 690 657 890 171 740 842 270 582 849 342 264 433 750 408 353 274 339 418 165 687 423 145 334 374 511
397 264 578 335 340 497 915 555 465 865 451 556 573 876 530 252 155 607 476 969 250 168 455 462 494 303 443 370 576 0 274 341 84 397 792 663 556 689 102 413 493 820 660 309 332 647 328 472 304 116 501 129 374 766 771 245 922 110 721 290 828 455 662 931 383 513 595 562 899 650 574 451 671 855 811 602 559 388 242 876 458 579 904 466 790 270 882 257 186 461 731 330 235 915 716 109 282 347 377 792 434 468 828 497 871 36 448 146 785 494 655 203 463 826 473 797 615 601 755 426 709 159 501 893 631 133 898 314 308 344 127 755 742 758 690 649 755 436 423 876 287 534 553 272 389 762 847 781 975 900 723 590 797 831 147 137 652 860 171 693 519 668 611 87 590 516 489 740 272 387 677 338 772 193 338 522 382 848 611 383 612 121 673 532 307 376 643 310 410 815 594 316 100 827 333 915 766 852 279 938 589 215 641 368 189 466 359 483 252 970 637 713 452 452 83 602 521 900 471 259 247 526 623 367 344 770 244 920 649 345 849 817 228 265 648 317 328 380 246 462 515 824 112 622 797 752 862 778 535 777 353 566 686 629 262 534 403 228 734 207 334 786 482 499 314 831 103 58 319 209 856 739 302 479 677 718 773 683 833 973 820 185 440 315 398 949 466 799 721 670 865 353 703
123 393 370 316 348 462 655 600 445 604 373 393 353 678 343 158 303 386 309 728 422 364 310 461 276 264 417 120 379 274 0 131 226 562 525 512 425 416 190 244 234 615 481 50 425 455 169 411 191 306 444 310 359 503 516 266 692 268 463 55 558 369 411 696 159 482 331 586 625 472 403 277 397 607 537 455 392 392 127 636 287 306 663 374 579 453 609 375 391 307 533 186 418 702 450 310 359 81 105 522 161 199 597 500 603 247 376 204 532 384 423 430 356 587 543 539 519 437 520 590 445 301 241 629 387 268 625 111 35 168 157 509 469 487 511 381 573 187 315 637 284 375 279 388 456 558 585 515 721 652 508 494 527 560 371 335 499 615 325 454 252 501 402 288 413 251 215 487 338 238 440 411 500 323 165 553 475 623 504 523 435 189 440 274 375 109 448 276 176 584 492 113 304 578 75 712 492 580 482 730 328 130 404 305 358 516 214 479 149 721 454 445 186 178 213 344 253 633 402 373 276 317 415 165 75 546 92 719 447 356 577 547 430 184 482 174 321 415 304 421 257 593 163 479 532 478 633 570 373 520 101 544 478 384 267 305 434 267 461 226 149 514 388 458 208 630 289 232 313 282 671 517 361 472 410 466 602 410 606 722 594 101 438 119 125 696 345 559 448 432 615 377 439
150 513 457 448 270 592 578 509 342 622 500 500 433 755 214 289 412 271 420 629 534 467 180 592 157 396 548 211 253 341 131 0 268 679 535 618 541 383 240 113 284 689 576 87 372 544 295 539 101 405 573 412 268 521 432 394 746 370 384 181 559 496 455 592 262 372 361 489 594 343 272 389 369 644 512 324 261 524 258 536 398 280 706 500 461 563 594 495 398 176 409 76 527 770 386 407 311 165 117 524 186 234 490 401 604 306 261 218 566 258 488 526 232 486 467 459 392 541 577 707 465 411 171 558 290 280 586 234 134 45 254 414 463 487 383 395 663 103 194 684 218 484 272 510 585 636 603 527 634 688 391 367 530 554 465 435 368 655 323 509 199 601 485 382 513 287 217 522 290 112 337 539 491 438 288 461 602 513 376 644 305 293 503 321 502 97 538 407 268 641 364 25 332 615 73 785 472 534 588 800 256 129 300 203 467 433 339 610 280 630 326 387 232 188 304 383 281 568 286 340 404 407 499 34 97 434 97 795 324 487 527 491 534 315 583 72 452 337 430 312 306 649 234 588 465 455 525 450 481 547 197 434 358 289 396 194 565 230 446 350 271 466 266 347 338 708 387 286 444 404 757 404 488 604 348 506 696 373 496 632 654 160 343 25 157 609 218 608 431 330 524 300 459
346 333 566 370 264 536 846 493 388 829 477 560 557 872 449 254 220 529 476 893 327 246 372 509 417 330 483 336 495 84 226 268 0 476 751 673 570 632 36 332 457 813 661 251 274 643 321 503 222 189 535 201 296 728 700 283 904 170 652 256 784 479 633 854 360 436 556 495 844 567 491 448 615 828 757 518 476 433 235 800 456 524 880 488 710 350 833 323 173 379 649 250 314 905 651 184 217 305 322 748 386 425 751 425 828 48 366 62 754 410 635 286 380 749 415 727 533 606 734 505 671 223 434 826 557 68 841 293 261 266 118 680 694 712 607 607 756 368 339 854 207 539 502 339 449 754 810 741 902 873 643 508 753 785 230 214 569 834 124 669 456 673 600 159 589 476 438 709 204 305 601 398 724 257 328 455 448 769 528 458 530 139 652 497 364 317 637 339 385 796 511 244 80 799 272 909 714 792 361 930 522 139 565 285 263 402 360 530 251 896 555 650 411 401 110 568 478 834 390 204 288 513 613 291 288 691 175 915 568 389 788 753 309 274 653 237 366 310 295 383 480 805 74 634 731 699 784 697 538 743 318 491 606 556 297 458 456 150 684 238 320 725 399 421 322 825 172 27 357 258 856 660 356 525 612 688 778 625 754 899 804 126 365 243 349 876 382 775 670 594 791 280 665
658 169 651 319 737 361 1200 941 862 999 406 571 667 866 890 423 269 946 533 1287 150 230 830 300 834 350 331 586 932 397 562 679 476 0 955 621 525 929 481 777 684 833 663 611 716 676 476 388 679 289 394 278 771 920 1068 309 967 317 1014 537 999 417 796 1256 561 910 775 953 1113 1017 943 529 908 954 1025 981 929 282 446 1196 529 828 978 428 1138 126 1073 187 541 834 1088 697 162 925 991 292 675 595 656 968 680 689 1158 893 1036 429 842 536 904 881 750 209 850 1148 855 1089 1008 600 835 29 872 269 799 1168 948 529 1125 515 582 699 427 1068 938 942 1058 836 738 749 808 949 683 553 789 176 187 783 987 943 1272 992 1068 983 970 1014 252 262 1031 950 558 794 802 650 677 318 612 715 734 868 667 758 1002 191 967 241 492 912 144 1185 1002 57 979 387 765 709 213 667 675 343 587 877 985 654 486 932 637 909 978 1094 129 936 880 578 965 760 217 854 466 311 431 1276 1002 982 669 702 386 765 727 1166 865 645 298 620 683 711 634 1108 588 906 1003 278 1096 1075 171 406 635 682 305 775 266 859 696 887 461 583 1072 971 1195 1129 557 911 579 963 1036 944 317 866 242 625 944 339 502 1035 872 896 422 832 306 449 307 281 825 1078 229 313 952 844 736 929 1168 1276 873 526 836 657 655 1248 849 884 936 994 1170 750 867
