NAME : X-n261-k13_SARP
COMMENT : Curated from VRPLIB to SARP
TYPE : SARP
DIMENSION : 261
EDGE_WEIGHT_TYPE : EXPLICIT
EDGE_WEIGHT_FORMAT : FULL_MATRIX
EDGE_WEIGHT_SECTION
0 795 828 755 1083 903 973 1110 629 205 935 856 1015 900 806 853 918 850 268 1035 787 573 789 72 1037 850 639 824 342 398 575 996 731 890 213 804 327 724 754 1030 785 912 1192 510 481 617 924 590 520 877 674 463 908 752 538 442 1077 539 1287 563 68 629 824 463 568 1023 768 1216 1070 1116 624 1091 781 1031 1004 1044 28 936 428 535 858 1059 946 1378 865 657 577 360 1037 965 1028 801 1129 302 391 653 979 325 1057 253 1021 1034 604 962 1067 680 794 725 79 610 970 601 910 953 980 317 179 632 1359 1340 1237 375 1214 1018 724 998 423 1121 511 350 1017 721 171 881 950 813 615 993 1060 628 487 1097 685 262 624 792 579 948 984 662 1047 613 1183 884 1171 721 204 551 635 310 1088 552 1123 349 1127 235 461 458 231 927 472 356 697 555 71 1177 595 836 1290 1060 697 639 769 421 862 173 825 1097 967 966 449 925 366 773 186 766 697 324 851 1024 301 1001 248 795 1269 939 1030 799 715 1318 532 1036 186 704 414 168 617 920 795 481 518 693 922 548 543 1003 964 662 1126 941 1112 931 1113 684 1110 736 660 847 279 823 637 1336 919 739 994 613 393 980 967 864 138 1050 184 1334 826 1116 876 834 271 855 836
795 0 666 75 499 364 243 458 264 628 207 515 247 272 453 131 244 184 555 249 84 238 469 728 242 268 193 410 537 400 230 379 476 678 592 590 473 76 378 284 489 580 412 393 382 263 316 513 436 125 280 335 307 424 364 434 293 256 498 336 738 166 283 332 505 228 635 421 360 323 540 325 377 240 392 329 768 602 470 469 187 383 237 587 223 207 293 534 580 250 383 442 336 497 468 481 500 605 323 610 520 437 323 740 295 480 616 196 729 455 479 476 274 603 343 534 620 527 570 560 501 523 460 503 503 515 420 372 353 545 428 200 628 98 425 102 298 205 508 172 412 405 161 630 173 368 597 662 545 276 419 182 394 550 474 257 597 500 352 498 433 247 333 536 474 608 354 360 639 226 328 520 415 522 724 465 210 128 495 304 103 355 39 431 375 679 91 390 432 304 505 167 483 65 634 155 157 477 506 251 535 311 624 45 474 145 420 439 583 529 337 373 644 483 539 658 284 504 451 393 367 196 214 345 425 424 233 175 331 457 332 199 335 197 432 472 147 557 523 222 364 560 437 467 534 262 520 575 486 468 658 344 611 543 519 321 245 431 533 360 371
828 666 0 593 455 377 596 543 441 636 867 1133 672 472 1064 797 521 521 601 727 584 694 1070 766 786 924 524 274 843 606 676 464 1050 65 659 77 617 617 981 639 179 1203 983 416 462 789 449 259 890 612 398 593 441 1018 830 459 741 626 901 821 764 618 929 625 984 788 60 905 600 869 217 939 992 823 1058 981 805 1229 846 932 524 1043 899 978 886 488 453 857 315 909 504 231 875 629 805 227 317 505 966 583 350 451 842 134 908 210 52 807 753 968 1134 269 939 1235 484 811 751 215 958 901 729 477 748 1164 1068 326 774 685 789 859 439 468 754 746 361 765 414 809 414 586 836 588 525 568 648 989 249 141 1194 840 490 627 944 1170 632 860 676 301 893 600 536 656 798 500 552 607 714 532 600 552 668 836 260 287 781 655 675 793 965 667 608 341 629 788 1019 656 756 1040 1092 510 902 625 518 715 800 794 747 707 1124 871 791 550 584 623 939 729 1086 234 122 922 790 528 653 196 426 817 812 248 1058 806 813 481 560 817 896 424 888 730 834 317 753 858 928 483 575 1049 576 131 723 876 334 886 317 1046 303 784 871 248 1140 237 731 587 716 951 160 843 908 1057 632 1004 1008
755 75 593 0 461 310 236 434 192 578 282 570 262 229 505 205 213 142 506 280 37 229 518 686 290 334 128 343 523 357 216 342 517 607 548 517 429 45 425 287 417 637 473 326 320 280 272 439 447 125 206 292 261 470 373 371 322 224 532 347 695 136 344 296 524 280 561 467 350 376 465 393 429 299 465 403 728 660 466 483 147 458 311 623 293 136 225 523 526 324 353 372 389 454 456 406 446 545 396 556 469 399 343 671 362 406 543 240 686 480 546 402 346 663 308 516 584 453 604 586 505 462 471 573 543 461 407 379 353 533 388 126 592 169 373 172 225 267 465 128 414 391 90 574 155 422 523 595 610 307 387 155 451 605 463 301 554 427 380 451 409 224 369 477 451 557 335 307 585 204 302 507 340 449 684 459 198 200 541 313 65 281 36 419 436 629 164 464 501 274 507 173 426 124 603 211 188 446 561 319 512 291 569 44 518 196 494 369 509 563 339 348 595 409 473 628 304 442 501 391 371 121 194 353 439 381 307 193 376 401 358 274 399 123 414 515 95 487 491 287 290 584 379 510 478 278 514 515 552 402 617 332 572 579 449 369 315 487 488 422 430
1083 499 455 461 0 182 283 100 470 878 631 1011 339 232 950 601 255 320 816 392 428 677 967 1011 466 752 502 267 944 724 660 120 974 415 873 402 777 506 877 287 343 1072 630 573 604 741 190 534 901 381 416 672 203 923 828 640 382 644 479 804 1015 576 774 694 983 478 475 516 205 523 520 629 875 517 832 710 1055 1093 904 940 315 781 664 544 698 467 519 949 161 665 124 302 523 799 883 463 139 782 684 836 106 63 804 429 602 438 435 694 1004 941 950 507 735 1091 157 927 943 506 524 460 282 713 314 963 1001 129 837 281 801 957 74 401 949 524 133 591 475 524 42 552 862 168 466 837 604 865 594 347 1021 768 87 594 585 1044 185 755 886 560 841 781 107 658 427 738 103 850 762 645 862 277 719 930 396 567 1018 212 646 607 560 300 518 443 483 851 862 919 573 756 897 197 952 356 716 564 978 654 648 834 1002 582 916 205 844 458 535 463 854 303 475 494 791 144 898 418 687 1002 765 212 949 836 822 432 289 809 896 84 640 654 472 156 374 623 602 441 142 971 520 333 871 711 446 443 171 966 154 738 948 215 959 249 953 205 918 524 323 489 717 926 822 848 864
903 364 377 310 182 0 222 215 288 700 535 878 297 104 814 484 152 182 636 353 283 508 828 831 418 631 326 116 765 542 491 104 827 363 693 306 595 351 735 262 216 944 610 393 423 581 72 377 733 267 234 492 68 780 660 461 364 468 529 639 836 408 647 514 819 422 374 527 230 496 373 578 738 460 737 636 875 966 729 773 181 703 569 611 582 290 337 771 217 575 145 162 500 617 705 308 136 609 616 659 160 131 643 407 547 287 340 550 825 781 839 345 627 967 111 746 761 358 590 539 382 537 387 859 851 151 660 313 631 779 115 226 767 416 64 464 293 452 169 381 691 230 295 662 437 730 448 322 907 614 151 425 570 913 293 611 705 396 685 600 197 485 421 561 231 671 586 463 686 183 541 752 232 407 837 309 478 486 588 290 358 265 339 674 738 742 450 690 790 133 779 265 537 427 796 517 497 653 869 515 735 173 668 319 562 377 763 161 353 552 622 164 719 272 515 820 605 153 811 664 653 257 194 642 730 100 551 497 458 94 375 527 561 265 229 824 352 247 689 586 269 527 76 819 170 577 771 215 847 141 772 214 737 580 219 468 603 795 640 724 735
973 243 596 236 283 222 0 221 353 784 348 736 76 126 679 323 79 125 712 131 199 465 698 902 198 474 335 324 760 579 452 174 712 585 761 523 647 279 611 58 426 795 388 493 505 505 150 543 677 119 326 516 155 658 603 554 146 458 339 576 910 371 498 526 747 205 587 314 117 274 552 361 606 244 549 431 945 814 701 711 118 501 381 428 419 317 403 759 405 382 159 370 279 671 692 485 336 724 407 753 338 227 565 628 331 471 556 435 900 698 667 505 453 812 137 751 809 537 408 373 270 643 241 680 740 343 643 148 587 769 224 256 816 245 261 320 377 244 305 359 648 162 289 765 391 594 624 542 739 519 197 391 348 768 231 495 770 549 595 663 198 460 205 663 236 759 571 515 782 52 536 743 404 566 903 224 434 332 381 90 301 393 242 656 584 832 301 481 614 97 741 78 622 305 832 389 400 676 728 305 746 78 765 212 355 180 572 368 556 367 573 142 802 462 638 857 527 372 679 626 604 281 53 584 667 227 357 416 238 305 166 340 341 290 190 708 324 468 720 436 401 367 294 703 369 503 750 425 676 362 836 101 793 390 437 246 437 651 703 570 588
1110 458 543 434 100 215 221 0 484 909 564 958 263 218 900 545 221 294 843 311 398 660 919 1038 385 695 499 323 942 734 645 115 932 508 898 484 794 479 831 208 413 1016 538 603 629 713 187 590 881 334 436 678 203 878 807 670 294 637 379 781 1044 560 720 695 957 399 556 419 119 434 583 545 827 437 760 632 1082 1035 894 917 288 704 595 445 639 469 535 945 261 595 84 365 432 817 878 520 227 823 604 870 201 94 775 526 520 498 518 653 1033 911 885 559 671 1032 133 928 961 568 425 362 187 749 215 894 959 221 830 185 785 954 109 401 967 466 192 541 495 448 141 541 846 74 458 874 585 815 658 443 957 733 64 580 491 989 89 714 909 611 809 803 25 647 334 773 18 881 756 659 898 233 715 927 446 622 1043 114 629 553 460 215 496 478 450 843 805 953 522 674 831 161 938 299 745 522 992 609 613 841 949 504 920 147 879 421 436 397 781 365 549 394 773 86 929 480 729 1016 736 295 900 822 804 432 244 788 873 125 569 624 381 229 282 556 515 442 44 928 507 416 881 658 482 346 237 923 248 711 940 310 894 321 976 126 939 425 400 399 657 873 843 791 809
629 264 441 192 470 288 353 484 0 433 470 692 408 271 623 388 290 228 364 443 205 259 629 558 470 494 85 250 480 254 240 370 611 470 416 370 310 196 540 412 282 763 661 142 152 351 297 250 472 281 57 204 281 578 404 200 478 199 686 390 564 177 494 229 564 463 398 638 442 558 281 585 552 486 641 593 601 788 452 514 236 644 498 777 464 57 52 487 472 512 400 256 570 334 423 228 398 372 588 400 434 414 407 542 554 235 389 369 554 539 701 214 520 794 352 459 477 269 757 727 610 290 591 734 631 416 380 499 368 494 399 97 484 361 346 349 33 457 456 145 423 468 103 411 207 549 333 479 758 400 422 187 636 729 542 420 427 235 456 320 461 224 533 310 501 407 309 176 429 304 262 467 182 258 561 548 236 379 711 443 179 102 225 395 582 481 346 654 663 336 505 323 270 295 510 363 308 364 683 510 447 372 412 235 687 381 670 253 339 716 365 407 452 245 290 534 374 363 617 395 392 78 301 389 474 386 497 290 549 352 509 462 589 72 481 611 140 361 401 446 110 721 328 607 423 345 490 437 706 309 494 422 455 737 324 546 485 617 360 568 570
205 628 636 578 878 700 784 909 433 0 792 798 831 702 739 705 724 659 72 857 607 432 727 136 867 733 455 619 309 232 428 794 677 695 56 606 160 553 671 841 581 863 1036 307 282 499 724 388 459 695 474 295 708 682 448 239 897 380 1107 465 138 463 713 305 534 855 575 1044 875 950 425 941 696 868 893 909 178 889 371 488 666 935 808 1198 736 467 381 329 832 826 828 596 963 139 323 450 774 133 917 53 816 830 506 769 914 477 598 597 127 557 886 397 787 904 780 272 137 432 1179 1155 1043 170 1023 932 679 793 331 931 410 324 814 528 136 720 746 663 416 831 855 456 410 900 500 75 466 704 388 749 915 553 846 450 1021 831 973 608 68 349 548 130 887 401 946 144 926 30 337 272 46 735 330 314 492 355 147 980 446 690 1119 872 526 435 597 336 768 52 673 966 872 769 414 742 165 618 188 629 557 211 791 870 248 805 55 621 1097 770 921 594 518 1138 428 837 20 500 212 197 506 715 728 393 425 502 731 451 479 799 821 521 954 736 931 787 958 494 911 681 485 645 183 697 432 1150 714 682 789 494 359 776 885 659 97 855 102 1156 622 946 750 758 102 759 744
935 207 867 282 631 535 348 564 470 792 0 410 303 433 365 87 390 357 722 265 284 363 390 874 203 153 393 602 631 560 365 518 423 874 749 790 632 275 318 357 688 460 267 592 575 327 473 719 483 268 487 499 470 363 426 625 300 412 447 396 885 338 187 486 518 184 839 341 447 231 747 160 303 158 202 124 910 477 549 501 356 177 33 522 100 412 494 622 743 43 507 639 244 654 564 687 667 790 125 783 678 574 364 931 141 687 818 217 878 458 321 682 110 472 480 640 756 734 509 526 537 710 481 331 452 678 522 417 437 634 570 406 764 121 590 130 503 127 652 357 483 495 367 806 328 288 803 850 393 300 545 346 271 437 547 247 750 705 364 663 543 391 303 720 577 776 474 540 810 362 466 613 620 728 866 528 346 102 405 359 296 562 246 528 254 843 126 185 267 438 565 278 664 182 758 169 238 611 403 108 647 427 797 245 392 168 227 636 789 476 416 490 805 689 733 782 336 685 369 475 440 403 350 410 464 570 30 273 273 629 334 9 190 404 526 417 341 752 656 141 571 534 611 411 701 330 599 750 330 657 804 438 756 477 715 252 109 329 691 242 266
856 515 1133 570 1011 878 736 958 692 798 410 0 706 787 69 413 756 699 749 674 595 447 72 818 613 264 610 908 515 614 464 891 125 1159 743 1061 661 533 153 757 968 71 619 752 714 350 831 917 342 630 737 585 823 121 355 747 710 521 844 346 832 515 238 554 290 594 1089 733 846 628 956 522 142 567 280 415 839 97 435 321 702 371 386 908 320 646 685 496 1095 396 890 932 641 673 479 916 1014 862 448 817 1035 949 310 1229 523 926 1081 332 830 247 156 888 302 108 854 545 700 948 899 927 947 804 892 199 135 1029 468 825 397 507 942 681 706 492 940 420 719 537 1023 547 388 894 614 847 485 148 987 1158 135 295 928 506 644 37 952 274 735 887 260 697 934 489 712 801 972 798 480 650 835 734 511 503 874 910 802 935 461 405 783 764 534 793 539 462 156 842 437 427 193 813 407 659 744 451 673 361 390 587 9 507 566 813 830 560 777 565 286 928 1028 870 384 877 804 938 848 689 330 1012 76 407 378 660 721 357 321 938 418 403 678 970 744 416 563 656 924 120 560 1044 617 300 800 937 949 118 1047 356 463 1085 147 969 761 834 719 866 1006 656 305 85 704 169 148
1015 247 672 262 339 297 76 263 408 831 303 706 0 201 653 296 153 185 759 56 228 482 674 945 128 442 377 400 781 617 472 240 694 660 805 598 688 300 590 54 501 760 313 550 557 508 225 611 682 138 387 553 231 637 611 607 73 486 278 582 953 396 470 559 746 139 662 241 145 199 623 292 582 178 498 371 987 778 716 713 178 443 334 369 385 365 456 779 473 332 217 445 203 712 712 556 407 780 344 804 405 288 566 702 264 543 632 426 944 693 624 574 412 774 206 775 846 608 349 325 256 698 214 631 723 413 664 127 600 789 289 311 853 218 334 303 434 186 366 390 659 192 331 817 412 569 694 616 696 514 253 415 273 735 246 482 812 615 590 707 243 484 131 717 275 807 594 560 833 123 563 764 475 633 944 231 452 308 310 60 325 458 258 675 551 881 283 417 569 168 752 90 672 301 866 375 400 708 697 243 773 140 816 228 285 141 518 443 630 308 583 196 849 535 697 891 528 446 654 640 614 332 119 591 670 294 307 421 162 379 101 296 269 340 224 689 356 543 753 409 466 322 368 684 439 507 766 497 633 437 877 137 832 329 513 171 401 622 745 537 558
900 272 472 229 232 104 126 218 271 702 433 787 201 0 725 386 49 89 634 255 196 447 740 828 316 534 281 199 724 518 431 114 744 463 687 397 579 273 649 176 300 851 512 400 420 509 44 426 670 165 229 460 37 695 597 465 272 420 455 573 834 346 553 477 751 320 461 439 176 397 431 474 649 357 635 532 872 873 678 708 85 600 466 542 484 252 323 728 312 472 134 244 403 603 660 364 235 628 512 666 249 170 571 510 443 349 431 464 824 709 740 390 527 873 85 710 746 416 521 479 343 550 333 759 770 247 613 246 572 736 159 183 752 315 158 369 286 348 237 325 633 198 241 674 373 640 505 426 809 536 163 365 473 821 272 526 697 436 609 590 194 431 330 572 236 676 539 445 695 81 497 709 283 452 831 278 416 389 505 207 286 286 252 626 644 748 353 586 690 67 724 161 538 337 775 427 416 624 778 411 702 106 677 228 479 273 660 242 430 482 561 137 721 338 538 800 533 257 723 608 592 214 90 578 665 153 448 421 363 196 289 424 460 224 211 741 292 344 664 491 292 469 180 736 269 506 724 318 748 239 764 156 725 507 312 371 504 703 631 629 642
806 453 1064 505 950 814 679 900 623 739 365 69 653 725 0 357 695 636 687 624 531 379 28 765 567 213 541 841 464 548 395 830 87 1091 684 993 598 467 84 703 900 140 593 684 646 281 768 848 287 570 668 518 760 57 292 680 662 452 807 281 779 446 183 487 250 548 1020 697 791 590 887 491 76 523 267 388 788 166 381 272 640 354 345 875 270 578 616 446 1030 357 831 864 603 611 423 846 950 798 419 755 972 888 244 1160 487 857 1013 265 776 198 172 819 260 175 793 492 645 879 865 889 899 738 845 220 110 965 408 775 333 457 880 613 652 436 876 360 651 491 961 478 330 838 546 785 416 85 919 1090 178 226 868 437 613 106 898 206 676 818 195 634 877 420 668 736 915 737 415 582 774 674 445 451 805 841 750 883 392 347 753 712 467 724 475 403 117 783 378 409 190 753 359 601 678 388 622 297 323 527 60 467 511 754 768 496 745 512 280 860 959 835 319 818 745 869 782 639 261 946 11 346 315 592 662 292 265 876 377 334 637 906 697 370 530 588 868 80 491 976 559 243 731 898 883 75 983 287 414 1019 166 902 706 778 662 832 938 616 257 43 643 126 100
853 131 797 205 601 484 323 545 388 705 87 413 296 386 357 0 349 302 635 273 214 280 378 790 228 151 309 539 558 474 280 483 399 808 664 721 546 191 294 346 620 472 341 506 488 255 428 637 422 222 409 412 423 342 359 537 314 326 490 328 802 250 175 400 469 210 766 393 434 282 667 238 286 199 261 211 827 492 479 445 303 256 111 572 98 330 409 550 698 127 478 572 297 569 490 609 619 703 213 696 635 540 301 869 214 610 747 150 795 411 355 601 144 491 445 564 674 655 557 564 547 623 496 376 428 632 446 420 364 562 534 330 682 79 543 43 421 159 616 270 414 481 285 719 241 273 720 790 424 240 516 259 337 444 542 195 665 621 311 576 521 305 333 633 559 690 393 453 723 324 382 540 545 644 784 527 261 18 462 356 211 483 168 453 262 757 41 271 305 404 501 246 576 95 679 97 157 529 404 173 570 400 710 174 446 156 289 569 713 520 343 464 720 614 646 703 268 630 358 403 370 324 312 341 405 532 117 191 313 578 352 82 261 324 511 394 255 687 574 114 492 569 559 388 653 257 530 698 363 596 721 421 673 526 650 296 119 328 606 248 265
918 244 521 213 255 152 79 221 290 724 390 756 153 49 695 349 0 74 654 206 177 439 712 846 267 499 287 247 725 529 425 135 719 512 705 446 594 258 621 132 348 818 462 426 442 493 83 466 659 127 256 469 84 668 585 489 225 420 414 560 853 340 520 483 737 271 510 392 152 348 474 426 620 308 593 486 890 839 674 696 67 554 424 502 447 262 342 727 353 428 141 293 354 618 659 407 277 657 465 690 288 193 555 559 395 393 479 439 843 692 702 429 488 839 99 713 759 459 482 443 319 576 302 719 746 288 611 212 564 736 186 196 766 275 201 336 311 301 267 322 625 185 243 700 365 610 547 474 772 516 176 360 424 789 259 501 714 474 590 607 196 428 283 598 239 698 538 460 719 32 498 710 326 490 849 261 408 354 459 164 275 320 230 624 609 771 319 539 651 61 717 115 560 309 786 399 395 632 747 364 707 84 701 203 433 228 617 290 477 441 552 135 742 384 568 810 516 304 694 601 583 225 42 566 652 183 404 404 315 242 244 382 410 234 204 716 288 393 674 458 327 435 227 711 311 490 721 363 711 288 781 132 740 466 361 322 467 671 647 595 610
850 184 521 142 320 182 125 294 228 659 357 699 185 89 636 302 74 0 588 228 108 366 652 779 273 449 215 249 651 458 351 200 656 521 637 444 524 187 560 184 343 764 472 368 380 422 132 429 587 91 203 397 123 606 513 428 257 346 461 488 786 266 466 410 666 272 501 423 223 360 443 419 561 305 557 464 822 786 600 624 8 529 390 551 400 193 278 653 397 397 212 289 369 549 585 377 318 599 447 628 336 257 485 576 387 367 475 376 776 622 657 391 445 787 167 639 688 429 531 499 388 517 365 677 682 331 537 272 491 662 247 131 695 236 242 283 252 288 326 248 552 258 170 639 291 552 513 494 725 448 245 286 439 734 333 437 646 431 522 540 269 354 314 537 312 634 464 391 657 77 425 636 298 450 780 333 334 304 494 215 202 274 164 550 557 707 268 521 608 134 644 110 496 249 714 339 328 559 690 351 633 157 639 140 469 209 583 287 461 490 479 209 677 362 514 739 446 329 634 528 510 157 73 494 580 241 374 334 338 276 284 348 411 166 278 652 214 399 602 405 282 493 257 647 352 420 647 396 664 301 713 203 671 512 364 341 421 615 579 543 555
268 555 601 506 816 636 712 843 364 72 722 749 759 634 687 635 654 588 0 784 535 364 678 196 794 669 382 560 285 162 359 728 630 658 60 564 93 481 616 770 530 816 965 243 214 437 657 346 415 623 407 224 641 631 395 176 824 310 1035 409 201 392 650 236 497 782 541 972 805 878 386 870 641 796 829 840 240 842 332 448 596 868 739 1126 669 395 312 304 777 757 761 540 891 77 283 401 716 127 847 68 758 766 449 734 842 428 560 531 191 513 829 349 721 856 713 248 150 390 1107 1083 973 124 953 874 635 735 282 860 355 301 750 458 153 648 684 593 348 759 794 383 363 831 428 98 395 647 361 706 861 492 780 379 949 783 905 546 76 304 494 60 821 332 874 101 860 55 277 200 90 665 264 286 435 314 202 912 377 620 1047 800 454 373 525 290 709 124 602 898 812 700 381 670 99 547 200 561 489 165 742 798 224 736 81 548 1024 698 858 538 481 1066 371 769 90 451 176 216 446 660 677 342 372 431 660 396 433 735 752 454 881 676 858 717 886 422 843 634 412 598 151 632 371 1078 654 634 733 431 330 724 829 603 139 785 116 1084 573 874 684 704 47 699 686
1035 249 727 280 392 353 131 311 443 857 265 674 56 255 624 273 206 228 784 0 250 488 646 966 74 411 403 454 786 637 479 296 671 716 828 652 709 313 566 106 554 725 257 585 589 503 281 657 677 163 427 572 286 613 607 640 44 500 252 577 975 409 441 575 735 88 715 196 192 143 670 237 555 126 453 321 1008 742 718 705 221 393 293 342 354 396 488 783 529 290 272 499 148 734 717 603 463 813 293 832 461 343 558 759 210 592 685 412 966 679 583 619 375 737 262 784 863 655 324 310 275 730 224 588 700 469 669 152 600 794 344 348 871 198 390 287 471 141 421 407 658 238 358 848 421 542 740 673 655 502 307 427 218 702 283 465 834 658 577 731 292 494 90 748 321 834 603 585 861 175 575 769 524 677 965 263 459 286 269 97 339 501 268 680 518 907 267 364 528 225 750 121 701 295 880 360 394 723 666 193 784 195 845 241 244 118 472 496 681 283 582 250 874 585 733 905 521 502 626 640 612 365 169 588 663 350 264 419 111 435 83 259 213 372 270 666 375 598 768 383 509 311 424 660 495 503 768 553 593 492 897 188 852 299 567 116 369 591 768 505 527
787 84 584 37 428 283 199 398 205 607 284 595 228 196 531 214 177 108 535 250 0 266 546 718 267 352 153 326 560 389 253 308 548 594 578 508 460 81 454 251 406 661 456 344 342 316 240 445 483 90 209 325 230 499 409 394 290 260 501 383 726 172 366 331 559 258 555 440 313 355 469 382 456 281 475 402 760 684 503 519 113 460 315 592 307 152 244 560 499 326 318 359 366 485 493 407 419 568 392 583 441 365 378 656 350 404 535 268 717 515 563 407 358 686 274 552 618 456 573 553 469 484 435 588 574 434 444 343 390 570 355 124 625 165 345 186 237 252 434 162 451 354 110 599 192 447 530 577 629 340 352 191 431 630 426 330 585 437 414 481 373 261 340 501 415 585 372 335 612 167 338 544 337 458 717 422 235 212 514 277 102 285 56 456 458 658 175 462 516 238 544 138 452 145 638 235 220 481 586 308 548 254 596 40 491 176 503 355 506 532 376 312 624 406 492 663 339 421 529 428 408 129 157 390 475 349 307 227 350 375 325 275 384 133 377 545 128 473 525 306 294 550 354 540 452 313 551 491 570 384 649 295 605 549 436 345 329 512 519 443 453
573 238 694 229 677 508 465 660 259 432 363 447 482 447 379 280 439 366 364 488 266 0 380 511 474 307 187 501 299 203 18 561 356 727 387 626 272 186 296 513 541 518 619 305 269 98 487 470 225 349 311 152 474 328 152 308 532 74 735 133 522 101 292 129 312 459 647 652 579 547 509 518 313 462 468 478 548 544 237 265 372 504 377 823 304 226 241 297 714 396 577 513 562 293 230 472 635 450 487 429 666 615 148 800 493 485 643 167 515 281 487 442 357 553 530 296 395 502 806 798 732 378 695 528 374 653 182 605 125 307 603 283 403 312 571 239 281 423 674 127 186 620 213 455 75 315 540 737 533 153 609 83 611 484 693 194 387 440 198 305 635 42 570 382 678 419 117 210 454 433 103 282 439 463 504 688 31 263 726 537 165 354 225 193 365 483 253 534 461 499 278 397 323 203 402 198 126 249 438 450 298 520 443 255 706 379 497 509 584 766 115 575 444 498 415 426 119 612 371 162 145 254 423 135 222 594 393 90 564 589 570 359 540 246 642 356 157 619 295 268 361 799 565 353 665 92 285 688 489 562 441 561 393 778 582 552 320 381 330 352 345
789 469 1070 518 967 828 698 919 629 727 390 72 674 740 28 378 712 652 678 646 546 380 0 749 591 237 548 852 447 542 397 847 62 1098 672 999 590 479 92 724 908 140 620 684 645 283 784 850 272 588 676 515 775 52 283 677 685 453 833 275 763 453 205 484 228 572 1025 724 811 616 889 518 93 548 295 416 771 167 365 254 655 383 370 902 293 586 620 429 1044 383 848 873 629 601 409 851 963 791 447 745 986 905 240 1168 514 862 1018 278 761 179 197 822 287 179 811 476 630 882 892 914 922 733 868 244 82 979 397 797 326 439 897 624 637 457 890 378 656 515 977 485 317 859 556 776 422 105 919 1099 196 230 886 443 641 107 919 217 664 819 190 625 895 421 693 729 935 727 409 580 764 692 441 434 811 841 734 905 396 367 780 733 477 729 489 391 145 771 397 438 218 771 340 620 673 403 605 313 333 516 64 493 496 773 758 512 771 533 308 869 963 861 313 837 733 874 778 621 262 957 21 336 306 602 679 285 250 892 403 342 662 919 721 394 557 596 888 55 500 985 546 264 736 923 896 51 996 289 396 1031 190 913 691 798 648 859 947 641 281 71 633 152 126
72 728 766 686 1011 831 902 1038 558 136 874 818 945 828 765 790 846 779 196 966 718 511 749 0 970 795 569 753 303 329 511 924 693 827 142 739 257 656 707 960 716 877 1128 439 410 561 853 523 478 808 603 395 836 710 488 371 1008 473 1218 511 14 562 770 396 535 956 706 1149 999 1049 559 1029 735 965 951 985 44 902 384 497 787 1003 886 1309 807 586 506 323 967 905 956 731 1063 233 344 585 909 261 996 185 951 962 552 900 1003 612 730 666 18 571 925 533 854 918 908 273 122 566 1290 1270 1166 306 1143 972 689 928 370 1050 458 313 946 650 114 815 879 749 544 927 989 560 439 1026 615 198 558 745 517 883 943 607 976 546 1118 847 1100 666 133 484 586 239 1016 487 1055 280 1056 165 401 387 166 856 408 315 627 489 21 1106 531 774 1223 989 629 568 701 369 813 111 762 1039 918 894 413 855 295 709 146 706 636 264 812 960 254 929 182 727 1202 872 978 729 650 1249 478 964 116 636 347 135 562 850 754 430 466 622 851 496 500 931 903 600 1058 870 1043 870 1049 613 1038 698 592 780 220 765 565 1266 849 700 924 556 356 911 922 794 70 979 118 1266 758 1049 819 791 200 806 787
1037 242 786 290 466 418 198 385 470 867 203 613 128 316 567 228 267 273 794 74 267 474 591 970 0 354 418 512 769 641 468 368 620 779 833 711 714 314 515 180 611 662 199 611 609 475 346 698 646 192 463 576 350 561 580 660 99 498 264 549 979 408 386 574 697 19 771 179 266 89 715 164 502 52 382 248 1010 677 696 672 268 319 228 350 298 418 511 764 601 222 345 556 100 738 700 649 533 834 219 846 533 416 526 825 136 640 743 376 971 639 515 659 312 672 333 770 861 700 334 336 335 751 279 517 650 540 653 220 578 776 417 379 869 166 459 252 500 76 494 411 633 312 376 864 414 487 782 739 587 467 381 424 167 640 353 424 838 695 539 738 367 487 104 767 395 846 591 596 875 235 569 752 571 715 966 332 448 244 254 171 341 539 270 663 457 918 233 290 460 294 723 163 717 273 874 323 368 718 606 120 772 267 859 247 233 97 400 554 733 295 559 323 883 635 759 899 491 569 570 619 588 392 227 561 631 422 197 397 90 503 131 197 144 398 343 615 382 660 764 332 547 341 491 609 566 476 747 623 525 555 900 262 853 305 627 80 310 532 774 445 468
850 268 924 334 752 631 474 695 494 733 153 264 442 534 213 151 499 449 669 411 352 307 237 795 354 0 409 677 525 509 316 634 270 940 684 849 576 307 167 493 750 321 402 590 563 235 578 739 359 372 527 458 571 210 317 607 449 374 599 289 808 327 36 436 378 335 887 492 582 382 773 295 149 311 161 209 827 341 438 370 451 209 138 672 57 440 503 512 846 153 629 706 396 595 463 722 767 757 233 734 784 691 250 1005 285 727 873 140 803 316 212 706 64 340 596 540 674 763 661 680 686 683 632 241 299 780 428 562 339 524 685 456 682 229 691 167 525 278 767 355 372 630 399 761 305 134 819 929 277 189 667 327 415 294 688 130 682 717 235 609 672 345 456 688 709 723 398 512 759 475 405 508 666 741 785 672 303 146 552 500 317 594 299 431 111 783 181 252 169 555 443 397 629 210 667 131 194 533 256 259 552 551 748 314 542 301 190 703 831 628 318 615 744 734 716 689 234 773 216 372 335 443 463 304 338 683 169 225 426 725 484 158 331 441 661 264 354 821 576 48 603 688 704 258 800 241 485 843 218 736 728 571 680 628 783 406 45 180 631 97 116
639 193 524 128 502 326 335 499 85 455 393 610 377 281 541 309 287 215 382 403 153 187 548 569 418 409 0 314 444 244 169 392 533 550 428 452 312 119 458 392 360 680 601 200 191 273 316 332 409 241 128 182 301 497 338 243 442 142 653 320 577 95 410 196 498 408 482 593 438 505 364 518 469 427 558 517 611 705 403 450 222 565 420 744 381 39 101 448 528 435 415 328 517 337 381 313 450 416 514 430 482 442 332 621 488 320 472 284 567 467 616 297 437 711 366 429 474 353 725 701 602 333 576 650 554 468 335 483 306 456 429 101 481 291 389 268 116 394 495 64 365 471 46 446 126 465 413 554 673 319 443 108 580 646 546 337 435 313 379 330 475 159 493 349 517 432 260 183 459 291 217 429 264 336 569 547 161 299 667 421 98 186 156 349 498 505 268 578 578 342 452 287 299 215 499 278 224 345 600 444 421 371 443 173 644 324 588 325 424 683 299 417 472 329 346 524 298 425 535 337 328 70 285 321 408 418 421 207 502 403 476 386 526 61 489 532 55 438 387 362 194 698 379 528 479 268 446 500 621 375 501 418 458 702 400 497 402 533 369 483 485
824 410 274 343 267 116 324 323 250 619 602 908 400 199 841 539 247 249 560 454 326 501 852 753 512 677 314 0 726 490 482 218 842 272 619 199 533 376 759 371 102 977 709 318 356 586 182 269 720 340 193 450 171 802 651 385 470 447 643 634 756 407 687 477 811 514 263 636 345 595 260 666 766 550 799 713 797 1001 702 762 251 777 635 726 633 274 289 734 225 644 259 47 601 553 672 198 157 516 696 574 198 231 645 330 634 175 232 576 745 781 888 240 683 1004 226 702 695 245 705 655 496 450 502 913 865 176 630 428 616 740 215 228 701 481 135 512 241 536 239 376 673 345 297 573 438 760 335 252 953 628 260 421 671 944 405 635 633 293 692 532 307 470 528 476 337 589 559 408 599 278 511 714 130 302 761 423 474 538 700 400 374 189 377 644 779 657 501 770 842 245 755 352 460 467 735 553 519 602 899 599 688 286 581 365 674 457 827 45 237 667 611 279 638 158 421 757 610 113 837 644 639 251 286 634 721 198 622 511 562 117 485 594 654 258 341 841 355 150 634 630 190 642 97 837 177 581 739 188 895 61 698 329 668 695 115 570 655 828 571 764 772
342 537 843 523 944 765 760 942 480 309 631 515 781 724 464 558 725 651 285 786 560 299 447 303 769 525 444 726 0 241 309 836 390 892 254 791 230 482 413 810 731 574 897 431 386 304 760 585 178 646 537 276 745 410 208 384 831 305 1032 237 317 388 495 251 232 753 786 945 872 837 628 791 441 752 671 728 324 598 88 194 659 734 636 1119 548 477 437 20 950 655 858 722 852 225 69 621 877 412 745 344 914 886 275 969 770 644 796 414 316 268 628 574 587 615 809 37 189 628 1103 1097 1029 388 993 676 386 896 117 902 194 17 871 544 195 604 825 523 485 712 934 403 152 909 484 374 370 453 623 925 642 337 886 369 895 544 983 396 241 544 297 255 918 299 867 372 960 319 188 321 353 724 227 18 625 561 287 981 329 540 1017 835 459 543 523 107 523 343 540 776 627 783 110 694 333 496 158 463 404 137 509 730 62 808 354 553 999 676 695 719 721 1063 215 859 308 664 443 175 296 837 453 156 192 513 715 222 201 860 659 373 859 832 869 629 818 504 929 395 438 808 134 504 545 1098 808 397 902 301 53 910 625 781 251 853 214 1074 775 845 556 492 239 518 496
398 400 606 357 724 542 579 734 254 232 560 614 617 518 548 474 529 458 162 637 389 203 542 329 641 509 244 490 241 0 197 623 502 653 193 551 74 327 472 635 490 683 805 191 145 282 548 351 302 479 308 65 532 493 262 151 679 148 889 268 339 234 492 74 395 628 550 820 681 722 394 709 494 639 670 678 371 709 243 342 466 707 577 980 507 267 205 253 715 595 650 483 735 98 200 382 644 253 685 226 683 668 305 729 682 404 558 370 330 395 679 336 560 721 601 214 230 393 961 942 846 191 820 722 512 664 173 727 218 257 653 335 237 490 598 431 252 601 709 230 246 712 290 252 234 499 400 684 716 339 675 220 792 649 787 389 197 311 353 103 711 169 726 188 752 217 134 82 252 535 107 232 385 331 327 790 214 458 894 663 300 304 372 186 557 284 441 736 658 581 298 527 130 386 258 399 326 112 605 638 198 613 240 397 873 544 699 480 485 920 230 655 246 424 238 282 294 600 539 219 240 305 529 257 315 640 590 291 729 600 714 555 726 295 728 504 262 567 148 471 306 939 577 504 667 276 265 672 679 543 260 661 215 936 535 720 523 560 134 546 535
575 230 676 216 660 491 452 645 240 428 365 464 472 431 395 280 425 351 359 479 253 18 397 511 468 316 169 482 309 197 0 545 374 709 384 608 268 173 312 502 522 535 618 290 255 114 471 453 242 338 293 142 457 345 170 295 523 59 728 152 522 85 303 123 330 453 629 647 566 543 492 518 329 458 477 481 549 561 250 282 358 510 380 816 310 208 223 308 696 399 562 495 557 290 240 454 617 441 489 422 649 599 167 782 492 467 625 176 515 299 500 425 364 569 515 305 397 485 799 790 720 368 684 541 392 635 192 593 141 318 586 265 405 308 554 239 263 419 657 110 202 606 196 448 61 330 525 719 547 169 594 66 608 501 679 207 385 424 216 300 620 29 562 372 663 414 123 198 449 419 103 292 421 447 505 675 21 263 721 526 151 336 214 204 378 479 251 539 473 484 293 386 313 199 406 202 130 251 455 449 305 506 437 244 701 372 506 491 567 759 132 560 441 480 402 431 136 594 388 177 162 236 410 152 240 577 394 95 558 571 561 360 538 228 628 373 140 601 297 275 343 790 547 371 647 109 298 669 503 543 441 548 393 772 564 547 327 396 327 365 359
996 379 464 342 120 104 174 115 370 794 518 891 240 114 830 483 135 200 728 296 308 561 847 924 368 634 392 218 836 623 545 0 854 439 784 397 681 387 757 193 315 953 548 488 514 622 75 481 785 262 322 568 91 803 711 555 296 532 437 687 929 460 655 587 865 377 468 450 136 435 476 532 755 416 720 605 968 974 792 822 195 675 551 515 581 360 422 840 233 554 42 263 438 704 772 412 169 709 580 755 165 58 685 472 503 391 432 574 918 822 834 448 620 973 38 820 847 461 495 440 278 634 287 849 880 173 725 222 686 848 51 292 854 407 104 472 381 417 133 438 747 128 353 760 487 745 552 386 905 648 52 479 504 925 189 635 795 500 722 689 94 544 349 658 132 767 651 547 783 159 609 821 336 511 929 205 530 488 505 215 400 363 363 739 744 838 454 654 782 80 838 241 630 444 880 534 528 731 883 478 811 101 765 337 479 351 744 262 452 458 675 64 814 375 615 904 646 220 829 722 706 323 171 692 779 54 529 534 390 149 299 510 509 332 125 851 405 333 770 593 368 427 147 845 200 619 836 260 843 230 862 125 825 487 311 404 600 807 729 730 745
731 476 1050 517 974 827 712 932 611 677 423 125 694 744 87 399 719 656 630 671 548 356 62 693 620 270 533 842 390 502 374 854 0 1081 621 981 545 476 105 742 893 186 665 655 614 261 788 822 219 598 661 481 778 60 241 642 712 426 869 238 707 438 235 448 167 601 1003 762 827 652 863 560 121 580 350 462 714 212 310 196 660 435 407 941 323 571 597 371 1042 421 858 861 666 555 356 827 961 747 491 698 986 912 209 1153 553 840 998 280 705 122 258 796 326 227 818 420 575 856 930 949 946 693 895 306 29 977 348 819 284 381 902 615 582 477 890 393 636 545 981 469 268 874 546 728 407 137 887 1087 256 215 895 425 682 155 938 219 613 789 158 580 908 395 723 687 948 678 369 546 715 701 404 378 793 811 677 925 376 386 821 754 471 709 492 341 194 719 412 489 276 779 282 634 632 410 548 323 329 467 120 529 441 785 710 517 811 555 364 857 940 898 274 848 681 854 739 564 237 951 76 289 263 591 689 246 198 897 439 332 696 916 748 426 598 585 903 7 488 970 495 289 716 957 893 13 993 266 338 1025 252 904 637 813 595 898 933 675 315 127 585 198 170
890 678 65 607 415 363 585 508 470 695 874 1159 660 463 1091 808 512 521 658 716 594 727 1098 827 779 940 550 272 892 653 709 439 1081 0 717 102 669 635 1007 623 191 1229 973 462 508 820 435 313 929 612 422 635 430 1047 867 510 726 662 875 856 825 645 948 667 1024 782 122 887 575 858 272 936 1018 819 1069 985 866 1254 891 971 523 1048 906 949 900 513 488 905 266 915 478 236 863 682 851 271 281 566 968 643 309 419 875 77 904 250 98 830 814 1004 1152 318 952 1259 464 861 808 268 929 869 695 534 718 1180 1100 287 818 661 827 908 409 484 811 752 335 778 446 807 373 613 876 559 546 629 676 1013 311 80 1214 869 460 656 932 1196 597 885 733 355 925 654 504 690 782 558 516 667 755 576 661 544 709 884 288 344 841 622 705 805 944 649 628 373 643 832 1039 717 769 1042 1108 494 946 621 572 731 856 813 770 756 1150 870 842 531 645 634 918 729 1097 239 178 895 827 502 713 232 484 873 844 219 1085 847 851 501 553 853 935 395 894 756 820 290 735 865 922 504 543 1080 600 122 775 893 367 854 295 1077 262 815 918 202 1158 224 790 564 774 924 158 830 922 1081 687 1024 1030
213 592 659 548 873 693 761 898 416 56 749 743 805 687 684 664 705 637 60 828 578 387 672 142 833 684 428 619 254 193 384 784 621 717 0 624 120 519 617 818 590 808 998 301 270 450 712 405 403 668 462 258 695 627 394 234 868 340 1079 412 149 427 663 264 478 821 599 1012 857 915 445 901 643 832 844 864 185 833 315 432 645 888 764 1170 689 444 364 274 837 782 816 600 928 96 267 462 775 171 873 93 817 823 453 792 874 488 619 549 139 501 833 409 739 848 767 217 94 450 1151 1129 1024 183 1002 879 623 794 276 909 357 269 807 508 95 683 742 622 403 794 853 422 355 885 474 122 427 651 416 766 860 502 835 412 985 776 958 558 17 364 494 98 876 358 917 159 915 66 287 246 99 714 284 258 495 373 145 964 403 647 1087 848 492 431 564 281 716 100 632 921 820 753 358 715 158 578 145 584 512 157 736 830 193 788 101 589 1065 736 871 597 539 1110 375 823 61 511 233 159 455 720 673 338 371 481 710 398 423 792 779 477 921 735 903 744 919 472 897 625 453 658 127 650 429 1125 713 626 793 444 304 784 832 663 79 837 58 1127 633 913 703 704 60 707 691
804 590 77 517 402 306 523 484 370 606 790 1061 598 397 993 721 446 444 564 652 508 626 999 739 711 849 452 199 791 551 608 397 981 102 624 0 570 542 909 567 102 1132 908 360 406 720 377 218 828 535 325 533 368 948 765 410 668 560 833 755 738 547 854 565 922 713 73 833 532 794 181 863 920 748 982 905 780 1157 789 870 447 966 822 913 810 416 387 804 277 832 439 155 800 584 750 170 263 480 890 554 300 391 775 178 831 148 35 734 727 903 1060 219 863 1162 415 761 713 174 892 837 668 440 684 1089 1000 275 716 617 725 807 377 392 716 669 296 689 345 733 362 515 775 523 451 543 577 917 233 144 1120 770 428 557 870 1098 572 788 640 259 824 556 475 589 726 465 495 576 653 474 574 477 607 783 188 251 752 594 606 717 895 596 534 272 553 730 945 631 680 963 1017 439 844 549 475 640 760 720 674 656 1052 795 742 480 557 547 869 653 1010 158 93 855 726 461 624 130 393 778 744 190 987 745 749 406 485 752 833 362 812 658 761 255 681 782 853 409 513 981 503 69 677 801 266 823 251 977 255 715 816 209 1065 168 698 518 679 884 87 769 832 985 591 930 934
327 473 617 429 777 595 647 794 310 160 632 661 688 579 598 546 594 524 93 709 460 272 590 257 714 576 312 533 230 74 268 681 545 669 120 570 0 400 525 703 520 729 879 218 177 344 607 358 333 550 361 138 591 542 306 160 750 221 961 318 266 307 556 146 420 701 559 893 746 795 401 782 549 712 736 749 299 755 258 369 532 776 648 1052 576 331 259 246 756 667 710 521 809 25 210 401 689 202 757 160 729 723 358 746 755 425 572 438 257 430 737 351 628 768 662 196 167 402 1033 1013 912 161 888 781 551 708 199 795 265 246 708 398 173 563 648 504 302 675 760 303 279 776 358 189 308 555 393 708 770 399 733 293 865 696 850 452 125 317 404 36 771 241 798 148 811 147 185 135 184 601 171 226 418 332 257 854 286 530 967 733 373 343 444 209 617 211 514 806 719 644 311 598 104 459 203 470 397 94 653 712 175 677 174 470 945 617 764 518 495 992 280 716 173 447 214 225 353 640 588 256 283 369 596 306 350 694 662 362 802 646 786 627 800 359 790 548 334 594 107 539 343 1009 623 547 710 338 267 708 737 582 189 726 146 1008 564 794 591 613 60 606 593
724 76 617 45 506 351 279 479 196 553 275 533 300 273 467 191 258 187 481 313 81 186 479 656 314 307 119 376 482 327 173 387 476 635 519 542 400 0 386 328 444 601 488 319 307 236 316 446 402 164 221 262 304 431 328 358 355 188 564 302 666 97 313 262 479 302 581 493 394 397 476 401 392 316 447 399 697 625 422 438 192 448 302 654 271 139 220 481 566 317 398 402 410 424 414 420 486 529 395 534 511 443 298 701 371 422 566 201 657 436 518 410 326 628 353 476 551 464 636 621 547 447 511 547 501 502 365 420 309 491 432 150 559 174 414 153 229 281 509 97 370 435 95 554 113 385 529 627 580 264 432 115 470 569 508 262 524 430 336 424 454 184 400 460 496 533 295 284 563 249 263 465 360 453 653 503 155 183 567 353 27 293 45 377 405 605 150 460 476 319 462 212 407 100 568 179 147 410 524 327 474 336 548 72 546 217 476 398 526 595 295 393 569 428 463 593 260 479 463 347 326 137 239 309 394 425 302 148 402 441 392 267 411 135 459 473 71 516 456 259 301 620 418 469 518 233 471 552 524 436 587 376 541 610 478 394 292 452 460 390 397
