NAME : X-n209-k16_SARP
COMMENT : Curated from VRPLIB to SARP
TYPE : SARP
DIMENSION : 209
EDGE_WEIGHT_TYPE : EXPLICIT
EDGE_WEIGHT_FORMAT : FULL_MATRIX
EDGE_WEIGHT_SECTION
0 440 1126 1276 931 1094 1062 271 174 442 952 731 1144 713 921 908 479 892 479 613 1176 784 1000 992 223 967 1158 576 978 935 475 276 411 987 1002 972 637 463 1385 961 221 836 845 300 894 934 974 646 792 670 629 542 617 243 700 855 576 395 1067 803 1284 981 922 884 706 974 766 339 967 9 615 674 731 889 912 209 705 966 1367 607 823 1066 1238 818 567 844 758 569 1179 626 319 524 443 994 297 244 794 947 246 916 685 551 1196 763 1003 1298 1007 892 487 621 708 1039 1014 819 867 804 933 1301 409 928 908 1015 495 1034 548 973 867 442 645 627 866 488 354 592 717 1072 754 975 988 1014 431 884 912 1198 717 573 916 315 356 997 621 555 973 461 764 978 505 292 954 339 378 983 919 968 705 896 535 563 728 575 337 402 914 1191 914 584 486 1289 1042 1031 765 468 596 809 58 1003 1123 926 721 551 999 716 750 1030 778 887 1103 765 650 913 1004 1278 700 653 769 234 1113 636 563
440 0 686 863 636 715 622 323 307 155 637 526 719 538 501 571 157 713 234 205 736 454 574 770 249 733 718 375 574 499 178 188 155 669 567 534 206 369 957 589 283 407 405 320 490 598 598 286 353 248 277 235 250 330 374 415 306 163 712 431 847 542 503 469 363 756 421 217 538 435 498 320 366 543 577 361 337 624 942 234 623 690 835 477 145 410 493 196 776 258 198 300 152 613 143 226 393 583 206 489 288 215 755 471 575 865 569 720 194 181 302 615 636 541 638 377 492 880 148 641 523 627 94 627 309 647 440 112 278 187 445 115 219 170 280 646 320 715 592 577 291 453 538 766 429 232 634 250 94 562 427 195 596 103 468 698 265 321 786 209 226 569 719 649 295 591 130 159 288 312 107 78 715 800 537 171 369 858 629 592 598 216 366 478 402 566 688 490 546 111 676 384 551 740 378 641 697 335 305 473 689 851 355 282 392 207 675 213 201
1126 686 0 394 694 484 67 966 985 732 614 819 262 863 292 584 687 930 753 548 87 571 259 887 922 850 75 795 371 230 703 861 759 651 192 181 496 896 372 455 946 319 286 950 394 556 440 566 336 485 585 684 590 983 619 272 695 769 565 508 215 157 323 354 566 888 545 849 224 1121 917 583 521 527 590 1022 526 544 379 589 860 491 428 574 568 298 721 612 407 584 842 767 730 423 829 898 444 515 886 293 497 640 80 672 239 262 158 944 713 505 482 224 436 705 820 350 196 366 749 713 415 440 641 316 732 588 301 711 559 499 319 664 842 546 419 206 383 793 406 163 844 276 449 221 652 640 719 878 772 163 810 631 435 688 636 747 752 955 985 835 830 326 902 607 463 660 605 591 399 702 790 731 901 467 477 558 877 278 286 100 895 748 761 597 1088 146 116 222 866 577 641 605 833 741 433 791 369 380 603 222 665 308 566 550 484 893 121 504 625
1276 863 394 0 518 241 433 1051 1110 835 995 730 160 776 652 447 929 761 816 666 314 919 295 674 1111 647 321 787 299 394 951 1050 867 448 333 386 733 916 163 837 1145 632 505 1028 383 935 825 862 588 615 877 745 660 1076 608 514 989 995 324 486 236 500 360 395 888 682 885 948 590 1269 867 613 845 898 449 1119 840 928 129 670 723 269 69 504 797 599 637 707 113 652 1054 797 834 810 994 1088 483 377 1066 378 788 907 343 598 301 183 358 775 795 703 569 613 826 590 665 654 457 56 975 537 786 283 858 707 1021 972 631 834 851 706 657 790 935 782 593 599 652 587 296 343 894 605 823 174 987 708 549 1101 957 527 775 722 819 816 982 541 799 1035 792 1057 915 294 721 990 752 511 835 717 625 997 967 930 722 146 384 800 890 151 678 455 782 821 753 523 1226 507 510 554 775 758 433 590 733 509 757 628 176 664 637 449 451 104 886 844 816 1059 287 754 714
931 636 694 518 0 278 677 666 758 523 1093 236 490 278 777 112 773 248 461 452 665 944 434 196 839 157 656 359 323 495 797 791 549 73 506 537 641 486 678 967 881 693 540 638 315 1035 963 807 598 451 812 416 388 694 262 566 898 799 197 249 682 674 383 365 870 195 902 598 751 923 384 319 843 980 106 735 821 1045 646 405 206 251 452 174 665 663 175 440 407 381 825 408 524 962 715 822 329 179 791 422 751 796 703 172 455 654 545 262 471 573 388 821 985 112 147 691 581 568 783 20 893 267 689 898 915 1085 717 548 794 586 743 524 582 668 503 829 644 104 291 536 501 703 927 570 970 405 31 878 713 714 322 441 958 543 989 67 431 646 293 841 557 367 213 1096 725 48 692 484 577 905 710 714 213 377 220 687 460 626 877 672 269 476 335 164 874 699 788 683 274 580 90 253 230 104 783 110 374 669 332 547 81 587 864 792 837 768 586 670 435
1094 715 484 241 278 0 490 851 923 654 1003 493 237 538 658 213 814 523 619 510 433 887 253 443 954 413 429 567 165 354 837 897 684 209 328 377 635 698 401 855 992 602 446 825 234 941 847 789 527 473 800 553 481 877 400 466 905 866 90 292 420 521 259 273 834 449 848 757 611 1087 634 421 797 894 213 920 783 943 369 494 482 31 176 284 685 567 403 534 130 472 913 588 653 839 831 933 323 151 907 297 720 811 471 370 272 385 368 536 607 585 414 663 859 353 424 613 442 291 846 297 789 89 734 752 931 986 614 662 777 593 642 623 743 677 482 661 587 352 132 354 687 592 827 313 938 522 308 964 806 558 548 545 841 648 944 305 597 833 557 921 720 199 483 1001 686 271 721 557 538 913 812 790 484 106 181 697 672 355 726 497 542 627 534 300 1041 539 595 554 537 624 194 382 494 280 718 387 117 608 444 418 214 313 830 771 778 893 365 661 537
1062 622 67 433 677 490 0 908 924 675 564 785 286 828 231 565 620 907 699 493 145 510 247 872 856 833 130 750 359 191 636 795 701 640 172 144 430 846 429 406 880 252 227 893 367 505 392 499 270 430 518 632 539 924 579 211 629 702 565 475 275 90 296 323 501 871 482 791 164 1057 875 538 456 472 572 963 460 496 433 537 832 493 458 545 502 230 688 557 429 534 776 718 672 378 765 832 404 500 821 262 429 572 146 639 226 319 132 920 658 442 432 182 393 678 796 283 138 411 682 696 359 435 575 276 665 540 235 651 491 435 254 605 784 479 360 173 316 779 396 142 791 209 395 262 589 588 701 811 707 101 768 576 387 628 574 734 701 897 964 768 773 314 881 558 396 640 538 533 334 635 726 665 879 487 457 491 827 331 247 33 863 694 716 568 1024 82 111 155 831 514 632 566 801 733 367 769 380 313 557 168 655 355 501 483 419 828 146 438 571
271 323 966 1051 666 851 908 0 113 234 948 460 934 442 818 654 444 622 235 419 1001 766 795 721 283 696 983 308 754 751 454 282 207 725 814 795 523 192 1176 911 319 720 681 29 672 914 921 601 650 482 589 307 397 28 451 697 585 389 814 566 1094 838 713 673 676 703 736 117 848 262 346 439 685 860 656 70 656 942 1154 391 552 821 1006 568 467 717 491 360 948 404 345 265 236 936 226 283 575 700 255 716 610 517 1026 502 803 1099 827 623 261 479 501 928 959 553 595 692 771 1082 390 661 845 777 411 948 573 961 754 257 595 490 762 303 124 492 548 957 630 705 757 831 167 764 860 997 725 346 649 380 290 863 351 342 918 281 768 710 254 20 686 372 139 767 648 961 617 634 451 375 584 589 266 337 643 952 674 494 215 1085 947 880 495 231 331 555 213 864 988 793 450 409 738 468 479 762 701 617 875 649 414 744 741 1067 668 600 713 217 928 534 349
174 307 985 1110 758 923 924 113 0 275 896 563 982 549 807 735 393 731 305 454 1029 717 840 827 186 799 1011 405 811 783 398 203 243 814 848 823 513 300 1224 877 216 714 700 139 727 868 888 560 657 514 546 370 449 90 526 713 522 324 893 632 1130 847 760 721 630 809 691 166 845 166 457 503 646 817 738 82 618 897 1205 440 658 894 1070 645 448 717 585 404 1011 458 265 351 276 906 175 192 628 774 171 757 583 470 1051 590 845 1141 857 733 316 483 546 922 927 647 699 684 790 1136 331 755 816 844 382 930 504 912 747 281 556 492 751 328 181 474 569 953 627 805 819 863 260 760 826 1040 665 403 744 290 244 868 452 388 886 303 711 806 332 131 797 292 204 819 755 910 596 723 424 404 591 524 220 294 750 1021 743 471 321 1130 933 894 604 296 424 635 118 871 995 797 557 411 826 543 584 857 676 718 935 642 479 767 831 1117 623 563 679 137 961 518 396
442 155 732 835 523 654 675 234 275 0 782 381 709 388 600 478 312 568 80 186 767 600 567 635 316 600 750 223 537 518 332 269 31 568 581 561 314 220 951 718 358 499 448 219 453 739 725 431 421 248 424 108 175 253 268 465 461 303 632 362 862 607 486 448 509 620 564 118 624 435 343 233 506 682 483 294 477 762 931 166 480 625 796 385 275 492 363 130 737 184 309 148 3 737 192 299 353 508 269 486 419 369 792 352 574 870 594 574 52 257 272 706 761 418 502 474 537 862 291 525 647 573 245 734 463 789 534 43 422 271 545 74 109 296 315 733 410 590 546 598 143 540 667 768 582 132 515 362 200 634 276 114 722 61 618 580 113 223 640 329 99 544 578 792 417 481 274 141 357 467 192 218 574 749 473 305 216 858 730 648 449 62 219 379 391 633 758 566 396 195 577 283 405 626 501 510 661 432 210 510 586 843 501 425 526 246 696 331 122
952 637 614 995 1093 1003 564 948 896 782 0 1091 842 1118 348 988 505 1263 852 691 701 183 753 1277 735 1236 688 975 842 649 498 697 789 1087 685 631 487 1001 985 159 731 406 564 951 800 61 174 352 496 662 361 820 768 949 881 542 378 572 1055 845 826 498 750 749 274 1269 218 853 405 952 1110 818 277 113 995 969 306 71 993 755 1173 994 1013 923 507 439 1020 742 976 771 640 908 779 193 726 719 764 950 730 709 370 431 686 978 736 876 650 1274 804 559 716 391 187 1042 1163 403 562 975 565 1108 214 924 544 303 404 34 389 739 361 543 361 716 856 489 595 415 451 1195 879 665 924 410 176 826 235 791 1107 637 659 468 1018 756 179 721 188 1160 875 950 1334 616 863 804 1254 18 384 1047 509 691 519 377 683 612 1251 1029 895 478 997 892 333 541 1173 836 953 938 944 489 514 451 1125 596 1084 879 1114 1180 312 1150 912 424 821 585 1106 919 282 357 265 760 709 462 756
731 526 819 730 236 493 785 460 563 381 1091 0 668 46 821 283 680 187 303 400 813 921 572 264 679 236 801 164 478 594 702 642 398 308 629 642 606 269 884 989 721 723 596 431 429 1038 990 762 625 432 761 292 323 488 218 621 824 683 425 311 859 756 498 465 836 247 880 418 815 722 148 277 819 981 281 525 793 1055 854 337 100 463 669 249 604 700 100 356 617 320 688 236 383 995 563 665 383 356 634 526 724 724 849 148 589 841 662 194 333 533 388 894 1019 140 136 711 663 776 670 224 913 453 602 954 832 1089 754 418 750 549 776 413 402 615 507 910 651 248 458 657 306 747 943 746 925 308 211 740 581 794 112 347 986 423 954 262 269 439 260 709 377 514 199 1098 707 225 619 408 581 830 571 597 194 598 366 631 245 817 940 772 83 321 161 226 673 784 893 745 47 510 324 226 25 316 781 160 567 678 271 628 318 784 829 751 825 603 731 633 343
1144 719 262 160 490 237 286 934 982 709 842 668 0 714 496 394 775 738 700 530 198 760 145 672 968 638 197 694 193 236 796 907 739 432 173 226 578 816 242 685 1001 472 347 912 265 781 674 702 429 475 717 628 537 956 509 354 830 844 325 384 193 344 222 261 728 676 726 825 437 1137 792 500 685 742 398 999 680 776 224 544 682 252 172 423 643 439 569 579 145 529 906 691 707 661 855 945 359 318 925 230 629 750 235 524 146 174 198 752 673 552 437 468 678 534 631 494 297 163 824 510 630 223 707 562 862 820 472 702 691 554 498 656 813 627 443 458 492 579 210 183 784 446 668 80 827 587 519 951 813 375 692 595 668 682 822 531 688 919 781 908 795 168 702 837 592 468 682 581 469 838 825 783 703 205 303 645 792 154 533 304 732 702 659 445 1096 354 378 396 715 612 419 492 676 514 597 597 121 504 524 289 442 134 726 684 656 920 143 597 587
713 538 863 776 278 538 828 442 549 388 1118 46 714 0 857 329 694 185 308 427 858 946 617 280 675 257 845 165 524 636 716 642 402 350 673 685 632 250 930 1021 717 757 634 414 473 1066 1022 784 659 464 783 308 350 470 255 659 840 691 469 355 905 796 542 508 859 261 906 412 852 704 111 310 844 1009 327 505 818 1084 900 363 110 509 714 294 625 735 146 378 663 349 691 240 390 1028 563 663 424 402 631 570 750 741 893 193 634 887 705 188 344 559 423 932 1052 186 161 744 703 822 679 264 945 499 618 991 846 1118 789 428 773 575 810 428 396 638 540 949 683 278 504 701 298 783 974 793 946 330 251 742 587 833 112 367 1018 435 977 297 275 422 255 713 372 559 206 1126 734 269 638 431 613 846 575 606 201 643 412 653 228 863 977 813 60 327 172 272 655 824 934 783 8 531 366 264 47 351 811 191 613 710 301 668 359 830 852 774 853 599 776 658 365
921 501 292 652 777 658 231 818 807 600 348 821 496 857 0 667 448 975 649 448 376 280 406 969 702 928 360 740 500 304 458 645 620 760 337 283 296 805 660 198 718 103 237 810 469 287 190 298 198 398 317 595 518 829 603 211 420 534 715 537 506 152 411 417 280 964 254 704 68 918 876 546 237 246 674 862 248 285 663 509 890 651 666 616 359 122 736 512 628 516 611 688 597 185 635 679 454 619 675 370 240 385 371 689 388 550 301 987 602 343 434 119 208 745 868 127 215 636 517 794 135 583 428 136 457 329 69 566 293 330 56 526 701 333 318 152 191 881 538 317 737 75 172 487 361 556 795 637 569 130 773 530 185 543 344 842 662 812 1041 598 698 460 958 345 216 733 387 471 252 426 591 521 956 681 566 338 793 562 130 202 904 638 711 634 892 149 227 104 862 409 756 596 841 854 155 849 564 169 557 241 778 583 282 284 196 691 368 289 528
908 571 584 447 112 213 565 654 735 478 988 283 394 329 667 0 696 349 430 374 560 844 325 308 792 268 550 359 216 383 720 739 507 103 395 425 549 490 601 858 832 586 431 627 202 929 854 714 492 361 720 372 321 681 210 456 812 732 160 151 587 561 271 253 774 306 802 570 640 900 422 252 744 875 7 723 724 938 571 337 288 182 387 94 580 554 191 376 334 313 766 389 478 852 667 773 226 76 744 310 655 712 597 159 345 564 434 362 428 484 296 709 875 144 239 585 468 493 714 131 785 173 612 786 832 978 608 496 701 496 635 464 554 580 404 717 540 216 187 425 487 593 820 474 875 350 136 819 655 601 336 381 849 487 892 175 403 635 401 779 530 259 318 991 626 76 610 413 476 820 655 649 317 318 108 600 464 538 765 560 339 441 328 100 853 587 676 572 328 501 107 195 287 192 680 208 286 566 271 435 124 503 768 698 736 724 480 577 374
479 157 687 929 773 814 620 444 393 312 505 680 775 694 448 696 0 867 392 322 752 324 634 918 256 880 734 532 660 542 24 204 308 798 609 565 199 522 1002 486 270 375 434 448 581 474 499 169 359 343 153 388 385 443 514 434 150 85 824 549 874 532 576 548 237 905 298 355 501 476 655 454 255 423 703 465 228 504 992 369 777 792 911 606 133 391 640 336 856 392 163 458 309 518 221 235 493 696 236 552 208 76 764 614 630 901 600 875 351 230 406 567 538 684 788 342 508 938 69 780 430 725 84 556 152 520 402 269 167 225 396 267 362 149 338 601 305 858 684 611 444 422 436 809 282 379 774 191 154 540 584 340 497 259 325 837 422 447 940 151 373 645 871 519 233 726 94 289 308 156 178 108 867 888 646 132 524 899 565 588 754 373 522 610 457 550 663 471 702 196 803 521 705 875 300 788 776 308 443 499 818 901 230 175 291 261 704 184 345
892 713 930 761 248 523 907 622 731 568 1263 187 738 185 975 349 867 0 489 577 908 1097 672 123 860 126 899 348 564 718 889 825 583 313 739 764 783 431 923 1153 902 881 741 594 539 1208 1152 942 782 601 943 479 500 649 382 767 1009 870 437 441 930 891 610 585 1015 105 1057 596 960 883 277 446 995 1151 343 683 970 1223 890 515 91 497 694 364 786 855 243 539 652 497 874 421 570 1154 747 848 522 423 816 646 900 909 946 287 692 902 777 14 520 710 549 1035 1179 232 111 873 797 813 857 228 1077 514 788 1104 1018 1259 910 605 931 725 934 600 581 796 670 1048 816 179 535 769 482 900 1109 818 1107 492 219 925 767 931 294 531 1147 610 1134 222 455 602 73 895 557 607 45 1269 881 272 804 591 747 1016 757 784 42 617 454 813 411 874 1087 898 127 507 348 344 834 918 1017 890 176 693 329 384 163 264 951 141 622 843 445 762 311 835 1008 930 999 784 828 810 527
479 234 753 816 461 619 699 235 305 80 852 303 700 308 649 430 392 489 0 209 779 672 565 561 382 527 762 143 519 529 412 340 95 512 589 576 374 156 942 780 424 547 474 212 437 807 786 504 461 270 498 73 166 260 221 494 540 383 588 332 865 639 481 442 581 545 635 140 667 470 264 204 575 750 434 303 546 829 920 164 402 590 772 340 345 535 294 143 713 174 385 68 83 796 262 367 342 470 335 487 485 446 807 290 574 868 607 495 49 310 275 749 820 353 428 524 562 847 372 461 707 543 322 785 543 857 581 122 494 325 595 136 124 364 346 774 459 521 522 609 91 585 730 765 658 115 451 437 279 669 196 124 782 135 693 515 34 219 561 406 101 533 501 862 479 423 349 178 399 546 268 298 496 719 441 375 147 853 779 675 369 18 142 330 423 666 790 604 316 258 523 238 327 564 563 439 640 483 179 532 530 834 574 496 593 308 704 395 129
613 205 548 666 452 510 493 419 454 186 691 400 530 427 448 374 322 577 209 0 581 521 387 610 448 570 564 294 372 332 347 389 215 475 396 375 206 361 772 597 485 345 266 403 287 639 600 366 255 63 368 148 78 438 201 286 446 361 508 229 678 430 309 272 437 599 480 304 460 607 431 137 419 581 380 479 393 657 754 65 487 484 634 283 214 330 337 66 575 81 404 240 183 607 329 426 188 379 402 303 324 344 607 302 391 687 408 587 165 133 98 542 632 372 485 326 355 688 342 461 522 422 239 585 462 690 380 172 354 148 396 126 295 221 137 567 262 542 388 413 300 380 548 586 531 108 455 455 297 460 331 85 596 152 556 518 216 407 650 413 282 372 573 698 307 405 240 51 197 454 304 281 570 596 332 238 347 676 576 467 482 202 267 289 566 458 581 396 434 128 481 204 424 554 384 479 496 288 133 326 496 665 430 353 425 393 510 233 81
1176 736 87 314 665 433 145 1001 1029 767 701 813 198 858 376 560 752 908 779 581 0 655 241 855 978 819 18 807 344 250 769 916 796 615 192 206 556 915 285 542 1005 393 331 983 385 643 527 641 394 519 659 708 613 1020 625 323 771 831 518 506 130 233 318 355 645 857 628 885 309 1171 921 596 601 614 565 1060 604 631 292 615 844 444 354 564 628 368 713 642 341 607 902 786 765 510 879 954 452 487 940 298 569 709 38 665 224 175 173 922 742 556 504 311 523 690 799 423 246 282 811 685 501 402 699 403 806 675 379 750 632 552 399 703 876 607 460 291 447 761 375 170 869 353 536 142 735 664 693 940 826 246 816 660 522 727 720 714 775 988 958 897 863 303 877 693 535 636 666 627 453 778 842 787 877 401 456 621 894 192 373 177 885 777 771 587 1135 227 197 298 860 626 604 609 825 702 511 768 315 449 619 263 627 223 645 624 564 944 82 568 654
784 454 571 919 944 887 510 766 717 600 183 921 760 946 280 844 324 1097 672 521 655 0 649 1120 563 1079 640 798 723 541 319 521 606 945 591 536 315 819 939 190 564 290 441 768 668 151 207 169 362 499 178 643 598 767 717 423 210 395 929 695 785 427 628 620 91 1111 41 669 347 783 932 652 102 106 851 789 128 182 940 584 1007 875 926 770 327 325 855 567 881 601 467 729 597 231 545 545 617 814 554 590 197 249 651 816 635 829 562 1107 624 388 558 372 245 882 1001 275 464 909 387 956 172 803 360 314 243 196 288 557 178 372 263 535 673 310 441 404 305 1043 758 577 742 314 153 761 91 616 954 471 478 410 843 580 208 539 64 1011 696 767 1169 445 680 690 1091 196 219 896 326 515 367 212 502 429 1088 930 759 297 816 839 336 480 1001 656 778 783 771 428 496 367 952 418 945 716 944 1035 170 991 810 282 653 478 965 858 99 175 110 582 642 288 581
1000 574 259 295 434 253 247 795 840 567 753 572 145 617 406 325 634 672 565 387 241 649 0 628 823 590 229 574 113 108 656 762 598 394 76 124 438 689 385 603 856 359 215 775 145 691 594 573 299 330 586 492 399 817 389 228 698 701 320 267 303 268 84 123 606 629 612 684 358 993 683 369 565 646 331 860 556 691 368 405 604 251 284 323 502 324 472 438 234 392 762 562 566 586 710 800 224 255 780 85 500 613 277 424 21 303 117 686 534 409 295 412 606 450 562 375 191 307 681 454 539 188 564 500 728 735 367 559 561 411 395 513 673 487 299 412 363 534 149 105 651 343 577 201 708 450 460 808 668 306 579 455 589 539 709 488 555 781 726 764 657 67 643 751 464 401 540 437 330 706 680 639 642 281 218 505 667 290 474 249 644 565 538 346 953 287 357 302 619 467 385 373 584 486 481 532 161 378 393 171 409 278 603 554 541 776 159 460 447
992 770 887 674 196 443 872 721 827 635 1277 264 672 280 969 308 918 123 561 610 855 1120 628 0 941 41 847 427 516 691 941 901 655 240 701 733 810 529 837 1155 983 882 732 692 510 1219 1153 974 784 621 977 536 537 749 409 758 1053 931 354 433 861 869 579 560 1042 19 1079 681 945 983 385 473 1018 1164 301 785 995 1231 803 553 169 422 605 355 824 852 278 583 570 531 944 496 636 1152 822 927 516 373 895 617 925 952 893 307 649 828 741 132 585 739 562 1016 1176 239 133 878 776 728 917 177 1081 453 836 1092 1066 1270 907 668 962 753 933 655 665 830 682 1025 826 94 482 731 570 894 1114 751 1139 539 174 996 834 909 376 578 1148 669 1162 142 527 701 121 963 640 561 81 1281 901 236 846 632 758 1061 827 845 86 528 416 848 506 798 1072 868 232 578 419 339 934 894 983 877 272 733 253 406 243 165 965 131 552 853 479 742 231 756 1036 960 1016 866 777 838 573
223 249 922 1111 839 954 856 283 186 316 735 679 968 675 702 792 256 860 382 448 978 563 823 941 0 909 960 515 820 747 252 62 291 883 815 779 427 442 1206 738 42 621 648 302 735 714 751 423 587 496 406 424 475 268 584 655 358 173 942 664 1093 772 751 717 484 924 544 264 751 221 600 541 508 668 797 268 483 745 1191 461 778 928 1081 698 355 632 676 421 1023 484 97 445 316 771 125 24 636 815 48 738 464 329 995 668 824 1112 815 864 368 424 546 821 791 733 808 589 732 1129 187 840 686 869 282 813 333 755 651 296 423 427 648 332 279 379 528 854 543 903 836 823 379 669 689 1014 501 442 831 106 155 785 567 413 750 307 547 896 415 297 930 119 303 817 877 751 486 798 320 399 526 358 144 192 872 1044 774 369 456 1106 821 825 734 366 522 694 208 793 910 714 683 358 893 597 702 943 556 820 944 551 521 716 902 1100 477 431 546 76 921 422 420
967 733 850 647 157 413 833 696 799 600 1236 236 638 257 928 268 880 126 527 570 819 1079 590 41 909 0 811 397 479 651 904 868 621 206 662 693 770 504 810 1114 951 841 691 667 470 1178 1112 934 743 581 937 500 498 724 370 717 1014 895 324 392 829 829 539 520 1002 38 1038 651 905 958 366 433 977 1123 262 761 954 1190 776 514 148 390 578 314 784 811 241 544 541 492 910 464 602 1111 789 894 475 335 862 578 884 913 857 268 611 797 702 138 550 699 521 976 1135 199 101 836 735 700 880 138 1040 418 798 1051 1028 1229 866 633 922 713 892 618 635 790 641 985 785 60 445 692 541 853 1073 718 1099 502 134 962 799 869 347 541 1107 633 1122 108 494 675 145 928 610 524 81 1240 860 196 807 594 717 1022 792 808 84 501 376 809 481 767 1031 828 216 544 387 298 909 855 944 836 250 694 220 366 217 141 924 92 520 812 440 702 199 726 996 920 976 834 741 798 535
1158 718 75 321 656 429 130 983 1011 750 688 801 197 845 360 550 734 899 762 564 18 640 229 847 960 811 0 791 334 233 751 898 778 608 177 189 538 899 300 529 987 376 313 966 372 630 515 623 376 501 641 691 597 1002 610 305 753 813 513 492 147 216 304 341 628 849 611 868 293 1153 907 581 584 600 555 1043 586 619 305 598 833 439 358 552 610 350 701 624 341 590 884 770 747 498 861 936 437 477 922 283 551 691 48 652 211 190 156 912 725 538 488 299 511 679 789 405 228 291 793 676 487 394 681 391 789 662 362 732 614 534 382 685 859 588 442 281 429 753 366 154 852 335 522 147 718 647 684 922 807 230 801 643 510 709 704 706 758 971 949 879 845 292 867 681 517 626 647 610 434 760 824 769 867 402 445 603 878 204 362 160 873 760 756 575 1117 211 189 280 847 608 597 595 813 696 494 758 312 430 603 245 620 233 628 606 548 925 71 549 637
576 375 795 787 359 567 750 308 405 223 975 164 694 165 740 359 532 348 143 294 807 798 574 427 515 397 791 0 502 565 553 478 237 421 615 614 489 132 928 890 557 638 536 279 432 926 893 633 544 343 629 155 223 336 185 560 679 526 518 311 875 703 491 453 709 411 759 254 746 567 137 212 698 868 360 376 670 946 902 231 264 536 734 285 472 620 184 234 678 225 526 75 226 901 399 501 354 416 470 509 605 583 838 201 587 868 640 353 181 419 320 828 925 246 296 620 616 826 515 354 815 505 459 876 684 977 671 264 622 434 689 268 238 488 423 850 556 400 495 639 145 670 840 767 791 187 342 577 421 738 54 220 889 273 824 402 111 287 419 548 213 528 363 983 594 329 482 284 490 686 410 441 358 672 403 501 105 848 866 730 226 161 36 267 518 731 850 679 173 380 434 202 188 454 674 313 613 582 193 583 436 822 702 623 711 439 726 513 219
978 574 371 299 323 165 359 754 811 537 842 478 193 524 500 216 660 564 519 372 344 723 113 516 820 479 334 502 0 196 683 760 568 281 187 228 475 626 427 698 856 439 282 731 85 781 690 625 362 326 637 447 362 778 318 302 744 717 215 193 381 372 94 112 669 517 684 649 459 971 599 315 632 732 221 821 619 784 402 372 500 153 262 230 529 404 378 409 203 353 770 503 536 684 701 798 185 144 774 133 556 651 382 332 133 368 228 578 496 430 274 518 705 348 455 449 287 329 697 343 630 83 582 604 771 826 453 537 613 436 481 494 636 519 323 522 423 422 38 217 598 432 667 270 773 409 349 819 668 411 499 424 685 520 779 376 503 737 615 776 617 45 533 841 522 292 566 422 375 752 676 646 533 228 113 539 602 346 580 359 545 523 467 253 928 394 469 398 525 476 272 301 487 374 553 423 124 443 340 259 296 320 666 608 613 764 264 500 416
935 499 230 394 495 354 191 751 783 518 649 594 236 636 304 383 542 718 529 332 250 541 108 691 747 651 233 565 196 0 562 684 547 467 68 49 343 668 462 502 777 252 111 733 181 587 494 468 195 270 483 459 364 770 389 121 595 613 412 283 349 180 113 133 499 688 504 636 264 929 687 353 458 541 389 811 450 589 450 365 642 347 389 355 410 217 497 392 341 358 679 539 515 487 640 723 214 324 705 73 395 515 278 448 95 365 77 731 492 324 255 327 509 488 607 268 90 397 593 513 435 279 477 409 627 632 261 502 457 324 289 455 627 393 219 334 258 599 235 81 620 238 473 269 601 415 517 722 592 219 580 410 489 480 601 555 526 738 778 678 613 156 694 647 359 456 449 379 234 603 606 558 692 388 276 411 648 360 386 180 672 527 530 377 891 204 300 202 640 389 460 376 609 561 373 582 269 272 374 64 484 359 496 450 433 705 179 362 404
475 178 703 951 797 837 636 454 398 332 498 702 796 716 458 720 24 889 412 347 769 319 656 941 252 904 751 553 683 562 0 203 327 822 629 585 219 539 1021 487 262 388 453 459 604 470 500 171 377 366 154 411 409 452 538 453 134 79 848 573 892 547 598 571 234 928 295 369 513 473 675 478 256 420 727 472 231 500 1012 393 799 816 934 630 155 406 664 360 878 416 157 478 329 519 229 231 517 720 236 574 218 77 780 638 651 920 619 897 372 253 430 577 539 708 811 356 526 959 68 804 434 748 108 563 131 514 415 289 171 247 407 289 377 169 361 611 322 882 708 631 461 436 437 829 271 402 797 178 164 554 605 363 498 280 315 861 442 458 963 140 389 667 894 512 245 750 117 313 328 139 188 121 890 911 670 152 542 919 572 603 776 393 544 634 456 565 676 485 723 220 827 545 727 899 308 812 799 323 467 518 842 921 227 180 294 264 723 203 368
276 188 861 1050 791 897 795 282 203 269 697 642 907 642 645 739 204 825 340 389 916 521 762 901 62 868 898 478 760 684 203 0 246 833 753 717 366 419 1144 690 96 562 586 296 676 672 702 373 525 436 356 375 420 272 533 593 321 125 887 608 1030 711 690 656 437 885 498 237 692 274 573 488 458 623 744 282 432 702 1129 406 741 871 1021 645 294 572 632 366 963 429 64 406 268 721 79 38 577 760 33 677 408 279 933 620 762 1050 752 830 321 361 487 763 742 687 768 530 670 1068 136 793 634 811 221 758 301 715 593 244 371 364 591 276 250 318 466 796 482 859 777 761 350 610 640 952 464 389 784 103 93 725 532 358 701 253 510 849 374 292 897 91 272 757 840 712 429 748 260 340 464 322 85 130 835 985 717 310 430 1044 765 764 701 323 482 642 253 732 851 654 650 296 842 545 665 895 502 778 884 491 468 654 852 1039 430 379 495 67 858 362 366
411 155 759 867 549 684 701 207 243 31 789 398 739 402 620 507 308 583 95 215 796 606 598 655 291 621 778 237 568 547 327 246 0 595 611 589 329 215 982 731 332 519 475 193 484 748 739 437 445 277 430 136 206 224 297 491 459 291 662 392 892 632 517 479 515 640 572 90 646 404 349 264 515 691 512 264 486 773 962 197 497 656 827 414 286 514 386 161 768 215 290 162 33 752 168 274 384 538 243 516 430 370 820 377 604 900 623 589 79 277 303 727 775 442 522 493 564 893 281 550 661 604 248 753 458 797 554 54 429 290 564 97 83 308 341 755 430 613 577 627 137 562 680 798 584 162 540 342 185 658 290 145 736 77 622 605 129 197 656 311 78 576 596 800 431 508 280 169 379 464 173 209 591 781 503 315 215 888 750 674 462 77 237 408 360 658 783 589 410 212 605 312 422 652 515 532 692 451 241 538 614 874 508 433 537 219 725 345 153
987 669 651 448 73 209 640 725 814 568 1087 308 432 350 760 103 798 313 512 475 615 945 394 240 883 206 608 421 281 467 822 833 595 0 468 505 652 550 610 953 924 682 525 698 291 1027 948 817 590 464 824 460 419 753 300 550 915 831 125 254 623 646 354 343 876 244 904 651 728 979 455 349 846 974 96 795 826 1035 577 435 278 185 382 192 683 650 238 473 339 411 863 463 568 945 759 865 328 142 835 395 757 814 653 224 414 591 509 327 516 587 400 794 968 177 218 684 555 500 814 90 881 214 714 875 935 1076 704 589 804 599 731 560 635 683 506 799 641 147 245 498 559 687 917 512 978 443 103 915 751 686 388 477 943 581 994 99 483 706 350 876 610 327 274 1089 729 92 713 513 578 923 750 747 275 306 194 703 524 562 852 639 343 525 394 191 931 670 750 662 347 603 17 287 303 95 781 180 313 666 366 523 21 522 871 801 837 814 538 680 470
1002 567 192 333 506 328 172 814 848 581 685 629 173 673 337 395 609 739 589 396 192 591 76 701 815 662 177 615 187 68 629 753 611 468 0 54 410 723 394 532 845 301 176 795 202 623 523 529 257 335 545 517 422 834 434 181 657 681 396 318 282 193 131 165 555 700 555 699 285 996 731 404 513 580 401 875 507 621 383 425 668 326 335 383 478 267 530 454 293 416 747 594 579 513 708 791 260 328 773 106 456 580 224 481 56 297 41 753 554 392 314 336 533 513 629 321 126 333 661 525 471 264 545 425 690 665 304 567 519 392 331 520 690 460 287 336 320 607 225 30 678 279 509 201 655 473 530 790 660 230 625 472 517 546 652 562 583 801 795 746 675 142 712 682 419 470 517 444 301 665 674 626 711 345 287 477 702 292 399 173 704 587 579 406 958 212 282 233 675 457 460 419 642 561 425 600 228 331 426 116 484 292 553 511 485 773 115 428 465
972 534 181 386 537 377 144 795 823 561 631 642 226 685 283 425 565 764 576 375 206 536 124 733 779 693 189 614 228 49 585 717 589 505 54 0 366 716 437 480 808 247 132 778 225 570 471 479 209 313 494 505 411 813 438 133 607 640 441 331 313 145 154 179 502 731 501 679 235 967 736 402 459 526 431 854 454 569 429 412 688 373 390 402 436 213 545 436 347 405 708 587 559 462 676 755 263 363 739 118 405 532 232 496 105 336 35 777 537 356 302 291 482 534 653 268 72 383 620 556 418 308 505 377 641 612 250 543 468 353 277 496 670 417 255 295 270 640 266 46 666 225 455 245 602 461 560 749 625 184 629 455 465 521 598 596 573 783 822 705 657 184 738 629 369 499 475 421 258 615 641 589 737 398 317 433 696 334 352 135 720 572 579 424 930 166 254 180 688 423 498 425 657 599 372 626 281 280 422 67 521 339 500 460 431 741 141 382 449
637 206 496 733 641 635 430 523 513 314 487 606 578 632 296 549 199 783 374 206 556 315 438 810 427 770 538 489 475 343 219 366 329 652 410 366 0 529 802 406 450 201 234 516 402 437 412 166 162 190 172 334 284 533 403 235 270 275 658 397 676 345 386 363 232 800 274 410 333 633 625 339 213 379 556 566 187 458 793 269 692 616 719 467 72 207 541 255 665 287 347 425 310 423 344 403 328 533 393 359 118 177 570 504 433 702 401 793 325 73 253 410 448 571 688 171 311 740 255 652 334 546 145 425 296 488 235 275 153 57 239 241 409 51 153 440 117 737 503 412 455 248 355 610 330 304 648 385 281 360 531 269 409 254 352 708 393 518 855 341 408 455 778 495 106 593 110 204 109 278 301 236 774 701 479 68 521 700 425 398 687 360 467 478 603 366 487 289 639 118 654 404 629 738 189 680 586 130 338 300 672 702 226 151 222 403 505 29 270
463 369 896 916 486 698 846 192 300 220 1001 269 816 250 805 490 522 431 156 361 915 819 689 529 442 504 899 132 626 668 539 419 215 550 723 716 529 0 1053 935 482 702 623 164 551 958 941 650 616 420 643 215 306 220 308 644 672 495 649 434 992 790 606 566 728 511 784 182 821 454 159 320 726 901 492 256 696 982 1028 309 360 667 864 415 495 690 313 295 807 312 476 129 223 952 344 434 466 547 402 618 638 585 945 333 701 988 745 433 204 466 414 903 976 374 405 680 709 953 488 479 862 634 462 941 669 1008 737 262 641 481 751 288 170 515 498 928 616 516 621 746 78 740 884 887 798 259 466 522 386 821 165 277 937 280 836 524 146 172 497 501 152 648 456 1012 633 459 494 334 555 677 368 419 451 803 531 524 26 970 935 823 304 169 164 398 405 817 940 757 258 411 564 326 288 578 718 428 740 639 297 677 564 946 721 645 745 367 837 549 280
1385 957 372 163 678 401 429 1176 1224 951 985 884 242 930 660 601 1002 923 942 772 285 939 385 837 1206 810 300 928 427 462 1021 1144 982 610 394 437 802 1053 0 826 1237 666 568 1154 505 928 811 910 645 715 927 869 779 1198 745 569 1040 1075 486 619 160 513 465 503 923 845 909 1067 593 1379 1017 740 878 899 603 1241 878 915 35 787 882 428 232 648 871 637 788 821 271 771 1140 930 949 793 1095 1182 601 528 1163 470 836 969 299 747 383 110 403 937 915 785 679 594 804 745 825 693 499 110 1054 698 787 431 938 684 1074 958 656 944 900 785 679 898 1055 853 678 572 705 750 434 391 1024 630 822 193 1016 829 709 1183 1051 530 921 837 806 924 1003 704 928 1160 955 1139 1037 409 883 977 801 668 910 822 694 1047 1063 1018 884 309 527 870 1029 103 654 458 939 944 893 669 1338 511 474 575 929 848 594 727 888 672 788 788 318 712 765 503 613 108 922 892 844 1160 303 819 830
961 589 455 837 967 855 406 911 877 718 159 989 685 1021 198 858 486 1153 780 597 542 190 603 1155 738 1114 529 890 698 502 487 690 731 953 532 480 406 935 826 0 743 274 428 909 663 102 19 317 371 557 333 737 673 916 774 404 396 566 912 722 667 342 608 611 255 1149 197 805 249 959 1026 713 231 93 865 943 259 90 834 661 1065 849 857 800 447 304 910 655 822 673 642 829 715 43 702 718 639 814 722 566 302 411 528 866 585 717 496 1164 731 472 604 232 55 926 1049 280 413 816 554 982 76 780 500 148 430 135 250 678 321 457 223 647 806 424 483 257 338 1070 736 511 861 267 52 668 278 703 983 651 633 311 928 671 22 657 240 1032 798 910 1221 622 809 657 1139 152 301 921 460 607 408 399 657 583 1137 876 760 419 927 733 177 383 1072 766 864 818 943 331 357 301 1027 524 950 769 1011 1048 217 1032 760 311 720 439 972 760 261 314 198 747 551 387 671
221 283 946 1145 881 992 880 319 216 358 731 721 1001 717 718 832 270 902 424 485 1005 564 856 983 42 951 987 557 856 777 262 96 332 924 845 808 450 482 1237 743 0 641 676 339 771 713 757 432 612 531 414 465 515 302 625 682 355 184 982 703 1121 794 785 751 488 967 547 305 769 221 640 581 515 669 837 298 491 745 1223 500 820 966 1117 738 378 654 718 460 1059 523 107 487 357 778 166 60 673 854 89 771 478 338 1020 709 856 1142 843 905 410 453 582 837 796 775 850 609 759 1162 202 882 694 906 306 824 327 752 670 336 433 454 665 371 321 401 559 870 565 945 873 852 420 689 695 1045 496 482 872 94 189 806 609 452 756 347 543 937 457 334 971 122 345 852 919 747 502 839 342 436 552 354 181 219 914 1081 813 390 497 1137 834 848 776 408 564 735 218 814 930 735 725 389 934 638 744 984 569 862 979 572 561 744 943 1132 482 441 554 118 949 444 460
836 407 319 632 693 602 252 720 714 499 406 723 472 757 103 586 375 881 547 345 393 290 359 882 621 841 376 638 439 252 388 562 519 682 301 247 201 702 666 274 641 0 159 711 394 345 271 247 99 296 266 492 416 731 506 137 377 459 650 448 522 162 345 343 258 876 254 605 132 832 774 447 214 294 593 765 212 352 663 407 795 592 636 527 270 35 640 409 591 415 535 585 496 273 545 598 366 545 590 306 177 321 399 595 345 558 275 893 499 242 336 209 297 653 776 32 175 625 440 709 199 521 341 239 413 393 35 466 239 230 52 425 601 244 217 239 89 797 475 289 634 48 234 480 355 453 709 566 481 166 671 427 266 442 351 759 559 713 949 525 597 403 867 407 144 648 302 368 149 384 502 434 864 640 490 252 690 564 232 219 806 536 609 544 804 177 289 98 763 310 680 500 744 776 125 759 520 72 457 188 702 577 256 231 184 603 363 200 425
845 405 286 505 540 446 227 681 700 448 564 596 347 634 237 431 434 741 474 266 331 441 215 732 648 691 313 536 282 111 453 586 475 525 176 132 234 623 568 428 676 159 0 666 236 504 423 358 84 204 372 408 318 698 379 26 484 508 492 301 445 167 188 185 392 727 402 564 220 840 667 329 353 453 438 737 342 510 559 314 658 435 498 379 304 125 505 331 448 314 576 497 445 422 548 624 219 386 609 149 285 404 351 458 205 468 167 754 432 225 217 298 445 510 633 167 90 508 487 557 356 363 373 363 516 551 178 425 347 222 205 379 557 285 133 316 148 644 318 178 565 163 392 375 495 365 558 617 495 202 561 351 418 402 499 605 477 671 806 573 546 249 723 565 249 496 343 306 126 492 511 458 721 492 332 302 606 466 346 201 677 468 504 399 805 195 316 150 638 295 522 370 614 620 271 613 373 164 344 68 544 468 389 340 332 613 273 252 346
300 320 950 1028 638 825 893 29 139 219 951 431 912 414 810 627 448 594 212 403 983 768 775 692 302 667 966 279 731 733 459 296 193 698 795 778 516 164 1154 909 339 711 666 0 649 915 918 602 638 466 590 284 376 57 426 683 592 398 787 542 1074 825 692 653 677 675 737 106 839 291 319 415 684 861 630 97 655 942 1132 371 523 795 982 542 463 706 463 342 923 384 358 238 221 933 235 300 554 674 271 696 607 520 1009 474 783 1079 810 595 242 469 482 919 956 525 567 683 756 1060 397 633 842 753 411 941 581 963 745 246 595 481 754 290 110 488 533 948 621 676 733 814 140 754 857 976 730 325 621 396 295 851 322 323 915 269 772 681 229 8 659 385 121 745 620 963 613 606 449 360 572 596 272 340 615 927 649 491 186 1064 940 866 467 210 303 529 242 851 976 782 421 401 711 443 451 734 697 588 851 641 391 729 713 1046 670 600 712 233 910 529 330
894 490 394 383 315 234 367 672 727 453 800 429 265 473 469 202 581 539 437 287 385 668 145 510 735 470 372 432 85 181 604 676 484 291 202 225 402 551 505 663 771 394 236 649 0 740 658 559 307 243 569 365 278 695 247 260 672 636 261 123 443 359 71 52 608 508 628 566 438 887 539 235 573 688 209 738 557 746 482 287 466 214 347 181 452 361 329 325 288 269 687 426 451 654 616 713 100 151 689 108 492 577 420 280 161 437 238 553 413 352 189 506 677 311 429 399 266 411 616 333 592 144 502 585 698 787 414 452 546 359 441 409 553 444 249 515 364 419 104 231 519 396 628 336 712 326 336 736 583 399 435 339 652 435 722 376 424 656 598 693 534 97 514 801 459 275 488 337 309 680 591 563 512 310 98 464 528 419 563 360 502 440 396 204 843 384 478 371 475 394 287 230 441 386 500 402 209 387 260 233 310 397 604 541 559 679 303 428 331
934 598 556 935 1035 941 505 914 868 739 61 1038 781 1066 287 929 474 1208 807 639 643 151 691 1219 714 1178 630 926 781 587 470 672 748 1027 623 570 437 958 928 102 713 345 504 915 740 0 119 313 437 607 325 771 716 916 827 481 359 547 994 787 769 437 689 688 238 1212 178 815 345 933 1062 764 233 58 936 939 262 33 935 704 1119 933 953 865 463 379 965 692 915 718 618 861 736 141 695 696 706 890 705 648 322 399 630 923 675 818 588 1219 759 508 660 334 139 985 1107 344 500 916 538 1050 152 863 505 250 389 51 328 697 321 492 300 671 818 443 539 359 394 1137 818 604 882 349 115 767 222 741 1049 620 627 408 968 707 123 678 176 1101 829 915 1279 595 823 743 1198 62 333 988 468 642 463 359 652 579 1195 968 835 434 953 834 278 481 1120 792 904 881 922 428 459 390 1073 549 1025 824 1061 1120 257 1094 850 367 767 523 1047 860 246 316 215 733 649 413 707
974 598 440 825 963 847 392 921 888 725 174 990 674 1022 190 854 499 1152 786 600 527 207 594 1153 751 1112 515 893 690 494 500 702 739 948 523 471 412 941 811 19 757 271 423 918 658 119 0 330 370 559 346 741 675 926 774 399 411 579 905 719 651 331 601 606 269 1147 212 814 238 972 1030 713 244 112 861 954 271 104 819 664 1065 841 846 798 455 301 910 659 811 675 655 833 722 25 713 731 637 808 735 560 310 424 512 865 576 702 485 1164 737 477 604 217 40 924 1047 280 404 803 567 979 79 773 510 131 446 148 246 685 333 461 220 653 814 431 483 241 340 1067 728 501 867 261 62 654 296 706 979 666 644 299 931 675 5 664 258 1028 803 919 1220 636 816 649 1138 166 308 918 470 611 409 414 668 594 1135 866 755 427 932 719 160 370 1073 772 867 815 955 319 340 293 1028 530 945 769 1012 1043 223 1030 750 313 721 431 967 746 275 325 209 759 538 393 674
