NAME : X-n233-k16_SARP
COMMENT : Curated from VRPLIB to SARP
TYPE : SARP
DIMENSION : 233
EDGE_WEIGHT_TYPE : EXPLICIT
EDGE_WEIGHT_FORMAT : FULL_MATRIX
EDGE_WEIGHT_SECTION
0 319 133 206 572 453 269 260 511 507 384 288 537 141 199 565 282 152 418 466 363 272 562 261 249 443 430 281 530 547 208 411 285 489 124 270 534 665 448 333 17 364 481 394 412 270 579 608 268 407 400 378 531 446 194 516 294 385 624 390 317 343 254 252 527 305 328 234 370 349 191 178 169 276 265 655 101 374 576 416 554 216 443 194 254 534 397 384 496 494 386 240 399 465 448 237 153 256 442 401 363 356 301 262 323 431 418 654 321 587 428 432 514 187 258 203 395 368 343 281 303 207 443 343 222 171 250 443 228 199 349 199 368 522 621 181 462 662 427 447 294 494 243 501 65 438 333 408 450 569 440 340 313 233 572 572 594 215 249 223 500 320 396 322 475 473 498 126 327 523 284 357 268 285 341 423 515 397 635 560 233 513 595 312 474 331 229 261 445 300 127 374 533 376 197 315 238 221 135 165 369 98 282 279 199 584 342 215 511 82 84 634 528 176 478 544 550 534 427 580 541 387 310 351 395 587 545 456 403 552 309 483 360
319 0 357 487 421 772 182 201 459 757 669 603 278 224 127 413 587 278 189 539 181 590 483 570 302 703 613 598 291 842 178 704 603 599 428 128 748 493 649 638 335 675 430 609 113 584 459 428 477 418 715 61 443 750 202 732 606 69 498 674 634 655 573 388 415 621 296 277 283 650 509 287 187 585 60 506 317 681 859 716 400 108 225 511 560 816 627 584 673 682 149 144 603 698 762 145 434 571 369 274 555 675 566 576 293 723 618 505 640 383 530 643 802 355 307 520 703 686 564 597 174 112 718 585 109 228 564 629 518 445 665 344 528 808 408 465 759 913 724 700 349 175 507 760 347 706 637 553 564 821 484 575 629 547 826 847 860 146 82 519 711 495 220 230 791 781 797 439 646 377 547 536 458 599 638 639 674 554 494 836 171 782 849 42 396 650 495 127 142 619 253 688 784 657 510 500 508 221 408 482 517 366 70 568 127 834 655 146 769 280 379 488 807 413 690 367 798 432 672 501 820 578 578 261 702 825 470 365 160 449 306 628 664
133 357 0 309 682 471 369 217 405 407 467 277 614 133 267 674 243 87 499 336 331 277 461 324 154 539 554 280 614 486 307 349 291 356 110 354 417 590 325 395 140 334 378 512 423 322 491 712 141 537 380 419 652 502 168 629 273 413 741 472 311 319 281 385 643 297 449 153 297 300 207 306 170 338 298 768 45 431 650 479 663 278 408 202 219 459 509 259 368 615 462 329 275 355 424 325 87 303 562 337 235 369 209 249 444 367 294 766 331 529 296 312 445 320 385 210 449 367 224 272 399 259 361 235 289 137 240 316 167 89 339 332 235 595 716 116 405 755 370 348 424 527 150 407 194 350 398 274 317 470 315 228 355 286 475 654 505 302 310 172 381 188 491 430 504 522 560 207 331 448 190 227 397 270 414 539 384 265 749 479 211 426 690 335 594 351 138 345 454 307 105 355 434 300 190 443 151 174 64 182 236 225 299 366 232 485 320 301 416 209 201 746 608 302 359 479 449 443 322 478 463 259 221 284 449 481 444 574 387 671 218 612 423
206 487 309 0 602 325 366 466 711 559 183 251 639 347 360 596 288 356 523 639 565 219 764 111 450 236 260 230 621 528 325 412 222 646 221 396 620 872 556 161 190 328 682 207 593 136 785 651 405 373 341 538 530 267 399 320 268 556 631 189 259 305 174 198 541 256 357 438 576 347 177 225 371 122 443 673 295 202 375 231 590 379 644 189 268 539 201 503 615 313 503 365 512 542 384 362 268 138 453 607 491 256 375 240 353 433 531 671 237 791 595 535 511 166 274 192 225 286 454 245 401 380 472 432 379 377 230 562 289 330 287 188 515 323 683 275 447 455 418 504 280 654 337 544 150 478 157 557 609 613 624 437 180 120 613 369 616 350 407 275 593 468 480 390 329 301 311 105 251 729 366 496 145 255 152 232 643 542 650 573 436 540 389 492 478 227 325 389 625 230 334 319 583 407 210 172 327 428 270 177 523 123 468 82 386 629 300 349 555 208 123 652 326 88 572 750 600 739 497 782 552 511 378 557 223 645 747 474 599 555 512 331 183
572 421 682 602 0 925 313 609 880 1078 729 827 216 575 430 8 840 634 235 945 600 801 902 712 695 709 534 812 179 1105 375 973 808 996 694 340 1098 886 1006 754 578 909 851 576 486 738 872 57 822 251 932 395 104 840 583 656 839 434 81 733 846 886 763 405 70 839 251 668 703 908 730 405 551 724 455 88 637 791 876 802 20 427 629 738 813 1100 609 939 1044 584 273 359 956 1034 978 362 724 736 151 694 914 856 873 807 256 994 974 86 833 771 927 994 1077 441 333 746 813 883 906 820 288 451 1013 912 412 597 794 994 798 764 877 419 902 841 119 753 1020 857 986 1018 322 416 814 1073 546 1009 749 935 958 1141 895 907 782 715 1144 848 1164 385 404 791 1063 860 205 252 924 879 864 631 845 789 856 901 476 828 732 597 1054 931 73 1129 570 1083 808 463 131 827 800 349 494 820 596 908 1105 945 750 484 810 614 705 711 896 537 484 667 488 1156 882 385 1083 491 569 67 823 517 1041 769 1122 850 997 920 1109 938 882 681 810 1158 890 128 565 81 716 491 769
453 772 471 325 925 0 682 684 846 433 235 199 959 577 648 920 251 553 841 706 797 195 905 216 622 314 482 192 943 299 633 266 180 677 365 703 531 1054 519 174 437 184 824 415 865 195 947 975 470 688 143 829 848 141 626 449 210 838 949 234 165 183 200 520 862 180 682 624 767 240 270 545 612 203 718 993 489 144 284 163 914 666 876 272 265 344 384 501 582 494 816 672 498 460 144 669 386 203 775 808 508 102 363 225 678 276 511 992 140 1000 654 495 314 490 599 263 129 112 456 203 718 660 340 412 670 596 233 543 325 422 146 513 557 247 1008 363 255 437 251 404 604 946 377 407 430 361 180 591 651 459 719 426 148 227 454 313 428 652 698 313 521 525 801 713 47 119 181 334 141 915 371 528 453 207 203 416 620 571 970 380 669 380 391 765 799 123 377 696 897 165 553 152 444 312 281 459 367 641 407 297 574 420 734 259 652 472 177 651 416 499 398 972 279 413 509 949 458 898 419 919 363 516 356 755 132 504 889 797 847 874 683 564 166
269 182 369 366 313 682 0 317 605 771 536 547 277 263 123 306 549 322 158 642 347 525 639 467 390 554 441 535 265 815 63 679 535 688 393 54 786 671 693 527 278 627 574 446 292 488 625 343 509 239 658 206 298 632 278 564 555 238 377 541 571 604 496 221 281 562 117 364 428 617 447 141 243 482 181 400 324 568 718 595 294 126 404 453 521 803 468 626 731 509 137 51 644 723 705 53 418 480 212 432 600 596 566 523 114 699 661 399 567 563 620 681 783 207 130 462 591 617 594 540 36 150 711 601 112 288 510 681 496 454 604 189 590 671 352 448 729 754 695 711 168 309 506 767 260 705 523 623 650 834 596 596 534 456 838 701 861 74 118 492 750 547 127 65 693 667 672 355 576 547 548 588 298 545 517 475 742 619 382 829 276 781 692 213 243 569 492 57 317 550 283 632 798 644 460 335 503 312 397 424 584 263 216 446 187 849 602 74 777 194 289 379 664 280 728 543 814 592 688 658 810 625 576 404 589 848 624 217 340 312 420 449 549
260 201 217 466 609 684 317 0 291 580 644 493 479 119 196 601 460 131 385 339 114 490 330 515 106 701 665 495 491 691 272 557 504 398 319 274 558 408 459 588 277 551 259 640 224 519 332 623 300 547 597 253 613 699 66 765 489 233 682 649 527 535 488 451 591 513 430 84 120 514 415 345 100 530 154 696 195 627 835 671 589 191 192 412 436 655 648 396 477 733 344 266 415 516 640 264 304 502 529 143 366 582 407 465 426 573 428 695 545 327 329 456 646 396 403 421 647 583 384 488 330 167 555 413 205 91 455 436 382 292 556 395 333 781 608 333 614 920 580 527 449 340 354 587 318 540 588 354 363 642 287 401 558 481 649 832 688 246 206 388 521 305 404 381 714 723 754 382 546 266 389 345 498 487 599 670 475 358 682 670 42 614 854 163 560 562 346 266 251 520 136 571 606 502 404 545 359 43 280 388 320 348 131 539 131 654 537 246 594 278 342 676 788 420 501 284 619 291 496 349 656 388 419 97 647 641 314 531 173 624 107 703 615
511 459 405 711 880 846 605 291 0 579 872 647 718 387 486 873 595 358 647 194 282 659 60 728 262 944 938 658 739 745 563 639 672 267 512 559 507 235 426 798 524 675 31 905 416 723 118 886 378 837 724 492 896 901 345 1027 635 457 957 877 681 669 675 735 871 667 720 278 178 624 604 631 383 741 431 965 416 831 1053 880 860 480 281 596 581 691 907 393 403 1003 608 555 407 508 757 553 475 704 815 188 370 747 494 623 716 647 408 964 711 252 232 438 695 675 693 602 847 734 417 645 614 456 602 463 494 353 618 393 521 426 701 678 316 999 859 489 690 1161 663 546 739 528 469 598 575 579 801 300 258 627 145 447 751 688 636 1059 688 536 490 533 478 330 678 668 885 916 959 611 706 149 481 344 772 639 819 933 377 318 954 691 333 635 1095 417 845 736 469 552 425 686 388 704 598 577 579 820 478 309 460 582 296 608 398 771 422 633 673 536 600 553 592 947 1013 685 468 199 604 79 514 74 684 377 504 202 848 604 44 816 331 905 204 983 825
507 757 407 559 1078 433 771 580 579 0 606 319 1021 536 673 1071 272 479 906 390 681 352 634 483 477 697 810 342 1021 189 708 171 356 329 388 760 106 814 153 513 502 266 571 747 804 459 697 1113 282 899 294 818 1036 557 557 828 300 806 1130 608 330 282 399 725 1033 324 834 497 595 223 384 680 571 485 698 1162 452 517 715 562 1061 685 742 372 292 125 727 195 194 848 869 734 177 71 291 730 354 444 947 639 223 382 206 322 829 157 172 1161 367 806 347 141 143 666 759 368 519 346 196 324 802 665 96 173 696 529 331 186 286 319 319 685 272 672 1121 326 181 863 182 60 789 917 265 27 541 82 520 279 324 64 434 182 447 451 69 739 112 707 717 295 113 281 895 828 480 547 609 478 352 701 223 249 699 313 550 762 232 262 1142 114 594 66 811 729 978 395 279 751 831 357 508 295 27 153 353 731 268 546 374 391 291 559 693 555 636 78 289 706 23 588 525 1140 700 611 115 749 43 653 85 641 112 208 197 597 521 85 621 962 747 1057 512 887 528
384 669 467 183 729 235 536 644 872 606 0 293 800 526 543 724 350 527 689 776 746 263 928 148 617 91 248 270 778 515 502 438 255 770 362 571 689 1047 647 94 367 342 845 181 776 162 955 782 531 481 327 718 642 114 578 224 313 737 741 5 277 324 223 334 662 284 503 608 751 384 279 396 552 138 626 788 463 96 192 78 720 561 826 289 343 548 149 606 710 260 673 542 611 610 354 540 404 181 579 784 603 229 464 300 500 455 628 787 239 971 728 623 517 329 426 287 107 267 556 290 570 563 511 523 560 554 297 661 389 461 289 348 638 139 824 398 451 291 433 561 417 833 446 585 332 525 87 678 736 648 771 532 160 189 645 189 632 529 588 374 669 595 639 549 214 153 137 265 254 904 463 614 256 300 59 181 744 660 765 584 617 568 226 675 599 212 438 566 808 251 510 317 624 458 311 246 435 605 414 295 650 307 651 105 569 662 317 528 595 391 304 768 144 259 651 927 641 907 565 945 564 618 463 733 103 688 911 602 782 669 680 329 80
288 603 277 251 827 199 547 493 647 319 293 0 821 393 487 821 60 362 702 515 607 34 706 164 424 383 492 23 811 280 490 161 38 494 178 556 396 855 356 199 274 81 625 428 687 139 748 871 273 616 112 663 767 271 439 510 20 667 866 295 35 58 80 438 772 20 577 428 569 98 100 424 430 165 546 905 301 213 433 263 813 504 685 95 66 288 407 322 420 529 672 525 324 318 160 522 190 125 683 611 324 101 179 28 572 182 340 903 66 803 464 332 260 389 494 86 222 91 274 7 583 493 226 235 510 408 39 373 126 223 63 410 367 383 893 165 197 569 167 270 513 779 180 301 288 237 205 405 465 368 523 246 134 134 367 450 365 502 537 114 376 331 673 590 238 277 329 197 59 716 182 340 396 9 235 443 455 385 883 322 483 292 510 591 712 95 179 547 719 44 367 86 340 168 93 422 170 450 213 124 383 291 557 236 479 383 55 501 311 353 260 883 407 320 358 751 357 699 272 721 301 336 175 558 224 403 690 702 661 791 485 570 219
537 278 614 639 216 959 277 479 718 1021 800 821 0 486 348 212 819 545 120 816 437 801 730 743 580 804 657 811 38 1084 332 946 811 877 660 267 1020 689 922 800 549 900 690 681 304 764 691 191 744 380 933 230 296 902 475 784 829 262 295 805 847 878 772 468 256 837 302 554 550 886 722 414 453 757 331 280 570 841 972 864 201 336 447 727 791 1066 709 856 950 718 152 297 875 966 980 300 678 757 277 530 828 873 821 796 305 966 891 279 843 573 808 915 1048 475 374 736 864 893 832 814 241 356 971 848 325 498 784 904 760 702 879 454 805 929 145 709 998 984 963 962 389 210 761 1021 536 962 796 830 842 1084 760 840 811 733 1089 951 1118 322 304 758 983 769 161 251 968 938 937 632 853 608 802 810 548 819 787 708 952 831 278 1090 449 1038 927 317 284 846 748 276 302 826 513 907 1048 906 733 573 760 498 654 698 794 540 348 717 387 1098 877 322 1030 468 566 268 918 551 962 580 1063 675 936 747 1072 851 832 530 862 1093 720 257 388 285 584 636 821
141 224 133 347 575 577 263 119 387 536 526 393 486 0 146 567 369 60 376 383 224 386 433 398 135 583 554 392 489 619 205 481 400 426 215 237 535 525 438 471 158 459 356 525 295 405 444 599 258 468 502 286 559 584 52 650 393 281 640 531 426 441 379 349 544 413 362 112 232 430 308 247 38 414 165 662 95 511 717 555 555 153 304 306 343 592 531 372 471 620 337 216 390 479 548 213 213 388 471 260 344 476 342 365 357 499 406 661 439 445 358 429 578 289 317 315 532 481 345 388 287 131 493 363 166 33 355 423 297 221 456 292 328 663 597 244 537 802 502 478 361 394 283 537 200 482 472 360 387 599 343 354 445 367 604 714 637 190 183 299 498 287 375 328 604 609 637 265 442 383 323 329 387 388 482 555 480 357 645 612 93 558 736 203 503 454 271 227 326 416 28 476 562 433 301 435 284 82 187 280 321 231 167 420 100 613 442 190 546 167 224 641 670 305 477 403 577 400 450 452 595 368 353 212 532 606 417 478 270 575 184 597 499
199 127 267 360 430 648 123 196 486 673 543 487 348 146 0 422 477 206 233 519 244 471 522 444 267 580 503 480 347 739 78 601 483 567 316 91 679 572 583 512 214 562 455 492 234 458 515 453 401 351 599 181 421 623 155 616 492 196 497 548 516 541 451 279 403 504 234 241 311 543 390 172 121 459 87 517 222 554 733 589 410 19 313 393 449 719 507 516 617 572 196 73 534 621 646 70 331 446 335 320 489 553 473 460 230 620 551 516 520 472 498 573 702 236 214 402 577 567 488 480 142 31 623 501 24 167 448 569 414 355 548 228 474 682 452 362 654 792 619 614 259 299 413 673 221 614 510 505 529 737 473 494 504 422 742 722 770 50 50 413 642 433 229 188 666 655 670 314 526 440 454 475 341 484 511 523 625 502 501 742 154 690 727 135 367 528 400 81 266 499 170 573 700 559 395 386 412 189 307 364 467 239 119 442 65 751 541 50 682 154 253 496 681 288 621 443 716 479 589 542 724 514 484 287 575 747 508 340 255 435 298 528 537
565 413 674 596 8 920 306 601 873 1071 724 821 212 567 422 0 834 626 228 937 593 794 895 707 687 705 531 805 174 1098 368 966 802 989 687 332 1091 880 999 749 571 902 843 572 479 732 865 60 814 247 926 388 103 835 575 654 833 427 88 728 839 879 757 400 67 832 244 660 696 902 723 398 543 718 448 95 629 786 872 797 13 419 622 732 807 1093 605 932 1037 582 266 351 949 1027 972 354 717 730 145 687 906 850 866 800 249 987 967 94 826 764 919 986 1071 435 327 739 807 877 898 814 280 444 1006 904 405 589 788 987 791 757 871 413 895 836 119 746 1013 854 980 1011 316 410 807 1066 539 1002 743 927 951 1134 887 899 776 709 1137 845 1157 377 397 784 1055 852 197 244 918 874 859 624 839 782 848 894 471 821 727 594 1047 923 81 1122 563 1076 805 455 127 821 793 342 487 814 588 902 1098 938 743 479 803 606 697 705 888 530 477 662 481 1149 876 378 1076 484 562 75 819 511 1033 763 1114 843 990 913 1102 931 875 673 804 1150 883 123 558 82 708 489 764
282 587 243 288 840 251 549 460 595 272 350 60 819 369 477 834 0 330 699 457 574 87 654 214 383 440 538 80 811 267 489 133 96 435 160 552 342 808 297 257 271 91 574 476 663 192 698 881 218 640 138 648 786 331 410 564 43 648 884 353 89 77 130 463 788 76 590 389 527 68 115 436 406 218 528 920 274 273 493 323 824 492 650 105 28 261 458 263 361 579 667 522 264 263 180 518 157 175 700 570 264 157 119 51 585 154 280 919 125 761 405 273 237 408 510 99 282 139 214 61 583 478 185 175 500 379 58 313 79 176 106 429 309 443 899 127 181 629 146 219 533 761 126 257 295 191 263 346 406 326 468 187 192 179 326 510 332 497 526 71 320 274 675 597 293 336 389 215 116 671 123 281 429 51 291 493 396 326 899 292 454 254 569 570 730 155 127 543 695 104 341 114 295 120 91 460 117 417 182 129 325 305 536 285 460 341 80 496 268 355 272 898 466 346 301 708 313 650 217 668 272 276 115 518 284 357 638 718 630 809 441 615 278
152 278 87 356 634 553 322 131 358 479 527 362 545 60 206 626 330 0 435 332 245 359 409 391 97 591 581 364 549 571 262 435 373 370 188 296 475 521 379 463 167 421 329 546 337 393 429 659 199 518 466 339 616 574 82 669 359 330 698 532 396 405 358 387 602 382 416 82 224 387 285 292 92 405 219 721 66 501 715 548 614 213 324 282 306 541 549 312 412 645 396 275 330 421 510 272 174 375 527 260 284 451 290 334 412 452 347 720 414 451 303 370 528 324 366 290 521 452 287 357 346 190 441 307 226 52 324 363 254 170 424 331 269 660 657 203 491 810 456 422 409 443 233 482 217 428 465 301 331 542 297 297 430 355 548 715 582 249 243 259 438 227 435 386 584 596 630 262 414 377 271 269 416 356 478 575 420 297 704 559 125 504 744 253 559 432 222 287 368 389 39 441 506 383 272 463 235 88 149 259 263 250 216 422 158 556 407 248 490 202 235 700 670 327 417 404 520 383 394 428 543 308 302 208 521 548 393 535 300 632 157 630 491
418 189 499 523 235 841 158 385 647 906 689 702 120 376 233 228 699 435 0 724 366 681 667 626 480 699 565 691 114 965 212 827 692 781 541 148 910 655 814 684 429 780 617 582 253 646 637 240 633 307 813 160 276 788 371 692 709 199 315 694 727 759 653 361 242 717 205 453 471 767 602 298 345 640 231 319 455 726 866 751 215 223 394 607 672 948 608 747 844 630 41 178 765 853 861 181 560 639 222 460 719 754 705 677 207 847 782 318 724 540 712 805 930 361 266 616 749 774 720 695 122 245 854 734 210 391 664 797 642 588 760 341 700 821 224 592 879 888 844 847 289 206 645 905 417 846 681 728 744 970 671 727 693 615 974 847 1002 203 193 639 873 661 63 143 851 824 826 512 733 554 686 703 442 700 673 610 849 727 308 973 350 922 829 230 241 727 631 157 264 707 401 787 933 789 613 472 643 397 537 578 690 421 256 602 278 984 757 204 915 349 447 301 812 436 852 536 949 615 822 685 955 743 716 449 746 980 655 209 330 276 492 555 706
466 539 336 639 945 706 642 339 194 390 776 515 816 383 519 937 457 332 724 0 391 534 245 628 252 857 890 531 830 565 587 473 546 76 420 606 314 428 237 691 475 525 193 845 533 617 311 961 246 850 573 587 940 783 364 959 500 559 1015 780 546 523 561 715 922 532 745 278 279 470 497 624 399 639 493 1033 365 718 943 769 925 520 424 487 450 507 840 216 209 949 683 592 227 321 599 589 375 597 852 314 200 614 342 495 740 476 224 1031 581 439 52 252 515 650 698 491 731 594 252 514 660 495 425 299 534 355 493 204 394 315 560 659 149 890 947 378 519 1066 496 364 741 653 336 411 529 401 696 120 66 435 61 283 636 587 444 954 498 568 541 408 286 184 740 707 749 791 842 534 573 332 335 179 732 506 719 870 184 140 1017 504 375 450 1002 499 884 609 341 597 552 558 371 557 408 412 467 778 347 331 370 481 132 561 470 684 457 441 529 567 412 531 536 1012 909 638 277 383 413 271 333 251 498 200 350 294 732 411 234 858 455 954 232 948 717
363 181 331 565 600 797 347 114 282 681 746 607 437 224 244 593 574 245 366 391 0 604 302 622 206 798 743 608 457 801 320 669 618 460 432 295 648 328 550 695 380 665 254 726 142 629 279 604 406 586 711 210 624 807 173 851 604 176 678 752 641 649 600 521 596 627 464 190 114 627 528 413 195 637 167 685 308 735 938 778 580 231 80 525 550 763 737 491 559 812 327 300 510 614 754 299 418 612 547 94 461 695 517 579 461 684 521 683 658 231 395 550 755 473 457 534 756 697 485 602 348 214 663 518 242 201 569 524 496 404 670 468 421 884 577 447 725 1016 692 630 502 262 466 690 415 646 695 435 430 741 332 505 669 590 749 933 791 288 229 502 612 401 401 404 826 833 861 488 659 200 499 437 578 601 704 756 551 442 674 776 131 719 950 140 576 675 458 290 161 634 245 686 706 613 517 624 471 157 394 501 405 443 131 641 190 753 651 288 697 365 443 667 890 510 594 199 718 251 598 321 762 481 529 98 755 736 290 545 67 630 174 772 723
272 590 277 219 801 195 525 490 659 352 263 34 801 386 471 794 87 359 681 534 604 0 717 131 428 353 458 11 790 310 469 195 14 517 172 537 428 861 384 169 258 110 636 395 678 106 756 845 289 586 133 650 738 249 433 478 53 655 838 265 46 87 47 408 744 38 550 429 572 131 81 399 422 132 534 877 296 187 410 238 786 488 683 80 85 320 374 348 448 496 652 506 350 349 180 503 191 91 656 613 347 92 204 39 546 215 367 876 55 805 483 361 292 360 467 71 198 96 298 28 561 479 260 262 495 403 41 400 140 232 78 382 388 359 869 171 228 543 199 303 485 766 197 334 265 270 175 427 486 401 539 272 106 101 400 425 399 483 522 127 407 350 650 567 229 259 308 172 56 721 205 361 364 39 204 410 482 407 855 354 477 325 483 580 684 78 193 529 710 30 361 108 373 200 87 389 186 447 213 108 402 266 547 203 467 417 83 482 345 333 237 855 381 290 389 754 391 708 303 732 334 360 201 560 200 437 701 675 655 762 490 537 191
562 483 461 764 902 905 639 330 60 634 928 706 730 433 522 895 654 409 667 245 302 717 0 784 314 998 987 717 753 803 600 698 731 316 569 590 559 184 481 855 576 735 83 955 426 781 71 904 437 874 784 509 924 958 389 1078 695 472 980 933 740 728 733 779 897 726 755 328 211 683 662 674 426 798 460 986 469 888 1110 938 882 514 284 654 640 748 958 450 454 1052 629 588 464 564 817 587 532 761 845 209 428 806 553 682 751 705 464 984 770 221 287 494 753 721 733 660 905 793 476 704 644 492 660 522 528 400 677 448 580 485 761 723 374 1056 873 548 749 1216 722 603 779 533 528 654 626 637 858 357 311 680 201 506 809 745 690 1115 743 571 521 592 531 390 703 699 944 974 1017 666 765 131 541 403 820 698 875 984 426 375 975 747 371 692 1150 441 875 795 528 584 431 745 437 764 653 636 637 868 538 353 517 639 354 658 426 826 459 686 733 571 656 600 644 968 1069 735 522 176 658 55 571 19 740 435 563 236 906 656 17 844 342 931 253 1029 882
261 570 324 111 712 216 467 515 728 483 148 164 743 398 444 707 214 391 626 628 622 131 784 0 476 232 328 141 727 427 420 323 128 622 216 491 556 911 506 73 243 232 702 264 670 28 814 761 383 482 237 625 640 185 450 351 184 638 741 152 161 210 85 308 651 163 467 470 615 261 131 329 429 16 520 783 325 113 326 157 700 462 702 142 203 446 244 462 568 365 603 460 467 477 277 457 256 39 563 650 457 146 322 163 463 343 485 782 133 841 580 483 416 275 383 139 135 179 412 159 503 459 390 381 464 424 157 518 243 313 185 297 490 272 793 250 350 438 325 433 391 742 299 465 223 401 74 531 588 531 623 389 69 41 530 331 526 442 493 228 533 447 585 497 225 213 239 135 148 768 318 467 250 170 92 280 601 513 760 481 492 455 374 569 589 118 291 484 702 132 379 217 504 331 163 267 288 473 268 148 502 208 541 72 458 547 205 441 475 291 191 762 285 197 514 794 521 766 431 801 460 473 322 598 134 567 767 584 664 665 540 408 101
249 302 154 450 695 622 390 106 262 477 617 424 580 135 267 687 383 97 480 252 206 428 314 476 0 684 677 430 590 597 335 467 442 302 264 355 452 436 353 548 263 472 233 643 329 476 338 714 200 603 520 357 688 656 112 765 417 338 764 622 459 460 435 481 670 444 494 27 145 430 361 382 147 490 250 783 155 584 802 632 675 269 274 356 362 557 645 290 372 742 439 340 309 412 561 337 236 457 601 188 260 520 314 397 490 481 322 781 482 379 233 350 550 419 452 363 603 515 280 420 409 244 458 313 283 104 389 330 304 207 485 424 228 748 704 259 523 903 490 425 496 446 266 485 313 441 551 251 265 538 209 300 509 439 545 805 586 316 292 313 415 199 491 455 656 676 713 353 481 294 296 239 512 417 566 671 372 253 767 570 131 513 836 267 633 504 260 346 355 457 130 496 502 409 342 560 273 83 216 336 215 346 233 513 207 550 462 316 492 296 331 762 759 424 395 327 515 291 393 332 557 282 326 136 603 535 297 606 270 702 64 726 576
443 703 539 236 709 314 554 701 944 697 91 383 804 583 580 705 440 591 699 857 798 353 998 232 684 0 190 361 778 603 529 528 345 854 439 595 779 1108 736 185 426 432 916 134 814 249 1020 764 614 458 416 748 615 178 635 136 403 771 711 89 368 415 311 338 640 375 502 674 813 475 363 419 605 224 665 760 529 184 169 151 702 598 876 373 432 637 100 694 799 183 688 568 699 701 441 566 483 268 562 843 689 319 553 390 499 546 716 759 330 1026 810 712 606 350 433 372 190 357 644 380 585 604 602 611 595 613 386 749 475 542 379 366 722 132 812 480 540 219 524 652 415 859 532 676 384 616 178 763 820 738 849 620 251 273 735 148 721 559 621 460 759 678 644 556 284 212 170 332 345 965 550 699 258 391 149 119 832 745 737 673 671 659 153 714 578 303 523 591 844 342 570 407 715 549 395 231 521 664 491 376 733 355 693 174 614 753 408 558 686 434 359 742 115 292 741 985 732 974 655 1015 654 705 552 793 186 779 981 586 828 642 747 266 170
430 613 554 260 534 482 441 665 938 810 248 492 657 554 503 531 538 581 565 890 743 458 987 328 677 190 0 469 627 749 436 651 456 903 478 491 877 1068 816 320 418 559 908 68 726 355 996 591 663 287 556 646 436 358 601 127 511 676 528 250 488 538 412 226 464 491 360 660 784 590 434 331 565 329 589 578 530 339 348 325 530 519 815 446 522 772 99 763 875 69 563 469 772 798 591 468 525 367 395 806 751 458 634 488 358 671 791 577 456 973 848 794 742 271 311 448 354 496 714 486 466 532 718 691 512 587 480 822 548 587 509 275 773 320 644 534 676 328 653 757 278 748 597 792 365 728 312 814 865 860 868 697 378 359 858 317 854 469 534 534 851 725 505 424 461 395 360 362 472 930 626 754 167 497 284 71 903 800 555 808 627 783 275 634 405 435 585 489 754 460 550 541 831 657 468 120 587 635 524 436 779 332 622 256 553 875 532 468 803 387 354 560 297 254 831 941 849 954 753 1005 787 771 636 762 350 894 970 419 758 462 735 82 319
281 598 280 230 812 192 535 495 658 342 270 23 811 392 480 805 80 364 691 531 608 11 717 141 430 361 469 0 800 299 479 184 16 513 177 546 419 863 377 177 266 99 636 405 684 116 757 856 287 598 123 658 749 253 439 487 43 663 849 273 36 76 58 419 755 27 561 432 575 121 90 410 428 142 542 888 301 193 415 243 797 497 687 87 81 309 384 342 441 506 662 515 344 340 170 512 194 102 667 616 342 90 198 36 556 204 361 887 53 809 480 354 281 372 478 78 203 89 293 19 571 487 249 255 503 408 41 393 139 232 69 393 384 364 880 172 216 549 188 293 496 773 195 324 275 260 183 423 482 391 537 266 112 112 389 430 387 492 530 125 398 347 660 577 227 261 311 182 51 723 200 357 375 30 212 420 476 403 866 343 483 314 489 587 695 79 192 538 717 28 366 97 363 191 91 400 184 452 216 116 399 277 554 213 474 406 71 492 335 342 247 866 386 301 381 757 380 708 295 732 323 355 195 563 204 426 701 686 661 774 492 548 197
530 291 614 621 179 943 265 491 739 1021 778 811 38 489 347 174 811 549 114 830 457 790 753 727 590 778 627 800 0 1077 323 940 800 889 654 262 1024 719 927 781 541 891 711 654 328 748 716 158 747 347 922 248 258 881 482 754 820 282 259 783 836 869 760 444 218 826 276 563 568 879 712 398 458 740 340 246 569 822 947 844 163 337 472 717 784 1062 682 861 957 687 153 290 879 968 970 294 674 742 242 551 832 860 819 787 279 960 895 245 831 603 820 919 1043 455 352 726 845 881 834 804 229 359 968 849 325 503 775 910 755 702 868 434 812 904 120 705 992 954 957 961 364 242 759 1020 525 960 777 839 853 1084 775 841 795 719 1089 924 1116 316 306 752 987 774 142 231 950 918 915 619 841 633 801 816 524 810 767 679 960 839 243 1087 459 1036 899 331 247 832 746 271 329 814 515 896 1048 902 724 547 757 507 651 689 802 527 360 697 391 1099 867 317 1029 458 554 233 893 533 966 608 1063 699 936 771 1068 857 830 547 842 1094 743 221 412 247 597 603 802
547 842 486 528 1105 299 815 691 745 189 515 280 1084 619 739 1098 267 571 965 565 801 310 803 427 597 603 749 299 1077 0 755 138 306 510 424 817 293 977 331 430 537 200 733 682 908 400 861 1147 398 896 192 903 1047 438 652 738 266 899 1146 516 269 223 354 718 1051 272 854 611 731 198 375 701 656 423 783 1184 525 420 581 454 1090 753 871 367 294 64 655 352 380 773 932 787 339 249 161 784 409 392 963 776 376 290 284 299 850 120 341 1182 295 956 517 313 50 668 773 359 413 253 332 287 850 738 144 290 762 622 311 363 325 401 243 690 429 546 1166 377 86 735 120 201 793 1013 338 162 561 166 438 447 500 183 602 305 370 408 175 611 135 762 787 326 301 423 942 863 342 418 480 475 280 854 302 401 672 279 467 690 419 428 1162 91 695 122 691 821 991 314 349 808 938 298 590 210 185 188 356 694 335 651 434 394 450 568 785 496 716 192 227 761 165 622 536 1162 578 600 299 899 192 814 232 812 81 368 272 728 417 230 789 981 863 1070 644 830 436
208 178 307 325 375 633 63 272 563 708 502 490 332 205 78 368 489 262 212 587 320 469 600 420 335 529 436 479 323 755 0 618 480 631 332 71 723 648 631 483 218 568 532 431 291 439 593 406 446 274 601 219 354 592 226 554 497 244 437 507 515 546 442 210 340 505 159 310 389 556 390 110 189 435 156 462 261 526 689 556 357 89 385 395 461 741 450 564 670 505 184 40 581 660 648 38 356 430 266 398 538 544 503 465 155 638 599 460 513 545 562 619 721 179 137 404 549 562 531 482 95 109 649 538 78 232 452 619 435 391 547 166 529 639 414 386 669 736 634 648 182 332 444 705 205 642 481 563 592 771 543 533 485 406 775 675 799 33 98 431 687 486 188 124 646 625 635 301 521 517 485 527 280 487 477 462 681 558 443 767 230 718 672 199 298 516 430 64 320 495 223 575 735 582 401 322 441 261 334 366 524 213 191 406 142 786 545 33 714 137 236 440 636 243 666 519 751 557 625 619 748 563 513 364 547 785 585 273 325 370 371 455 507
411 704 349 412 973 266 679 557 639 171 438 161 946 481 601 966 133 435 827 473 669 195 698 323 467 528 651 184 940 138 618 0 195 430 287 680 266 866 260 345 401 96 624 587 772 297 751 1013 273 772 124 766 919 386 516 660 144 762 1017 439 164 114 241 594 921 161 723 479 606 66 247 568 519 322 645 1053 387 347 545 391 957 615 741 237 160 128 564 257 321 685 794 650 248 194 132 646 271 285 833 650 273 211 154 173 718 21 258 1052 199 835 422 237 104 541 643 230 348 175 223 168 713 599 75 176 624 486 184 287 187 266 149 562 326 501 1030 239 56 693 24 138 666 875 203 148 427 95 352 353 411 210 500 193 279 296 208 569 204 625 649 188 256 309 806 729 313 378 438 347 184 737 171 297 556 158 383 600 360 333 1032 161 559 132 640 684 863 226 213 670 802 192 453 124 187 62 224 583 199 517 296 262 346 438 648 395 578 225 121 624 158 486 405 1031 529 476 245 779 203 704 156 709 140 273 142 601 351 250 683 851 730 942 518 731 359
285 603 291 222 808 180 535 504 672 356 255 38 811 400 483 802 96 373 692 546 618 14 731 128 442 345 456 16 800 306 480 195 0 529 186 548 434 876 393 161 270 107 650 392 691 102 770 853 302 591 124 662 744 237 447 472 58 668 844 257 38 84 48 413 751 35 558 443 587 134 94 408 436 128 547 884 310 177 399 227 794 501 697 93 97 319 370 358 457 492 663 517 360 356 171 514 206 89 662 627 358 78 215 51 553 215 377 882 40 820 495 370 291 367 475 85 187 83 309 35 571 491 263 271 506 417 55 410 154 246 69 389 400 347 878 185 225 532 198 308 491 778 210 337 275 274 167 439 498 404 552 282 96 102 402 414 399 495 534 140 414 362 660 576 215 246 296 181 43 735 216 373 367 46 197 406 492 419 861 354 491 327 473 593 690 64 207 540 723 16 375 100 377 205 101 390 199 461 227 121 415 275 560 200 480 419 79 494 348 343 246 862 370 295 396 769 394 722 310 746 333 371 211 575 188 440 715 682 669 769 504 536 181
489 599 356 646 996 677 688 398 267 329 770 494 877 426 567 989 435 370 781 76 460 517 316 622 302 854 903 513 889 510 631 430 529 0 426 656 244 500 178 681 496 493 269 854 601 608 384 1016 242 886 539 649 985 765 414 963 477 624 1064 773 523 495 549 741 970 510 786 329 349 437 492 657 446 632 550 1084 392 704 927 755 976 570 497 481 432 450 845 176 139 959 740 640 182 262 561 637 379 588 896 387 170 591 316 478 782 431 173 1083 560 514 69 198 460 676 733 483 715 567 221 495 709 545 375 265 584 401 478 147 381 317 533 687 132 876 1004 375 472 1057 452 310 775 721 323 351 550 350 686 91 39 368 136 251 622 581 378 942 432 614 593 396 219 178 793 753 722 770 824 542 550 408 312 156 751 486 711 878 110 110 1068 442 431 391 995 560 929 589 331 647 621 538 409 526 344 372 459 795 335 384 378 479 124 580 529 683 508 373 501 614 351 561 553 1063 897 655 214 459 347 345 281 320 439 161 322 363 717 341 306 904 525 1000 294 965 705
124 428 110 221 694 365 393 319 512 388 362 178 660 215 316 687 160 188 541 420 432 172 569 216 264 439 478 177 654 424 332 287 186 426 0 393 425 700 348 286 116 247 486 428 509 213 600 731 185 514 288 488 648 392 262 539 179 490 743 366 211 228 171 344 646 197 447 262 407 227 97 293 252 229 370 776 124 321 542 370 677 332 511 94 133 410 420 289 403 533 508 363 301 352 334 360 47 193 560 445 274 263 183 150 442 307 320 775 226 638 375 329 390 282 372 102 339 266 243 172 427 318 319 231 340 231 139 349 104 109 241 300 295 487 745 63 339 652 304 328 402 602 130 380 154 316 289 336 389 449 410 232 245 177 451 547 470 338 366 99 393 248 520 445 396 412 450 116 228 558 168 276 335 173 308 452 428 322 756 436 306 390 587 413 591 244 116 384 541 202 189 262 414 252 86 376 123 276 52 72 302 175 379 264 302 464 228 337 391 203 142 754 502 240 372 588 431 552 311 585 417 296 191 393 339 470 552 575 484 670 328 544 314
270 128 354 396 340 703 54 274 559 760 571 556 267 237 91 332 552 296 148 606 295 537 590 491 355 595 491 546 262 817 71 680 548 656 393 0 769 618 673 554 282 634 528 492 239 510 574 363 491 292 668 156 339 663 243 612 563 186 410 577 583 612 511 267 317 572 170 328 381 619 457 176 211 506 130 428 309 596 757 627 320 87 350 462 524 801 513 607 708 559 115 31 624 709 716 35 413 500 256 382 580 613 558 531 167 700 642 426 582 510 587 663 782 245 181 471 619 631 577 549 55 111 706 589 72 257 518 659 494 442 615 230 564 708 362 444 732 799 697 701 221 264 498 759 274 698 552 596 618 824 558 582 556 476 828 742 855 55 69 491 732 524 139 110 717 696 705 371 590 495 540 565 342 554 548 522 716 593 412 825 234 775 736 160 286 586 484 10 265 563 260 642 787 641 466 381 496 274 390 433 557 284 165 477 149 838 611 56 768 205 306 407 703 313 711 490 803 543 676 609 807 604 568 357 618 835 576 257 287 350 380 501 578
534 748 417 620 1098 531 786 558 507 106 689 396 1020 535 679 1091 342 475 910 314 648 428 559 556 452 779 877 419 1024 293 723 266 434 244 425 769 0 742 99 595 532 356 504 817 780 534 625 1128 278 938 390 806 1065 649 546 906 376 789 1156 691 413 369 472 769 1058 405 861 475 551 306 443 712 567 560 691 1184 462 604 810 651 1080 687 702 431 356 229 800 164 105 921 871 744 145 79 393 741 384 517 975 594 193 471 246 393 856 256 130 1183 452 746 278 105 248 707 792 429 608 437 192 400 815 665 191 194 700 522 400 124 333 335 408 724 227 765 1130 362 285 956 280 129 825 897 295 133 578 170 601 218 249 127 366 195 529 520 136 832 192 718 718 346 37 253 906 846 579 643 703 529 437 640 258 213 753 389 631 835 137 207 1165 211 578 171 900 715 1007 481 309 759 805 437 509 387 110 231 410 790 303 529 399 445 243 600 680 627 633 129 376 717 128 616 567 1162 792 661 58 689 107 584 125 564 214 170 242 557 610 97 548 988 715 1084 475 951 613
665 493 590 872 886 1054 671 408 235 814 1047 855 689 525 572 880 808 521 655 428 328 861 184 911 436 1108 1068 863 719 977 648 866 876 500 700 618 742 0 661 983 682 893 244 1047 402 911 117 877 596 910 942 497 928 1092 474 1172 846 458 967 1052 890 884 870 848 896 875 787 440 297 844 797 740 507 925 493 963 586 1020 1236 1067 867 559 268 791 790 925 1055 626 637 1137 623 626 641 743 978 625 671 892 860 265 602 953 716 829 785 875 643 963 916 116 467 673 927 798 785 798 1039 945 647 851 667 542 834 691 570 495 822 629 730 632 913 795 548 1181 834 691 918 1327 890 780 830 479 683 832 725 811 985 535 493 862 380 675 945 874 871 1236 924 615 555 741 713 557 704 724 1090 1112 1149 782 913 143 701 576 902 847 999 1077 610 553 957 925 442 870 1261 458 886 938 681 614 393 890 538 920 833 804 777 949 692 444 651 772 528 756 458 942 516 868 887 616 835 685 749 948 1191 828 703 129 839 163 747 182 918 611 727 315 1039 839 194 854 333 930 373 1100 1011
448 649 325 556 1006 519 693 459 426 153 647 356 922 438 583 999 297 379 814 237 550 384 481 506 353 736 816 377 927 331 631 260 393 178 348 673 99 661 0 554 448 336 419 759 681 487 544 1035 184 855 377 707 977 623 448 856 337 690 1066 650 379 342 424 691 968 368 773 376 455 280 383 626 470 512 592 1092 370 569 786 619 987 591 605 371 304 272 745 67 64 864 774 650 50 84 392 647 304 468 887 498 95 444 184 346 768 258 32 1091 418 657 194 24 282 627 706 370 577 415 106 358 721 569 199 125 604 424 350 33 268 249 382 643 129 737 1035 286 297 925 281 132 742 798 220 174 497 174 560 127 171 202 282 119 489 467 211 804 262 623 621 282 62 155 812 755 566 622 680 458 406 551 190 114 682 348 588 779 101 113 1074 267 479 213 866 617 919 448 233 664 706 400 414 368 172 208 349 721 230 430 315 379 146 522 581 574 536 210 349 623 175 529 489 1071 762 587 45 600 179 500 105 488 262 71 184 460 579 188 468 899 616 995 377 887 575
333 638 395 161 754 174 527 588 798 513 94 199 800 471 512 749 257 463 684 691 695 169 855 73 548 185 320 177 781 430 483 345 161 681 286 554 595 983 554 0 316 249 772 253 740 75 886 805 446 515 239 692 675 113 523 316 219 707 776 97 183 231 132 349 690 190 514 543 687 290 196 386 501 58 590 820 398 42 255 84 743 530 775 205 251 458 225 515 617 344 663 524 518 516 271 521 324 95 603 723 513 140 372 207 510 363 536 819 146 914 642 530 427 326 432 201 65 178 465 196 562 529 417 430 532 497 205 568 300 379 196 348 550 201 841 315 361 376 342 467 434 809 358 492 292 431 8 590 648 555 690 440 66 110 553 263 541 507 560 285 575 509 640 550 170 143 166 207 161 840 371 525 280 206 38 260 651 571 797 494 564 476 315 639 627 119 351 548 773 157 452 226 531 364 225 286 347 546 338 216 563 274 611 87 528 570 224 506 502 358 260 800 218 249 557 867 548 838 470 871 474 527 370 671 64 594 838 626 736 701 612 402 28
17 335 140 190 578 437 278 277 524 502 367 274 549 158 214 571 271 167 429 475 380 258 576 243 263 426 418 266 541 537 218 401 270 496 116 282 532 682 448 316 0 352 495 381 429 253 595 615 270 407 387 393 535 428 211 502 281 402 628 372 302 330 238 247 531 291 332 249 386 339 176 180 186 259 281 661 112 356 558 398 561 231 460 180 243 525 382 385 498 481 398 252 399 462 434 248 149 238 446 417 365 340 296 249 327 421 419 659 306 604 436 432 505 181 259 189 378 353 343 268 313 223 435 340 237 187 236 444 220 199 335 196 373 504 630 176 451 646 417 442 293 510 239 496 54 431 316 413 457 564 450 338 296 215 567 555 586 228 264 215 499 325 405 329 458 456 481 109 312 539 280 361 258 272 324 409 518 402 640 552 250 506 579 329 477 315 225 273 462 285 144 360 528 368 184 304 234 238 133 151 375 86 299 262 216 579 329 227 506 87 68 639 511 164 477 560 545 549 423 594 533 389 305 367 377 583 559 460 421 555 323 473 343
364 675 334 328 909 184 627 551 675 266 342 81 900 459 562 902 91 421 780 525 665 110 735 232 472 432 559 99 891 200 568 96 107 493 247 634 356 893 336 249 352 0 656 493 754 205 782 952 298 697 49 736 848 293 501 564 71 737 948 343 71 23 155 518 853 72 658 480 617 56 180 506 497 230 617 986 364 251 454 296 894 578 741 174 116 213 470 317 399 591 749 603 313 281 89 600 248 195 765 660 326 116 184 104 653 114 326 985 104 850 473 312 184 470 576 165 252 81 274 89 662 566 170 229 586 470 116 358 169 265 53 492 376 408 974 218 119 599 94 227 594 849 210 244 368 187 256 409 469 306 543 243 184 209 304 476 295 579 612 162 342 348 753 671 230 288 347 278 88 757 195 346 473 82 287 505 437 388 964 249 545 227 545 660 793 130 214 625 785 100 432 32 283 129 168 497 202 508 273 202 394 372 625 303 549 321 28 578 254 433 341 964 436 400 328 796 299 733 238 748 228 332 175 608 255 346 719 784 722 872 530 639 262
481 430 378 682 851 824 574 259 31 571 845 625 690 356 455 843 574 329 617 193 254 636 83 702 233 916 908 636 711 733 532 624 650 269 486 528 504 244 419 772 495 656 0 875 390 698 128 857 358 806 705 463 866 876 314 997 614 429 927 850 660 649 651 704 841 645 689 248 148 605 579 600 352 715 400 936 387 806 1027 855 830 449 258 572 559 680 877 382 400 973 578 523 397 500 739 522 450 678 784 160 358 725 476 600 685 632 399 935 689 245 226 430 683 644 662 578 823 713 403 622 583 425 590 448 462 322 595 387 499 403 680 647 304 973 831 466 675 1133 648 536 707 504 448 589 545 567 775 292 255 621 138 432 727 663 630 1032 681 505 459 511 474 314 648 637 863 892 934 583 684 140 463 332 742 617 793 904 378 309 924 682 301 626 1067 388 814 713 448 521 400 664 358 685 591 562 555 789 458 278 434 557 284 578 368 743 390 628 653 505 592 523 563 917 987 655 462 191 598 82 503 100 674 367 487 171 823 601 66 785 305 874 173 953 800
