NAME : X-n247-k50_SARP
COMMENT : Curated from VRPLIB to SARP
TYPE : SARP
DIMENSION : 247
EDGE_WEIGHT_TYPE : EXPLICIT
EDGE_WEIGHT_FORMAT : FULL_MATRIX
EDGE_WEIGHT_SECTION
0 222 441 176 304 436 470 225 282 511 246 623 317 188 451 386 165 434 250 398 357 359 457 291 269 307 365 253 444 376 380 344 428 373 584 320 315 178 554 303 432 454 308 275 430 302 500 413 325 532 363 416 245 470 294 168 239 340 391 315 183 240 409 268 335 267 306 142 375 216 323 451 512 248 212 487 397 256 326 263 189 254 321 379 472 333 465 381 277 419 410 383 409 203 292 441 248 198 372 264 415 292 188 493 255 538 454 467 263 488 220 365 300 157 452 263 93 455 250 458 399 375 162 323 416 252 320 201 217 216 408 412 323 476 406 347 296 388 226 177 296 298 429 541 387 358 375 439 345 419 255 163 358 263 463 310 199 339 493 268 398 243 389 190 429 228 400 491 272 265 295 456 441 326 362 312 404 11 385 298 107 377 411 272 87 315 93 212 293 199 285 366 509 136 299 305 486 296 340 498 347 249 268 435 584 455 365 187 423 426 328 216 263 156 172 397 425 445 349 496 425 520 334 304 349 403 486 406 362 436 411 268 145 394 551 243 217 342 317 254 225 493 351 381 360 451 355
222 0 282 79 102 392 250 52 274 411 227 413 140 37 233 169 63 223 207 256 329 139 246 75 136 89 145 80 249 222 232 228 213 232 379 272 169 184 332 222 212 234 86 184 242 122 309 205 147 358 274 438 313 259 90 67 121 123 180 94 133 415 189 65 163 47 84 216 211 138 247 240 294 127 194 267 185 55 248 132 87 271 223 194 336 287 249 172 152 260 191 162 188 175 231 232 158 390 232 69 193 281 266 318 140 335 233 253 210 365 31 145 147 66 292 49 129 233 63 311 263 155 131 114 238 136 139 215 311 335 229 359 101 343 185 229 75 268 181 241 210 77 208 336 184 145 378 244 123 285 104 109 144 223 333 91 226 124 272 145 176 43 168 61 211 170 181 344 77 131 104 235 224 105 218 159 184 232 242 144 237 173 193 99 140 114 208 45 71 43 79 246 290 86 91 273 356 222 281 292 155 171 80 219 402 330 296 95 267 206 167 379 231 68 122 203 212 234 137 277 352 337 114 212 129 181 264 186 237 217 268 66 135 176 365 25 127 134 132 47 95 399 139 166 146 255 223
441 282 0 360 186 232 216 329 554 642 240 245 143 313 314 292 299 341 486 49 229 269 158 223 173 281 265 208 95 65 61 109 175 69 198 196 415 465 303 164 209 217 254 454 410 358 101 144 135 94 134 345 343 162 313 343 396 203 161 264 415 672 215 311 120 273 253 490 427 418 160 158 217 399 477 225 161 310 157 398 369 278 139 97 547 198 184 155 416 23 202 258 215 250 187 150 434 636 71 320 228 245 544 486 412 158 230 173 205 103 259 212 145 326 486 289 370 243 325 35 54 275 279 185 426 408 365 497 371 609 65 622 252 76 231 106 239 84 462 326 163 238 270 168 135 303 288 96 238 51 370 389 300 502 72 226 290 192 235 412 235 308 229 343 195 222 284 63 322 177 179 224 185 228 79 131 279 452 58 392 383 142 193 187 390 326 469 256 246 325 308 489 329 337 307 218 88 173 179 149 134 447 331 185 151 79 165 377 18 207 401 640 224 332 403 377 164 348 178 221 171 97 223 478 269 246 258 209 89 211 39 216 412 196 125 285 407 316 357 236 373 165 178 180 300 401 90
176 79 360 0 181 449 318 52 203 375 267 487 217 48 280 216 81 259 139 331 379 194 321 152 204 140 200 153 328 298 307 296 286 306 455 325 148 105 392 281 281 301 150 132 255 126 388 282 225 437 338 478 332 334 121 22 75 197 256 153 56 341 257 96 240 110 149 138 204 72 307 315 364 84 120 335 261 86 308 96 18 304 287 273 315 340 321 249 115 337 261 220 256 211 285 307 102 321 306 91 258 324 187 321 95 412 299 327 259 438 101 215 220 51 285 100 90 296 77 388 337 208 156 192 242 91 144 137 321 257 308 303 164 418 249 298 147 339 111 255 269 148 264 412 262 186 421 322 188 359 81 30 187 156 407 164 250 200 338 106 240 75 233 19 281 216 232 420 98 198 182 301 296 176 292 233 236 184 317 127 226 251 265 174 89 140 137 107 141 37 114 213 339 63 127 321 430 279 337 368 234 111 93 291 481 403 356 22 344 275 156 304 276 45 43 221 287 270 214 346 415 416 184 163 183 242 326 255 308 285 343 145 57 247 444 87 65 168 140 126 53 468 216 241 189 275 295
304 102 186 181 0 338 172 144 368 469 216 319 50 137 201 148 141 208 300 169 289 115 153 37 93 102 116 56 148 132 145 159 125 147 282 233 233 285 267 177 137 158 76 268 258 176 208 109 55 257 212 410 321 166 131 168 210 51 87 88 233 514 119 125 71 86 74 317 255 233 198 147 210 213 293 189 93 123 197 212 187 265 167 93 381 246 162 76 230 165 115 122 119 181 195 137 248 486 149 135 129 259 368 338 226 237 163 163 185 277 88 78 77 159 326 103 217 168 139 218 177 129 167 21 265 221 186 316 332 437 128 438 81 254 123 158 56 191 277 265 165 56 161 239 84 143 347 142 81 198 184 211 140 316 244 48 238 42 197 226 119 122 109 162 130 161 151 249 137 90 19 162 139 60 134 84 149 315 156 209 289 74 113 47 233 149 306 93 63 144 124 310 245 176 126 242 266 181 233 195 54 261 146 134 300 244 241 196 172 130 222 478 212 164 223 219 121 218 47 197 288 235 62 292 109 128 198 113 160 141 179 38 236 98 264 100 222 148 178 55 187 322 49 81 141 259 146
436 392 232 449 338 0 439 444 650 801 193 468 290 405 521 481 369 539 588 200 79 451 384 371 258 438 450 318 322 230 216 181 392 207 421 125 559 541 532 170 423 437 414 574 595 505 330 358 288 293 127 125 222 390 463 427 512 380 364 426 503 672 421 448 275 410 411 542 590 520 145 382 447 518 565 451 367 441 145 524 464 185 173 291 717 109 409 354 544 233 410 450 421 247 164 373 547 625 204 455 435 144 599 675 532 387 448 399 190 164 361 400 261 399 663 424 409 460 453 208 190 462 303 351 604 527 519 575 261 646 278 750 419 180 434 181 392 162 560 263 183 392 476 398 337 481 92 322 416 182 496 471 478 605 173 386 237 368 461 537 435 433 426 439 410 234 479 216 461 263 321 443 404 397 216 255 476 445 206 533 338 339 402 305 430 483 504 349 397 426 454 636 548 397 459 133 177 171 112 380 310 558 467 403 344 160 98 471 226 419 552 651 179 407 487 557 380 548 359 448 60 315 397 604 446 446 480 414 185 426 200 346 482 399 335 409 512 485 511 360 485 108 360 378 479 594 198
470 250 216 318 172 439 0 268 460 472 372 177 187 286 114 130 305 151 396 239 415 133 59 179 251 181 126 228 122 212 225 271 52 234 158 366 288 408 99 313 38 17 168 350 228 240 149 84 183 221 320 538 482 58 211 314 311 129 90 166 357 659 62 227 187 209 170 453 271 343 326 59 46 309 404 17 85 235 323 300 317 421 293 153 370 375 33 103 308 208 60 106 62 348 336 67 342 639 237 236 61 405 495 292 316 130 25 46 337 316 250 105 222 315 306 219 378 37 248 249 250 125 339 151 252 314 236 432 498 568 161 485 154 290 70 269 175 278 382 434 304 173 80 123 112 159 476 120 130 260 279 347 156 408 288 160 404 133 25 310 81 243 86 299 42 324 113 264 232 251 187 20 37 145 229 218 106 480 234 275 461 115 59 216 390 206 455 259 179 283 213 345 114 335 203 381 301 320 358 92 153 355 240 41 231 296 354 324 216 44 267 621 363 318 353 207 62 153 125 28 380 185 136 361 142 82 42 64 259 33 240 205 374 76 198 233 332 180 231 216 299 382 123 91 155 210 248
225 52 329 52 144 444 268 0 225 361 274 439 187 50 228 164 94 209 157 306 379 141 275 110 188 88 148 131 287 271 281 279 238 282 409 323 122 145 339 274 230 251 100 132 212 84 347 237 194 400 326 487 353 287 69 58 69 151 211 102 92 392 206 44 210 63 99 186 170 89 299 268 313 75 149 284 215 34 300 80 49 316 275 237 291 338 272 205 100 307 211 167 206 220 282 261 107 373 282 39 207 330 231 283 88 367 248 279 260 415 83 166 198 77 252 50 135 244 25 359 313 155 171 151 203 84 102 173 348 302 272 307 113 393 198 280 101 320 133 279 261 102 212 366 220 134 427 282 138 335 53 79 134 173 382 118 268 156 287 93 188 25 182 36 232 218 179 391 47 183 150 250 247 127 268 209 184 234 292 97 262 209 216 149 138 90 190 95 94 29 61 196 286 97 74 323 405 273 332 322 198 120 44 242 441 380 348 57 314 225 123 353 280 74 85 175 240 220 170 295 404 377 136 160 131 190 274 205 288 235 317 113 107 198 404 44 78 117 97 94 44 451 172 194 137 229 274
282 274 554 203 368 650 460 225 0 244 463 637 412 250 377 331 282 341 68 530 578 328 483 333 406 288 335 353 506 495 506 499 445 506 614 525 175 113 503 484 427 443 311 110 288 219 565 452 419 623 541 668 508 493 255 224 159 366 426 306 148 278 404 248 435 283 311 141 217 136 509 477 505 157 85 473 429 246 510 163 190 493 490 461 244 541 474 422 151 532 413 354 403 407 486 472 122 292 506 238 400 519 114 309 147 576 436 484 460 638 301 373 420 251 259 267 251 428 230 584 537 335 350 373 261 150 224 83 487 164 496 131 320 617 391 500 320 541 93 431 472 321 386 574 439 301 614 501 342 559 188 179 303 53 607 336 436 374 473 151 381 246 378 217 433 416 349 616 238 401 375 440 450 340 492 433 356 282 516 185 378 429 420 372 233 254 190 309 313 233 256 156 431 253 262 520 629 481 539 532 422 109 229 445 660 604 558 182 539 423 198 239 474 244 163 278 449 348 389 486 618 597 348 105 321 378 451 405 509 430 542 338 169 404 622 269 147 280 229 319 181 671 390 406 305 317 496
511 411 642 375 469 801 472 361 244 0 635 630 519 407 359 354 450 321 261 636 739 374 518 434 542 367 378 483 566 599 612 626 484 616 625 683 242 332 465 631 454 459 394 244 244 295 613 506 524 683 677 848 706 524 339 396 301 440 485 382 337 512 439 353 540 391 396 377 216 307 656 514 508 292 299 477 485 360 656 283 357 676 628 546 102 697 499 488 262 624 451 388 438 581 641 515 274 533 618 345 427 691 359 194 280 602 447 512 621 742 442 431 542 425 166 376 454 435 348 677 645 369 528 462 221 285 284 314 694 401 577 123 393 716 422 626 413 660 286 629 618 413 393 594 509 339 788 561 404 665 308 367 342 249 709 423 624 452 472 271 415 369 418 377 466 580 367 703 340 538 484 454 482 417 603 551 373 513 624 268 592 501 461 496 442 321 424 455 407 385 348 165 389 438 344 684 729 632 690 562 512 268 334 479 702 711 703 353 632 453 249 476 641 419 351 269 493 320 465 490 755 650 420 213 373 406 443 443 629 455 645 455 373 451 667 392 311 327 292 441 326 791 465 464 343 264 615
246 227 240 267 216 193 372 274 463 635 0 472 185 229 416 361 187 421 404 191 116 327 332 235 124 297 329 171 288 188 183 131 320 173 426 74 395 352 471 77 343 362 277 398 460 349 329 291 189 333 126 212 111 343 312 245 337 266 282 290 318 485 329 290 186 259 274 349 438 339 87 327 399 345 378 388 287 281 90 353 284 50 102 227 563 87 351 269 373 224 322 337 330 56 55 316 369 440 171 296 342 57 406 539 358 381 370 346 37 255 197 293 150 216 517 269 217 378 290 244 188 342 113 235 461 353 365 385 132 453 240 571 288 250 337 135 255 165 376 89 78 256 376 389 261 349 154 285 295 202 327 285 347 421 237 257 54 256 397 365 333 270 323 260 332 58 366 274 303 126 196 367 335 272 168 154 365 255 183 370 158 257 318 170 237 335 310 183 258 251 301 470 460 210 310 60 257 67 96 353 219 378 307 331 391 226 121 290 224 337 394 461 18 223 302 420 311 432 256 392 179 335 276 429 320 344 406 323 151 347 202 204 293 307 364 249 332 347 357 210 310 250 258 286 349 467 152
623 413 245 487 319 468 177 439 637 630 472 0 311 450 275 306 460 315 573 290 474 309 167 339 370 355 302 370 187 285 291 346 201 302 47 440 464 582 169 399 211 194 339 526 390 417 145 210 303 177 378 587 581 154 386 480 486 291 233 339 530 828 235 401 298 377 340 624 443 518 401 173 131 485 580 164 229 407 398 476 488 516 375 252 528 443 166 243 485 254 228 283 236 466 424 182 519 803 305 410 237 487 669 440 493 91 201 160 436 309 406 273 337 476 465 389 536 210 422 261 298 302 475 302 417 491 413 607 605 741 233 657 326 289 246 342 340 329 558 551 395 339 253 85 236 336 532 191 302 295 455 517 333 585 295 324 516 289 166 486 257 414 260 468 207 438 289 253 406 372 328 196 191 312 305 327 282 634 294 451 594 246 223 353 551 383 621 412 346 451 388 518 242 494 379 460 294 408 423 126 278 531 415 197 140 307 410 495 257 215 443 791 459 480 524 377 201 313 277 151 409 153 303 537 318 259 192 235 327 207 283 356 544 241 135 400 507 357 408 372 473 378 274 247 331 367 322
317 140 143 217 50 290 187 187 412 519 185 311 0 170 239 192 162 251 344 120 245 161 153 87 64 152 160 68 127 84 96 110 136 98 269 191 283 323 286 134 157 177 126 315 305 226 183 109 8 222 163 368 295 165 181 201 255 90 97 138 272 539 145 173 23 134 124 349 305 276 153 147 218 259 334 204 102 170 152 260 226 235 121 62 431 202 169 84 278 120 137 162 146 162 155 136 293 507 99 183 158 222 403 385 272 223 185 166 151 229 117 114 36 186 375 150 237 193 186 172 128 173 165 61 314 268 236 354 311 469 93 486 129 206 154 109 106 141 320 248 123 106 196 227 79 191 305 122 126 149 231 247 188 360 196 98 217 79 212 273 153 167 143 200 147 137 192 204 186 64 37 182 151 107 84 36 189 329 107 258 284 73 132 47 255 199 333 116 113 182 174 359 277 199 176 202 219 140 188 185 35 306 194 146 271 195 194 234 127 152 272 505 178 192 260 267 128 261 74 208 239 206 107 340 156 164 221 139 110 161 131 74 270 122 236 144 265 197 228 93 231 272 75 101 189 305 96
188 37 313 48 137 405 286 50 250 407 229 450 170 0 264 199 44 250 185 283 337 171 283 112 156 119 177 105 284 250 259 249 250 258 416 282 170 153 367 236 248 270 120 170 260 133 344 242 178 391 292 441 304 296 111 31 108 160 217 127 104 379 225 84 193 80 118 181 220 116 261 277 330 116 168 303 222 72 262 124 61 269 240 227 339 297 286 208 145 290 227 195 224 173 241 268 142 354 258 84 229 285 233 332 129 372 269 290 217 390 54 181 172 32 301 76 95 268 72 340 289 187 122 150 252 124 151 185 298 300 262 345 136 370 220 250 112 291 158 229 224 113 241 373 220 172 382 279 158 311 101 77 172 202 359 127 219 161 308 137 211 58 203 34 247 174 213 373 92 151 136 271 261 142 244 185 216 198 269 146 214 209 230 126 105 134 171 59 107 23 101 243 321 53 114 280 382 234 293 328 189 153 91 255 437 355 311 68 296 243 173 342 236 32 91 222 249 261 174 314 369 372 150 201 160 215 299 222 260 253 295 100 100 212 400 55 107 158 145 81 82 421 176 203 174 275 247
451 233 314 280 201 521 114 228 377 359 416 275 239 264 0 65 296 40 319 326 483 95 167 185 293 145 91 249 224 293 307 342 140 315 266 429 202 349 126 373 106 104 150 269 116 169 261 170 238 333 396 606 521 170 159 284 247 151 158 140 303 608 101 184 249 187 153 401 170 281 391 164 149 242 337 118 156 195 390 229 272 466 358 231 257 441 144 168 232 301 113 79 101 379 393 168 270 595 317 189 87 459 433 178 245 243 91 157 386 417 247 125 273 295 193 188 359 77 203 349 337 79 353 182 142 245 158 366 528 506 252 382 136 390 87 341 169 361 313 460 361 168 45 235 186 94 543 221 122 351 217 303 93 328 386 162 436 161 113 235 86 208 96 263 120 361 53 369 182 291 220 97 132 146 305 275 52 460 318 196 468 183 122 247 365 142 414 261 169 252 166 244 59 317 153 440 402 378 426 206 212 281 188 131 345 392 429 277 310 108 179 568 412 295 303 103 151 39 165 130 465 298 141 273 105 75 84 108 336 105 330 217 330 123 312 210 272 113 156 219 244 478 164 143 91 96 323
386 169 292 216 148 481 130 164 331 354 361 306 192 199 65 0 232 61 269 294 437 34 166 126 240 80 32 191 211 258 272 301 130 279 288 381 158 291 179 324 103 114 87 221 118 114 260 152 193 329 355 558 463 174 96 219 190 102 132 76 243 549 85 120 207 122 90 341 144 223 345 162 175 186 282 142 132 131 344 175 209 410 313 199 256 393 150 137 181 276 97 34 84 320 343 161 217 534 281 125 75 407 377 196 192 256 105 162 333 394 184 82 224 230 194 123 294 96 140 327 305 19 291 132 134 190 107 311 468 450 227 356 74 368 68 300 108 326 259 399 312 107 54 251 158 32 495 207 67 322 158 240 30 280 362 104 376 114 141 183 60 143 64 199 113 304 18 351 119 237 167 111 130 89 268 228 25 396 284 146 404 151 106 192 300 83 352 198 107 187 102 216 123 252 90 390 380 329 380 213 173 229 126 126 352 366 386 215 284 101 137 509 358 230 242 86 139 71 122 155 428 296 86 231 42 52 120 89 298 105 301 158 267 97 315 145 214 53 103 158 183 450 122 112 28 113 284
165 63 299 81 141 369 305 94 282 450 187 460 162 44 296 232 0 286 219 265 298 202 293 126 132 152 207 95 285 235 242 223 263 239 422 245 214 176 391 203 267 289 147 211 302 176 344 250 170 384 261 399 259 306 151 58 150 175 227 157 134 377 245 124 183 110 145 192 264 153 228 287 347 158 197 322 232 113 229 168 97 226 210 223 384 260 300 217 188 277 245 223 245 131 205 277 182 346 238 126 251 244 248 376 171 377 290 302 179 368 55 200 155 31 345 111 76 292 115 323 269 218 78 158 295 166 194 210 254 310 255 384 163 350 243 225 133 267 191 185 191 134 269 379 224 208 341 280 182 291 145 102 207 236 338 146 175 174 328 180 235 99 226 74 264 136 244 357 134 127 134 291 276 163 225 168 246 176 251 190 174 214 246 115 93 175 171 48 131 67 140 286 352 38 153 241 362 200 258 335 188 191 134 270 433 333 277 103 282 261 217 343 196 38 119 263 260 297 184 331 336 368 170 242 191 241 322 241 237 272 277 103 118 229 397 88 145 196 188 89 124 393 186 216 209 316 225
434 223 341 259 208 539 151 209 341 321 421 315 251 250 40 61 286 0 286 348 497 94 200 186 301 134 93 251 254 313 327 359 169 335 305 441 167 320 163 384 137 139 146 235 77 141 295 197 252 366 413 618 522 205 140 266 218 161 181 134 277 579 127 167 265 177 149 373 131 252 404 197 188 212 305 156 180 178 403 199 250 471 372 253 220 453 179 189 199 326 139 89 126 380 403 199 238 569 337 170 113 468 403 145 215 280 127 192 393 444 241 139 284 281 155 175 343 114 184 376 359 80 349 191 102 215 127 335 527 475 277 343 134 417 111 358 168 381 281 458 372 167 74 273 209 78 555 251 127 375 190 280 79 294 412 165 436 173 152 204 107 192 114 244 150 364 60 398 162 298 228 133 164 150 324 288 64 443 339 164 460 204 149 252 347 120 391 256 166 235 149 205 90 303 136 450 429 389 440 242 229 248 166 162 382 417 444 254 335 137 144 539 419 280 279 64 180 11 180 169 484 332 147 236 102 95 123 133 355 137 354 219 306 145 347 198 244 92 127 217 219 503 179 164 77 61 341
250 207 486 139 300 588 396 157 68 261 404 573 344 185 319 269 219 286 0 463 517 263 416 265 340 221 270 286 438 428 438 433 379 438 548 464 120 72 444 420 362 379 243 51 242 156 497 384 351 555 477 613 458 427 188 161 91 299 358 239 87 304 339 180 367 215 244 122 172 69 446 410 442 90 39 409 361 178 447 96 124 438 425 393 232 479 409 354 88 464 347 289 338 348 424 405 54 306 439 170 335 461 125 278 80 510 372 418 398 571 235 307 353 189 230 199 200 365 162 516 469 271 291 305 217 83 163 61 441 193 428 169 253 550 326 434 252 475 29 380 408 253 324 508 372 238 557 433 275 491 121 119 241 17 539 268 382 306 410 86 316 178 313 151 368 355 287 548 171 335 307 377 385 273 424 366 294 253 449 124 335 361 354 305 186 190 164 244 245 166 189 129 376 195 196 460 562 418 477 465 354 41 162 379 592 536 495 117 471 358 142 263 414 182 102 225 382 293 321 422 554 529 280 64 255 313 389 339 443 366 474 270 117 338 555 201 80 217 166 251 113 605 322 339 242 270 430
398 256 49 331 169 200 239 306 530 636 191 290 120 283 326 294 265 348 463 0 186 267 183 206 134 269 265 178 123 37 25 61 192 26 243 149 402 436 332 115 225 237 243 435 412 345 145 159 114 142 89 306 294 190 300 313 375 197 168 254 387 632 225 293 98 254 241 456 420 394 112 181 248 379 450 250 170 290 109 380 342 229 90 95 544 152 209 159 398 37 213 261 225 204 138 172 413 595 27 303 239 197 512 490 392 201 248 199 157 109 230 212 111 293 485 270 332 261 306 60 11 276 237 174 425 387 354 469 322 574 78 606 243 87 239 57 225 41 438 278 114 224 281 211 140 301 247 122 234 29 351 360 297 479 77 214 242 185 260 393 242 287 234 315 211 175 289 93 306 138 157 244 204 219 39 98 285 409 14 378 337 144 204 158 352 316 433 225 231 298 293 478 349 302 295 170 99 124 133 185 124 425 314 203 199 75 122 350 34 221 390 602 175 300 374 376 181 356 173 248 141 145 217 460 265 253 280 218 40 227 13 193 380 204 174 263 383 310 346 211 350 156 174 185 298 407 43
357 329 229 379 289 79 415 379 578 739 116 474 245 337 483 437 298 497 517 186 0 405 364 318 201 385 405 260 307 205 193 144 364 182 426 57 498 468 512 113 394 410 362 507 546 447 330 331 246 309 97 124 150 372 406 356 445 336 332 375 431 593 387 388 235 352 359 466 534 451 92 361 431 452 492 429 336 380 94 459 395 106 125 263 661 44 388 320 480 223 377 408 387 171 98 351 479 546 180 395 400 65 522 627 466 386 420 379 120 195 298 359 212 328 610 365 333 430 391 216 177 417 228 305 551 461 461 501 188 568 259 682 369 201 398 147 339 146 489 184 125 340 440 396 306 432 61 306 370 178 432 399 429 534 191 336 158 324 439 472 397 370 388 370 381 163 438 235 401 205 271 416 378 349 186 209 435 366 186 472 260 305 370 250 354 428 426 285 344 359 396 574 518 324 403 58 203 110 58 371 272 489 406 376 364 177 64 401 218 389 493 572 104 335 416 507 354 506 319 429 88 323 351 538 399 408 454 380 157 397 191 290 409 364 348 348 443 434 453 301 419 161 320 342 430 548 167
359 139 269 194 115 451 133 141 328 374 327 309 161 171 95 34 202 94 263 267 405 0 158 92 207 53 7 157 194 231 245 270 120 251 286 348 160 277 198 292 99 116 55 218 145 108 247 135 163 313 324 526 429 167 78 194 178 72 112 45 226 531 77 98 177 92 58 324 159 211 313 152 179 176 271 147 113 108 312 167 189 377 281 174 278 361 146 114 177 251 86 27 76 286 310 149 209 514 253 105 72 374 364 225 183 250 110 156 299 370 152 58 192 203 218 96 267 105 119 304 277 16 258 100 157 181 107 300 435 436 204 365 41 344 63 269 75 297 249 366 280 74 71 247 135 34 462 190 35 296 146 220 31 275 337 71 343 84 149 177 53 119 51 176 106 270 42 330 100 204 134 114 123 56 239 197 45 369 256 144 373 127 95 158 275 74 331 166 74 162 82 227 150 224 71 357 356 296 348 206 144 222 108 118 341 340 355 196 260 96 141 492 325 203 224 109 126 104 94 160 398 283 54 232 11 51 133 78 268 103 275 125 247 81 304 116 200 51 101 125 167 424 94 91 31 144 254
457 246 158 321 153 384 59 275 483 518 332 167 153 283 167 166 293 200 416 183 364 158 0 172 216 195 151 206 63 159 171 221 38 182 134 318 318 419 149 267 64 63 176 374 276 265 95 45 147 166 268 487 442 13 228 313 327 125 66 178 367 662 82 239 147 212 176 459 310 358 277 6 68 327 420 68 62 244 275 320 323 379 245 105 418 325 26 77 332 151 71 135 83 314 291 17 362 636 185 249 91 359 506 345 336 94 76 16 296 258 239 110 185 309 354 225 369 90 259 190 194 155 315 135 297 334 265 446 461 577 106 521 165 231 98 218 175 223 399 401 259 173 126 92 74 189 425 62 141 203 296 351 186 430 229 158 368 122 77 332 107 250 107 302 53 288 152 205 246 217 164 70 36 147 178 178 146 469 180 301 436 82 63 191 384 230 455 246 181 285 228 382 173 327 221 334 242 275 307 49 118 375 256 40 185 237 302 331 158 65 298 625 321 313 360 250 35 204 110 65 324 132 139 389 163 114 101 79 207 63 183 190 378 79 149 235 346 208 258 205 311 323 108 81 185 261 197
291 75 223 152 37 371 179 110 333 434 235 339 87 112 185 126 126 186 265 206 318 92 172 0 118 67 95 65 177 169 182 193 139 184 304 261 196 254 267 206 141 163 43 232 228 139 237 131 92 291 245 437 337 184 95 142 174 50 106 56 201 490 120 88 108 50 40 289 220 199 228 165 221 177 260 196 110 87 228 176 156 284 198 128 347 275 175 97 193 201 119 106 119 194 221 157 212 465 185 98 126 283 338 308 189 261 165 179 209 314 71 75 110 138 293 66 200 167 103 255 214 108 169 41 233 185 150 283 343 408 163 401 52 291 119 193 21 227 243 275 193 21 150 261 111 115 374 172 63 235 147 182 112 280 282 23 251 50 202 189 112 87 102 132 138 178 133 285 100 114 51 165 151 40 171 118 133 302 193 172 288 100 121 68 213 113 283 82 27 115 87 273 235 157 90 268 303 209 264 217 89 225 109 145 331 281 273 164 209 135 185 453 234 141 192 189 137 197 63 206 323 267 47 255 84 119 198 115 196 146 216 33 208 103 294 66 188 116 142 37 152 359 65 92 114 232 182
269 136 173 204 93 258 251 188 406 542 124 370 64 156 293 240 132 301 340 134 201 207 216 118 0 184 208 60 184 108 113 93 200 108 327 144 301 306 349 89 220 240 161 320 346 247 236 173 70 263 138 320 232 228 205 183 258 143 161 174 260 500 206 189 72 152 158 323 333 271 113 211 282 264 323 268 166 183 113 268 217 174 87 118 460 158 233 148 288 151 199 214 206 98 104 200 294 464 107 197 218 167 379 426 277 281 247 230 93 237 106 170 33 161 409 166 199 254 196 194 138 221 109 112 350 272 261 339 247 441 142 495 169 219 213 94 139 136 314 184 76 139 253 286 143 232 256 180 174 159 239 230 230 357 207 137 153 133 276 281 210 175 200 189 210 73 243 227 203 5 73 245 215 151 95 45 242 280 120 275 224 137 195 49 219 227 299 97 143 174 196 378 336 168 202 151 230 91 148 246 99 306 209 210 316 201 161 224 155 214 294 468 119 168 246 306 192 311 132 272 216 253 154 348 200 220 283 200 105 224 147 89 249 183 283 151 261 233 253 101 231 265 134 163 231 350 94
307 89 281 140 102 438 181 88 288 367 297 355 152 119 145 80 152 134 221 269 385 53 195 67 184 0 60 127 220 232 245 260 157 249 328 328 134 228 251 272 145 164 27 181 164 77 277 164 157 338 313 502 392 206 34 141 132 80 138 18 176 479 121 46 173 43 29 272 153 163 296 189 227 132 225 197 140 55 295 126 137 344 266 184 279 341 189 135 140 260 127 79 120 251 287 184 167 461 250 55 120 347 314 243 142 289 160 197 272 377 108 85 177 151 226 43 214 156 67 314 279 68 216 96 167 139 85 252 395 387 218 342 31 352 111 260 46 293 204 325 260 47 124 287 154 56 439 214 54 299 101 167 55 235 344 56 305 90 200 138 101 66 95 122 148 238 94 343 51 180 118 163 165 54 236 185 97 316 257 112 326 144 133 134 222 47 278 123 41 109 33 209 202 172 27 333 365 275 331 244 147 180 60 159 372 344 341 144 269 140 120 441 297 151 172 124 161 145 104 208 390 310 60 200 43 102 186 120 262 149 279 95 195 117 335 65 152 50 77 87 118 424 105 117 57 171 248
365 145 265 200 116 450 126 148 335 378 329 302 160 177 91 32 207 93 270 265 405 7 151 95 208 60 0 160 189 228 242 269 113 249 279 349 167 284 191 292 92 109 60 225 147 115 241 130 162 308 323 526 432 160 85 200 185 70 107 50 233 538 70 105 175 98 62 331 164 218 313 146 172 183 278 140 108 114 312 174 196 379 281 171 282 361 140 110 184 248 80 20 69 289 311 143 216 521 250 112 65 375 371 226 191 244 103 150 301 366 157 54 192 209 221 102 272 98 126 300 275 13 262 100 161 188 114 307 438 444 200 371 45 340 56 268 78 295 256 369 280 77 64 240 131 39 463 185 34 293 153 227 36 282 334 73 346 82 142 184 46 125 44 182 99 272 38 326 108 205 135 107 116 57 237 196 39 375 254 151 378 123 88 160 281 81 338 170 78 168 89 232 145 230 78 358 353 297 348 199 142 229 116 112 335 337 354 203 256 89 147 499 326 209 231 112 120 103 92 153 397 277 54 239 17 44 126 72 267 96 272 127 254 75 298 122 207 57 108 128 174 421 91 86 36 145 252
253 80 208 153 56 318 228 131 353 483 171 370 68 105 249 191 95 251 286 178 260 157 206 65 60 127 160 0 191 145 154 148 180 153 331 202 241 258 322 149 192 214 106 262 290 188 249 161 76 290 196 376 272 219 146 136 200 103 142 119 209 471 174 130 89 93 103 283 274 217 173 200 265 206 272 245 147 123 173 209 164 220 146 128 401 216 216 130 229 185 170 170 173 130 161 190 238 440 153 138 183 220 337 370 219 285 218 217 146 286 52 131 67 119 351 106 170 223 136 234 184 172 112 77 293 214 202 291 280 402 161 437 117 265 177 149 84 189 260 212 136 85 212 288 134 178 313 186 127 206 181 182 176 303 254 87 187 97 252 223 171 116 161 137 186 113 197 267 143 55 42 218 194 103 139 80 197 265 164 216 233 125 169 21 188 169 265 48 87 120 137 319 297 132 144 207 277 150 208 245 94 250 149 189 338 251 221 172 191 186 234 437 170 125 196 250 175 262 102 252 275 273 109 290 149 180 253 168 157 197 190 33 204 154 303 92 206 177 194 42 175 320 105 136 178 296 144
444 249 95 328 148 322 122 287 506 566 288 187 127 284 224 211 285 254 438 123 307 194 63 177 184 220 189 191 0 104 114 167 85 125 143 264 351 431 210 218 118 124 196 400 327 295 60 59 119 119 210 428 398 68 254 316 348 140 83 201 378 661 128 258 112 225 195 465 353 375 224 63 126 349 436 131 82 261 221 345 333 333 194 66 467 270 90 84 359 88 116 177 129 280 242 57 384 631 128 268 141 308 515 399 360 97 137 78 251 195 234 138 151 306 404 240 361 150 277 127 133 196 290 136 345 356 298 460 420 584 49 558 188 168 145 164 187 163 418 364 211 186 181 102 67 229 368 5 169 141 318 358 225 453 166 171 330 133 140 357 151 263 148 309 105 251 200 145 268 186 151 131 92 166 124 141 194 455 121 331 408 78 106 172 378 261 453 237 194 291 251 421 235 321 247 283 180 226 251 66 97 398 277 93 155 174 244 341 96 117 334 626 275 311 369 297 74 259 117 127 262 91 160 419 197 161 164 123 151 119 121 185 384 114 117 244 363 245 291 203 328 260 116 104 225 315 143
376 222 65 298 132 230 212 271 495 599 188 285 84 250 293 258 235 313 428 37 205 231 159 169 108 232 228 145 104 0 14 63 162 23 238 160 365 403 308 115 194 208 206 399 376 308 141 129 78 156 109 327 296 168 263 281 339 160 135 217 354 607 192 257 61 218 204 426 383 359 120 156 226 343 416 225 138 254 117 343 308 231 91 62 507 167 183 125 362 43 180 225 192 190 139 146 377 571 26 266 206 205 481 454 356 194 219 175 152 145 197 176 80 262 449 234 305 230 270 89 47 240 215 136 388 351 317 436 321 545 55 570 206 122 205 60 188 69 403 270 110 187 247 202 107 264 266 102 197 66 315 327 261 444 113 177 234 148 234 357 207 251 199 281 180 161 254 122 269 112 121 214 176 182 21 67 250 388 26 341 323 110 172 124 325 279 405 193 194 264 256 441 319 272 258 179 135 124 148 170 87 390 277 174 211 112 143 316 47 190 353 575 174 269 341 340 151 321 137 224 172 150 180 424 229 219 252 185 48 196 47 158 349 170 180 227 348 273 309 176 315 193 137 150 261 371 39
380 232 61 307 145 216 225 281 506 612 183 291 96 259 307 272 242 327 438 25 193 245 171 182 113 245 242 154 114 14 0 55 176 11 244 150 378 412 320 108 208 221 219 411 390 320 146 142 90 155 97 315 290 179 276 289 350 174 149 230 363 612 206 269 73 230 217 434 397 370 111 169 238 354 426 237 151 266 108 355 318 225 83 76 521 156 196 139 374 42 194 239 206 190 133 159 388 576 14 278 220 196 489 468 367 201 232 187 147 133 206 190 88 270 463 246 311 244 281 81 33 254 218 150 402 363 330 445 315 552 66 582 220 111 219 51 201 55 413 267 105 200 261 209 121 278 254 113 211 54 326 336 275 455 101 190 231 162 247 369 222 262 214 291 194 161 268 115 281 117 133 228 189 196 18 75 264 391 12 354 322 124 186 134 331 292 411 201 207 274 269 454 332 279 270 170 123 118 137 179 101 401 289 187 211 100 131 326 43 203 366 581 168 277 351 354 165 335 151 236 158 152 193 436 242 233 265 199 37 210 36 169 357 184 182 238 359 287 322 187 326 179 151 164 275 385 31
344 228 109 296 159 181 271 279 499 626 131 346 110 249 342 301 223 359 433 61 144 270 221 193 93 260 269 148 167 63 55 0 220 44 299 97 386 399 369 55 250 265 235 411 415 331 201 187 108 203 54 268 235 230 287 276 349 199 188 247 353 581 244 275 94 236 232 413 413 364 57 218 289 354 416 285 192 270 54 357 309 171 30 118 539 104 244 177 377 94 233 270 244 145 78 207 386 541 41 284 258 142 470 495 367 255 276 236 96 147 198 220 84 253 484 251 285 286 284 117 58 281 183 170 424 363 343 432 262 529 118 585 239 132 256 4 214 45 406 217 54 214 298 264 162 301 205 165 236 76 329 323 298 450 120 207 181 187 294 371 256 264 247 282 237 117 299 149 288 98 142 272 234 216 43 75 296 355 52 361 277 162 226 132 305 306 386 190 220 267 279 464 374 258 283 116 142 64 87 233 130 398 295 232 260 112 86 317 93 245 377 552 115 260 339 377 209 368 179 285 130 204 216 438 266 267 310 237 21 253 72 172 341 221 234 239 353 306 335 188 323 172 180 200 298 414 24
428 213 175 286 125 392 52 238 445 484 320 201 136 250 140 130 263 169 379 192 364 120 38 139 200 157 113 180 85 162 176 220 0 185 171 314 280 383 151 261 34 45 139 336 243 227 129 34 131 199 271 488 430 49 190 279 290 90 39 140 330 627 46 202 135 176 139 423 274 320 275 32 85 289 382 68 34 207 272 282 287 369 242 102 385 324 37 52 294 164 34 98 47 297 284 31 324 603 188 211 57 353 469 315 299 132 56 41 285 278 208 73 170 277 321 189 338 69 222 210 203 118 291 105 263 296 227 409 446 541 115 484 127 251 62 218 139 230 362 383 252 138 96 129 60 152 426 82 104 215 258 316 149 392 248 123 353 89 77 294 70 214 69 267 20 272 118 229 209 199 139 52 15 111 179 166 111 439 186 263 413 63 25 167 352 192 421 216 145 250 190 345 157 296 183 330 263 268 307 87 101 337 218 11 222 254 305 295 172 32 261 590 311 280 324 215 11 175 79 73 333 166 103 351 125 79 90 42 209 35 195 160 343 41 185 199 309 171 220 174 274 340 77 47 148 230 198
373 232 69 306 147 207 234 282 506 616 173 302 98 258 315 279 239 335 438 26 182 251 182 184 108 249 249 153 125 23 11 44 185 0 255 139 380 411 330 98 217 230 223 412 396 323 157 152 93 163 86 305 279 190 279 288 351 179 157 234 362 607 214 271 76 232 220 431 401 369 100 179 249 355 425 247 160 268 97 357 317 214 73 84 526 145 206 147 375 51 203 246 214 181 122 169 389 570 3 280 228 185 486 475 368 212 242 197 137 133 205 197 86 267 468 248 307 253 283 85 31 260 212 154 407 364 333 443 305 549 77 584 224 112 227 40 204 47 413 258 95 203 269 220 130 283 244 123 217 53 328 334 280 455 101 194 222 167 257 370 229 263 221 290 203 152 275 119 283 113 135 237 199 200 14 73 271 385 12 356 314 132 195 133 327 296 407 199 210 273 272 457 341 276 274 159 124 107 126 190 107 401 291 196 220 98 120 325 52 212 369 576 158 274 349 359 174 343 157 247 150 162 199 438 248 241 275 207 26 219 39 169 355 192 192 239 359 291 325 188 326 175 157 172 280 392 21
584 379 198 455 282 421 158 409 614 625 426 47 269 416 266 288 422 305 548 243 426 286 134 304 327 328 279 331 143 238 244 299 171 255 0 392 445 553 178 353 187 173 310 504 382 395 98 174 262 133 331 540 534 122 360 446 460 258 199 311 501 794 210 373 255 346 310 593 429 491 354 140 117 459 553 149 194 378 351 452 457 469 328 209 523 395 140 207 463 206 201 261 211 422 377 148 494 768 258 382 215 440 640 438 468 47 183 131 390 264 369 244 294 440 459 359 499 194 393 214 251 281 434 266 407 466 392 580 559 711 188 643 298 243 223 295 309 281 532 506 348 307 238 43 198 315 485 148 274 248 429 485 312 561 248 292 471 255 153 463 233 384 236 436 181 394 271 207 379 329 289 177 164 281 259 284 264 596 247 430 551 208 195 313 515 360 587 374 315 418 361 503 243 458 353 413 249 362 376 88 237 507 388 169 104 261 363 465 210 191 424 758 412 445 494 364 169 305 242 136 362 106 273 517 293 238 182 209 280 184 236 320 512 212 91 368 480 336 387 336 445 333 240 215 311 361 276
320 272 196 325 233 125 366 323 525 683 74 440 191 282 429 381 245 441 464 149 57 348 318 261 144 328 349 202 264 160 150 97 314 139 392 0 441 417 464 56 342 359 305 452 489 389 294 282 191 284 65 178 150 327 349 303 389 280 280 318 378 559 334 331 182 295 302 419 477 397 40 314 385 397 440 380 284 323 43 403 341 89 73 214 603 15 340 268 424 186 324 353 334 123 41 303 424 514 136 338 347 50 476 570 410 350 369 333 66 189 241 305 157 275 553 308 286 379 334 191 142 362 179 249 494 405 404 450 183 525 215 627 312 188 344 100 282 113 436 158 69 283 386 359 255 375 114 262 314 150 376 346 373 481 176 280 125 269 390 416 343 314 333 315 330 109 382 217 344 148 214 365 329 293 140 154 380 330 146 415 231 254 318 193 306 371 382 228 287 303 339 518 465 273 346 22 193 53 23 329 219 435 349 326 342 163 48 347 183 337 436 535 57 282 363 450 304 450 264 381 105 293 294 482 342 354 404 327 114 345 157 233 358 311 320 291 388 377 396 244 363 177 265 289 374 492 121
315 169 415 148 233 559 288 122 175 242 395 464 283 170 202 158 214 167 120 402 498 160 318 196 301 134 167 241 351 365 378 386 280 380 445 441 0 165 327 389 258 272 161 69 126 57 406 293 288 470 437 607 474 327 102 166 77 214 268 152 134 420 237 112 304 150 162 221 60 103 414 312 333 67 144 300 270 118 414 53 131 438 387 318 169 455 306 268 40 395 246 184 236 342 399 309 78 416 381 103 230 450 241 178 61 410 263 316 379 510 200 213 302 193 138 135 237 254 106 448 411 164 292 230 105 64 53 173 466 312 352 207 164 486 222 387 177 423 119 398 376 178 212 406 287 130 547 346 182 431 70 153 132 127 477 189 389 224 299 48 212 127 211 144 266 339 176 477 98 296 246 269 283 188 367 312 183 322 389 26 374 278 255 255 232 90 249 214 170 148 109 78 257 209 108 442 498 390 448 366 281 85 92 279 501 477 462 131 403 255 23 379 400 188 143 106 286 174 238 313 515 441 193 73 155 207 276 239 391 261 412 215 171 241 464 150 99 110 60 200 95 555 239 247 134 153 377
178 184 465 105 285 541 408 145 113 332 352 582 323 153 349 291 176 320 72 436 468 277 419 254 306 228 284 258 431 403 412 399 383 411 553 417 165 0 470 378 372 391 244 106 291 180 491 382 330 542 437 555 395 431 199 123 102 296 356 244 53 259 348 182 345 208 243 56 224 68 403 413 455 108 34 424 360 175 405 122 98 381 387 378 301 432 416 350 126 443 354 304 347 296 378 406 87 251 410 173 347 408 87 338 107 512 387 423 351 542 207 310 325 146 292 194 138 382 161 493 441 288 239 294 270 106 193 34 376 159 413 236 256 523 338 400 246 442 51 318 367 247 344 511 364 260 503 425 280 463 133 76 261 84 511 263 324 300 426 119 328 169 323 123 375 308 309 526 177 301 288 390 391 272 397 338 315 181 422 158 267 354 359 279 121 209 93 211 239 141 196 195 408 144 206 410 534 375 432 467 339 82 169 386 585 507 452 90 449 367 185 218 364 139 62 267 384 330 315 436 512 520 280 131 268 328 409 347 411 376 448 250 59 342 548 187 78 238 194 231 110 569 317 339 263 317 399
554 332 303 392 267 532 99 339 503 465 471 169 286 367 126 179 391 163 444 332 512 198 149 267 349 251 191 322 210 308 320 369 151 330 178 464 327 470 0 412 130 109 246 395 232 292 218 182 282 284 417 635 581 142 274 392 368 220 189 240 422 727 149 296 287 287 249 520 293 402 424 151 86 364 460 84 184 306 422 353 387 520 392 251 363 473 124 202 356 299 152 172 149 445 435 162 394 712 333 303 141 504 556 272 369 175 104 133 436 398 338 193 321 398 301 293 462 100 317 333 343 184 433 246 260 368 282 490 596 629 255 502 231 372 149 366 259 372 436 531 403 257 127 164 211 211 574 210 209 351 337 418 210 454 372 246 502 225 74 360 157 317 166 374 139 422 162 342 297 349 283 105 136 229 326 317 156 564 329 321 554 214 155 313 471 262 529 349 261 359 279 367 77 419 267 480 382 419 455 158 252 405 304 140 276 382 451 393 306 136 305 688 462 399 420 227 161 158 221 84 472 249 221 398 209 152 69 154 356 126 332 296 445 169 251 312 393 232 279 305 362 466 219 187 207 205 345
303 222 164 281 177 170 313 274 484 631 77 399 134 236 373 324 203 384 420 115 113 292 267 206 89 272 292 149 218 115 108 55 261 98 353 56 389 378 412 0 288 305 249 404 434 336 255 229 135 257 61 234 182 277 295 259 342 224 226 262 336 542 278 278 127 241 246 386 423 352 26 263 335 348 399 328 230 271 27 354 296 117 25 162 550 69 289 213 374 148 269 296 279 100 25 252 378 500 95 286 292 92 443 514 362 308 314 282 43 186 191 248 100 233 498 255 254 324 283 168 111 305 148 193 439 357 350 412 208 498 169 580 256 177 288 58 227 90 392 164 13 227 330 316 202 319 170 215 258 126 326 305 317 437 164 224 128 212 337 367 287 262 277 270 276 76 326 198 291 94 158 311 276 236 94 98 323 313 107 363 228 199 263 138 275 316 354 179 231 256 285 466 410 234 291 69 185 9 59 283 163 389 297 272 314 154 75 303 147 282 383 515 60 241 321 394 251 394 208 330 134 259 238 434 286 298 350 272 75 291 126 178 319 255 288 239 343 321 342 190 315 194 209 234 318 436 77
432 212 209 281 137 423 38 230 427 454 343 211 157 248 106 103 267 137 362 225 394 99 64 141 220 145 92 192 118 194 208 250 34 217 187 342 258 372 130 288 0 22 131 317 212 208 159 66 154 230 301 517 452 71 175 276 276 92 62 129 320 622 24 191 161 171 132 416 247 308 303 60 83 274 369 55 58 198 300 266 280 392 270 132 354 352 48 75 276 198 22 74 25 315 310 63 308 601 219 199 28 378 459 282 282 153 27 59 309 312 213 67 193 277 290 181 341 37 212 244 236 94 304 116 233 280 205 397 466 531 148 459 117 285 36 248 137 262 348 401 278 136 63 148 88 128 454 115 93 249 244 309 126 375 282 122 372 96 61 276 46 206 50 262 14 292 88 263 196 219 153 25 28 107 209 191 81 443 218 243 425 88 25 182 353 173 417 222 141 245 177 319 125 298 168 356 297 294 336 110 125 321 205 25 249 288 335 287 206 6 238 584 335 280 316 186 45 141 90 65 366 196 98 330 107 51 63 26 240 4 228 168 337 39 213 195 297 149 200 178 263 374 88 57 124 197 228
