NAME : X-n204-k19_SARP
COMMENT : Curated from VRPLIB to SARP
TYPE : SARP
DIMENSION : 203
EDGE_WEIGHT_TYPE : EXPLICIT
EDGE_WEIGHT_FORMAT : FULL_MATRIX
EDGE_WEIGHT_SECTION
0 494 83 235 410 440 282 246 336 224 245 298 265 425 219 262 282 444 226 399 525 488 301 299 285 256 321 485 404 575 401 238 242 425 668 304 225 236 324 362 411 173 143 391 50 310 552 394 449 296 233 222 100 208 675 196 282 647 296 209 187 675 347 680 429 357 235 403 413 702 322 223 298 558 346 158 438 292 462 335 482 427 430 513 376 296 665 361 177 218 165 561 379 416 534 278 244 561 254 302 502 404 135 395 245 598 335 268 149 181 357 465 396 507 394 469 441 289 284 307 109 477 513 212 303 338 287 81 425 447 498 469 185 454 180 606 215 194 290 396 348 507 231 278 278 544 275 66 205 395 347 292 191 341 383 648 516 355 472 216 656 231 384 192 450 177 414 395 395 185 360 144 367 586 419 284 192 311 420 309 256 533 612 384 576 327 374 178 257 599 193 369 428 503 233 474 123 175 325 231 501 412 310
494 0 569 703 891 934 585 711 555 626 401 751 759 917 557 547 689 486 660 544 619 968 736 298 778 749 782 960 897 385 834 453 682 613 463 797 713 722 767 197 900 582 469 671 535 611 983 884 934 555 725 672 507 698 1098 667 775 1082 786 330 661 1100 169 1098 913 824 568 878 464 1091 634 679 752 918 262 647 929 605 576 775 952 292 906 892 868 674 1066 514 591 705 592 296 115 905 986 588 405 393 599 576 767 874 621 710 675 957 655 759 636 643 815 863 888 415 628 956 864 753 777 680 598 409 886 683 533 831 621 553 459 672 687 63 399 734 662 1031 708 472 763 870 566 611 546 758 371 966 757 545 395 875 717 768 682 808 874 1075 923 264 650 709 1088 724 582 517 756 640 287 888 544 672 693 637 839 1023 903 758 632 596 899 785 700 1011 391 717 526 821 868 660 735 562 608 855 765 726 453 944 371 421 628 723 81 173 730
83 569 0 205 358 368 251 216 388 166 272 272 194 358 190 242 215 454 155 458 583 434 225 347 209 185 240 402 328 655 379 250 168 475 701 228 144 155 246 423 350 124 210 423 73 276 472 332 392 345 157 145 95 129 647 169 214 614 217 264 158 645 416 653 373 275 204 320 426 627 282 204 218 556 429 78 373 256 455 314 434 508 348 506 312 238 589 359 197 137 108 609 454 353 452 246 318 640 214 277 458 360 53 345 240 529 290 190 108 165 275 455 329 535 366 408 422 208 209 249 77 503 444 182 292 271 245 28 496 487 542 548 262 482 142 578 148 200 208 313 332 564 208 196 311 521 226 83 283 343 287 248 135 258 318 618 499 437 520 150 624 158 436 179 470 98 460 320 454 104 309 69 322 554 363 243 123 352 337 227 180 478 651 402 648 258 301 96 175 669 207 288 370 468 244 392 200 204 287 155 570 494 237
235 703 205 0 189 271 446 11 321 343 472 67 143 236 389 443 366 659 308 400 507 265 343 534 183 140 313 399 264 678 174 454 306 385 900 191 187 202 346 593 209 316 243 296 186 466 531 195 234 277 164 282 299 169 443 39 137 412 206 444 49 442 573 449 213 322 401 335 631 709 467 34 312 360 499 179 242 447 657 110 250 557 353 308 189 403 665 563 127 191 296 796 594 215 486 440 346 659 404 474 629 172 191 515 77 644 470 189 97 60 340 255 213 736 559 260 217 288 175 413 132 705 562 23 494 168 431 233 479 372 429 668 318 336 63 374 118 404 268 332 532 488 409 241 508 316 66 171 331 173 442 66 91 312 192 415 295 505 420 112 422 145 357 383 312 248 650 249 395 187 479 161 136 352 203 56 288 259 336 271 307 308 847 247 619 172 225 204 239 629 116 274 525 651 448 404 346 402 474 164 723 586 367
410 891 358 189 0 143 558 183 477 444 628 158 184 94 512 565 441 796 397 552 641 78 395 704 202 190 338 327 180 853 162 600 385 521 1056 190 260 265 382 772 55 437 432 415 363 570 493 60 49 439 231 368 450 257 327 224 159 283 217 617 230 323 756 337 27 321 519 299 771 674 563 217 354 350 686 298 85 552 776 164 83 740 301 298 85 484 627 692 312 269 416 966 780 62 432 551 530 833 512 587 696 50 321 589 238 647 559 224 262 249 348 248 95 888 660 78 190 328 194 492 301 857 576 208 619 116 531 384 645 488 542 856 507 427 231 268 214 550 300 301 648 624 533 276 668 234 136 350 519 16 508 123 223 320 79 297 247 692 544 210 296 218 502 518 391 354 817 163 548 288 556 293 60 232 23 133 392 409 284 289 377 122 1008 345 774 138 152 308 291 779 298 236 580 733 595 346 528 561 572 233 908 775 423
440 934 368 271 143 0 509 270 588 398 619 272 175 49 477 526 375 759 348 666 765 157 319 709 162 184 252 189 60 949 303 581 330 643 1034 143 232 229 296 790 89 409 502 542 400 514 359 90 117 546 212 320 448 241 441 293 159 392 162 631 294 435 783 453 123 220 480 180 739 538 502 304 277 492 758 293 62 499 723 292 199 822 173 440 83 418 491 652 396 241 389 964 819 81 295 502 612 930 465 539 607 193 319 509 340 525 493 184 303 321 248 391 60 865 598 100 333 255 160 423 338 834 461 280 579 107 475 389 749 617 673 907 576 562 284 391 225 534 229 185 599 747 498 214 660 369 205 392 591 148 429 212 254 226 82 412 388 765 671 225 406 210 620 494 528 326 815 55 661 272 481 299 189 352 122 222 356 523 158 210 316 183 994 477 887 113 68 288 237 896 387 131 489 652 576 211 563 558 512 214 938 838 346
282 585 251 446 558 509 0 457 617 114 184 513 374 522 63 38 142 252 163 678 804 625 202 290 361 368 269 441 452 801 618 133 180 707 533 377 298 293 233 393 531 130 423 669 311 31 411 514 578 578 327 192 182 302 874 414 399 835 352 267 403 871 416 882 564 312 48 370 235 506 51 452 238 804 556 271 541 20 218 556 640 646 397 754 487 106 481 144 445 289 151 496 481 531 430 7 506 791 45 30 225 575 255 132 490 374 71 337 352 415 290 701 496 366 115 583 662 256 367 108 328 337 301 425 74 447 41 227 689 728 780 592 444 730 384 808 351 124 281 362 91 786 54 296 218 755 447 326 464 546 136 474 360 299 495 844 740 566 754 357 847 341 666 96 721 206 359 454 674 273 108 286 540 778 555 471 166 592 398 301 193 666 503 653 836 426 445 253 274 863 457 385 182 221 132 416 313 180 48 325 551 584 182
246 711 216 11 183 270 457 0 320 353 483 56 149 234 401 454 377 670 318 398 504 258 353 544 189 146 322 403 266 680 163 465 316 382 911 196 196 210 354 603 205 327 249 291 196 477 538 192 229 276 172 293 310 179 432 50 141 402 212 454 59 431 582 438 207 329 412 340 642 716 478 35 321 349 504 190 239 458 668 99 242 560 357 297 188 414 671 574 131 200 307 806 602 212 492 451 350 661 415 485 640 163 202 526 73 653 481 196 109 68 347 244 212 747 570 255 206 297 181 423 143 716 571 34 505 169 442 244 479 366 424 674 324 329 74 363 127 416 276 338 543 485 420 249 519 305 66 180 336 167 452 62 101 319 191 404 284 510 415 121 412 153 354 394 304 258 660 250 393 197 489 172 128 342 198 51 299 256 340 279 317 301 857 240 618 175 227 214 248 628 118 279 535 662 459 409 355 413 485 172 731 592 377
336 555 388 321 477 588 617 320 0 553 539 320 457 548 554 595 603 742 542 79 196 538 606 537 495 451 601 716 585 385 349 552 552 90 905 507 473 489 620 540 514 505 196 117 316 646 833 505 525 45 460 528 435 451 572 312 455 568 516 456 315 575 497 569 504 622 571 646 710 1002 658 288 589 370 295 428 550 628 780 316 502 306 667 354 505 626 961 678 212 472 493 759 477 522 797 613 161 364 590 636 838 437 420 729 248 915 670 494 341 286 633 339 529 769 727 555 361 570 488 636 333 743 829 318 631 488 623 404 171 128 168 499 205 179 335 512 416 517 558 642 678 177 565 535 556 448 386 305 193 463 675 376 378 608 507 554 399 295 138 412 570 445 49 525 202 482 641 569 74 451 693 404 417 515 497 366 511 68 651 568 562 572 837 177 299 493 546 457 524 308 214 590 758 838 547 719 342 479 661 460 607 391 622
224 626 166 343 444 398 114 353 553 0 244 407 261 409 83 128 65 361 50 620 746 512 112 348 248 255 170 350 343 787 512 197 70 641 637 264 184 180 144 446 417 52 366 589 237 127 359 400 464 510 214 79 139 190 762 314 286 723 239 296 303 759 458 771 451 215 82 273 341 489 125 353 138 703 547 164 428 108 332 452 527 634 301 651 374 73 456 254 362 176 60 583 514 417 361 107 466 774 68 143 293 463 154 179 395 376 128 224 253 319 198 597 383 469 219 470 556 150 254 83 236 438 292 323 180 333 89 149 649 654 708 621 405 646 282 697 241 159 173 265 204 727 102 184 284 646 337 249 426 433 124 364 254 200 382 732 633 557 686 246 735 229 601 113 632 96 438 344 616 162 143 182 428 667 441 362 55 518 300 194 87 553 602 564 799 313 333 142 162 823 371 278 205 309 193 329 298 205 132 212 605 593 105
245 401 272 472 628 619 184 483 539 244 0 538 455 618 164 146 300 204 288 583 705 704 355 107 458 447 412 593 569 646 643 52 310 628 429 476 387 390 387 209 616 214 349 618 293 209 589 598 660 508 410 309 178 381 916 434 478 884 457 100 424 914 233 921 642 457 172 515 173 689 233 465 381 802 403 333 635 204 247 578 706 492 544 758 575 278 665 149 420 378 231 346 299 618 601 187 397 639 202 176 380 632 308 310 490 556 254 434 377 423 441 710 590 264 241 673 685 390 461 283 341 233 485 449 137 534 221 245 568 663 706 410 339 684 412 847 415 86 408 507 178 688 149 412 42 786 498 310 355 614 318 520 407 442 583 887 760 413 676 419 894 418 586 131 685 294 198 566 580 349 292 336 594 824 632 514 269 533 541 430 328 748 380 622 706 517 551 331 388 737 437 511 364 351 53 572 197 71 227 408 369 414 343
298 751 272 67 158 272 513 56 320 407 538 0 186 229 456 510 428 726 370 397 494 227 400 596 224 185 363 424 280 695 107 521 367 372 965 227 243 256 399 651 194 383 284 272 248 532 569 185 207 281 216 344 365 227 378 104 171 349 247 506 115 377 628 383 185 366 467 369 698 750 532 76 366 297 534 244 230 513 724 44 202 583 383 244 189 466 704 630 161 248 362 857 644 202 519 506 375 674 470 540 691 126 257 578 81 694 534 235 164 117 386 190 212 802 625 236 150 341 215 475 198 771 614 90 561 182 496 300 487 347 404 712 357 299 130 309 174 471 318 368 598 475 476 291 573 249 89 232 367 144 503 66 154 358 190 350 228 539 400 168 358 197 349 450 270 312 712 263 392 249 541 227 98 288 178 60 353 254 365 318 367 267 910 210 619 194 241 267 293 626 145 305 585 715 515 434 403 467 539 217 775 625 425
265 759 194 143 184 175 374 149 457 261 455 186 0 165 330 382 262 614 214 535 647 253 223 539 40 9 179 260 143 793 273 423 204 526 879 50 76 83 217 617 162 255 338 440 226 386 388 144 207 412 48 185 280 75 504 145 25 463 63 458 142 501 609 513 192 181 336 192 590 566 381 173 186 475 590 122 181 369 592 226 266 659 211 421 120 304 522 509 248 85 234 798 644 164 343 367 451 775 329 404 522 205 148 412 220 509 378 50 134 171 201 366 136 710 478 218 316 159 32 312 165 679 429 140 436 79 348 216 605 515 573 733 409 478 124 440 51 373 134 189 465 628 351 107 496 394 97 219 426 172 333 123 85 172 128 474 390 598 562 52 476 37 496 338 452 171 649 132 530 107 377 125 172 409 182 127 209 398 194 133 198 296 834 389 750 64 110 126 114 763 244 133 410 555 417 262 387 391 390 50 764 667 250
425 917 358 236 94 49 522 234 548 409 618 229 165 0 485 536 393 769 359 626 722 117 340 704 163 173 276 236 94 914 255 584 343 600 1039 146 232 232 321 781 40 413 474 497 382 529 405 44 72 507 208 330 444 237 399 262 144 351 170 622 265 394 771 411 75 250 489 218 747 584 519 269 298 443 731 286 20 513 739 246 154 792 215 391 49 437 538 663 363 242 393 963 803 32 341 515 581 895 477 552 635 144 313 534 302 566 512 187 281 290 278 342 29 870 616 64 284 274 159 443 319 839 499 248 589 87 490 381 712 572 628 887 549 515 258 347 211 535 246 221 612 704 506 227 659 322 171 372 563 100 452 174 234 253 44 370 340 738 626 209 366 202 578 498 481 329 813 81 621 269 503 289 142 309 73 184 362 482 198 230 332 150 997 431 847 102 80 287 247 855 352 161 518 677 579 256 547 555 529 210 925 814 368
219 557 190 389 512 477 63 401 554 83 164 456 330 485 0 54 136 285 131 615 742 583 192 271 322 323 252 432 423 749 563 115 153 644 557 339 255 253 224 371 490 75 360 606 248 92 427 473 536 515 282 157 119 256 823 356 354 786 316 230 345 821 387 830 521 297 17 356 262 540 106 393 220 745 505 218 503 74 268 500 594 594 384 695 447 118 512 180 383 245 97 501 448 491 436 59 446 738 45 86 285 526 200 184 430 416 122 298 294 355 279 643 457 388 177 544 606 233 327 124 268 357 337 368 107 405 75 165 630 665 716 557 384 667 327 756 301 84 254 347 142 723 21 264 204 701 396 263 404 500 164 421 306 282 454 793 684 515 691 306 797 295 603 42 658 158 357 423 611 224 154 231 490 728 511 418 122 529 382 276 169 625 520 591 778 386 411 204 241 804 395 359 228 284 112 410 258 138 107 280 531 540 179
262 547 242 443 565 526 38 454 595 128 146 510 382 536 54 0 169 233 178 653 779 635 228 252 373 376 293 469 470 766 616 95 198 685 510 390 307 304 260 355 542 129 399 652 296 66 447 525 588 557 335 206 163 309 877 409 407 839 366 230 398 874 378 884 574 337 47 396 213 544 88 446 261 798 522 272 554 58 215 553 647 611 423 748 499 138 519 127 431 298 151 464 443 542 463 41 478 757 66 41 255 580 254 168 482 412 109 349 347 407 317 696 509 342 132 596 660 277 378 141 320 312 339 421 54 458 76 216 660 709 759 554 416 714 380 810 355 90 300 387 90 761 34 312 181 755 449 311 435 553 173 475 360 323 506 847 737 532 733 360 851 348 644 70 707 211 325 471 649 278 146 285 544 782 564 472 174 573 423 321 213 677 476 640 806 438 460 258 290 833 444 405 220 244 94 445 282 145 84 333 514 547 211
282 689 215 366 441 375 142 377 603 65 300 428 262 393 136 169 0 392 62 673 798 502 60 407 239 258 128 300 316 850 528 251 60 689 675 252 188 179 91 506 407 116 422 631 288 140 295 391 454 560 218 84 202 201 766 342 286 723 226 359 333 762 520 775 443 170 129 229 376 425 127 381 98 725 611 191 412 128 349 471 523 697 256 672 364 44 391 285 404 182 117 633 578 406 300 135 525 837 103 169 264 466 189 151 426 316 119 217 285 353 149 617 369 508 223 456 571 120 247 51 277 478 231 349 215 326 103 203 707 698 754 685 465 684 310 702 254 219 147 221 227 779 152 166 340 655 349 298 486 431 76 377 275 158 371 735 648 621 733 260 736 236 650 173 668 125 491 320 669 179 116 213 434 670 435 377 92 564 257 165 64 541 644 600 858 304 314 163 150 881 411 247 160 293 248 276 362 268 137 216 666 658 43
444 486 454 659 796 759 252 670 742 361 204 726 614 769 285 233 392 0 411 783 902 867 453 229 606 607 520 688 703 805 833 206 430 830 284 623 539 537 483 301 774 359 553 822 488 254 631 757 821 711 566 439 361 540 1100 622 639 1065 600 289 611 1098 348 1106 805 563 280 621 32 679 272 656 490 1001 575 499 787 265 95 767 877 659 647 954 731 353 668 107 621 530 380 287 418 775 664 258 595 802 295 223 317 807 477 313 685 538 289 582 561 615 540 905 742 127 202 829 875 507 611 352 529 105 490 636 180 690 289 426 758 866 909 519 540 888 596 1032 583 255 532 613 168 886 263 545 187 974 674 505 555 783 368 699 583 550 739 1071 952 584 878 587 1076 578 788 279 889 443 201 704 780 508 319 508 770 1006 795 694 407 737 649 553 444 910 266 825 888 671 693 488 523 921 636 636 367 261 212 661 399 271 262 564 424 560 431
226 660 155 308 397 348 163 318 542 50 288 370 214 359 131 178 62 411 0 613 737 463 79 390 199 209 125 306 292 799 472 243 23 628 687 214 138 132 108 485 368 78 363 569 228 173 333 352 415 498 168 29 158 147 718 282 239 677 190 331 272 715 493 726 403 170 132 227 391 477 167 321 94 667 563 130 378 155 380 414 480 648 256 615 325 96 441 304 342 130 69 630 546 368 327 156 469 785 117 192 322 418 127 208 365 375 165 175 224 291 156 560 333 519 264 421 516 102 205 105 214 488 289 289 231 285 134 145 649 636 692 651 410 623 250 653 199 202 123 219 253 718 152 134 329 604 296 237 431 386 138 323 217 154 333 688 593 572 672 205 690 184 589 157 606 63 484 293 608 121 171 151 384 622 393 322 33 502 253 145 41 504 651 538 801 264 283 104 112 822 349 228 222 346 239 287 316 242 175 166 643 615 84
399 544 458 400 552 666 678 398 79 620 583 397 535 626 615 653 673 783 613 0 126 611 679 569 573 529 676 795 664 323 419 602 624 70 925 585 549 565 694 557 591 571 256 163 385 707 909 582 601 123 538 600 497 527 623 390 534 625 594 494 394 627 510 619 580 698 632 724 751 1077 720 366 663 411 283 502 627 690 828 390 573 271 745 403 583 693 1036 727 289 548 561 773 480 599 874 674 188 301 653 694 900 511 492 794 326 987 733 571 417 364 709 396 607 799 785 631 426 645 567 704 407 774 901 397 685 567 686 472 110 132 144 485 244 207 413 567 494 571 634 720 732 108 625 611 596 506 464 376 228 539 743 454 456 685 585 608 454 281 107 489 625 523 55 583 240 553 665 648 5 526 759 479 492 574 573 444 581 144 729 645 634 644 855 234 222 572 625 532 600 230 292 668 825 897 597 797 386 529 722 537 605 373 694
525 619 583 507 641 765 804 504 196 746 705 494 647 722 742 779 798 902 737 126 0 692 802 683 687 642 796 906 769 319 493 726 748 122 1028 697 668 684 816 661 685 697 382 227 510 833 1028 678 688 241 654 724 623 646 654 503 643 665 708 613 508 659 612 647 669 816 758 838 870 1198 847 475 785 432 369 624 721 816 951 478 649 328 858 440 683 819 1156 850 407 667 687 871 572 693 989 801 308 298 779 820 1027 596 616 920 431 1111 860 687 536 479 828 449 706 910 911 719 490 766 679 830 529 887 1025 508 810 671 812 597 162 158 119 557 367 236 528 607 609 696 753 835 857 19 751 730 715 553 569 500 350 629 869 555 572 803 683 644 500 364 101 604 663 638 152 709 276 677 773 753 131 647 885 600 583 622 663 546 706 249 842 763 758 720 957 300 166 678 730 654 719 153 407 780 951 1023 721 910 509 653 849 654 687 446 818
488 968 434 265 78 157 625 258 538 512 704 227 253 117 583 635 502 867 463 611 692 0 453 781 265 260 391 344 210 919 199 674 449 573 1130 250 328 332 435 850 95 509 506 465 440 635 516 111 48 502 301 434 526 328 283 301 229 235 277 695 307 278 833 296 62 367 589 334 843 693 627 292 411 356 760 372 98 618 843 222 50 810 330 309 139 546 647 762 385 337 487 1042 858 97 451 618 602 898 580 655 750 102 396 647 308 682 622 288 339 325 394 268 136 962 724 57 213 386 258 553 379 931 616 284 689 178 596 460 708 535 586 932 581 467 309 235 288 624 357 338 716 675 604 336 743 220 214 428 592 94 565 200 300 368 131 255 249 765 592 285 250 289 559 591 429 424 894 198 606 360 615 368 131 195 72 209 461 470 314 343 439 45 1083 392 832 199 195 379 354 834 371 278 633 791 669 368 606 637 636 303 985 849 480
301 736 225 343 395 319 202 353 606 112 355 400 223 340 192 228 60 453 79 679 802 453 0 460 195 221 68 241 260 876 495 307 59 689 735 205 157 144 32 558 357 154 435 622 298 200 254 343 405 561 184 80 237 174 722 325 246 678 178 407 316 718 569 732 395 110 187 168 437 402 185 363 42 695 642 180 360 188 407 443 477 726 195 642 315 101 364 346 400 153 148 691 624 356 250 195 543 862 163 229 301 425 187 194 410 310 175 175 274 339 89 587 317 568 279 404 538 67 203 105 273 539 224 329 275 279 163 220 722 693 749 729 486 672 293 660 226 271 95 160 286 783 209 119 396 617 317 305 506 387 113 344 254 98 322 692 613 651 731 232 692 203 652 225 652 127 548 265 674 161 163 204 394 627 387 345 111 561 196 110 45 490 704 585 873 257 260 150 109 893 404 189 187 338 304 218 395 316 195 183 717 695 28
299 298 347 534 704 709 290 544 537 348 107 596 539 704 271 252 407 229 390 569 683 781 460 0 547 530 515 696 662 578 698 159 413 622 377 566 477 482 492 103 697 314 365 631 348 314 696 680 739 514 497 409 260 468 973 495 561 945 549 91 486 972 134 977 720 559 279 617 199 794 338 521 484 839 346 417 720 310 302 633 778 430 646 799 658 386 771 222 460 468 329 262 204 700 707 293 382 574 309 279 472 701 391 413 538 660 359 525 444 479 545 755 675 231 332 755 737 491 549 390 405 206 590 511 235 618 328 323 534 665 703 313 333 699 477 903 495 189 507 608 269 668 257 508 73 841 570 364 345 688 425 589 481 544 665 946 809 355 669 498 954 502 581 235 706 388 116 657 567 437 397 416 664 885 710 581 368 546 641 529 431 825 316 648 660 602 640 421 484 693 477 608 468 435 160 676 207 151 332 495 261 335 449
285 778 209 183 202 162 361 189 495 248 458 224 40 163 322 373 239 606 199 573 687 265 195 547 0 45 144 222 119 827 307 422 184 566 876 19 70 69 185 629 170 250 370 480 251 371 348 153 217 450 52 169 287 80 527 184 54 484 23 469 180 524 624 537 205 142 326 152 584 527 363 213 155 510 619 132 181 354 579 263 284 690 172 456 126 283 482 500 285 80 230 803 663 170 304 354 484 809 316 391 496 230 158 387 260 472 358 24 165 209 163 401 136 707 460 223 349 129 9 290 193 676 393 179 427 87 332 228 641 555 612 755 440 518 161 466 82 374 101 149 452 667 343 76 499 423 135 246 457 192 307 160 120 134 134 497 422 627 602 85 498 57 535 335 491 166 654 112 568 110 354 141 200 432 196 164 199 437 156 96 176 305 835 428 787 66 94 126 90 801 282 95 382 531 417 223 407 397 372 54 779 693 222
256 749 185 140 190 184 368 146 451 255 447 185 9 173 323 376 258 607 209 529 642 260 221 530 45 0 179 266 152 785 275 415 199 521 871 57 71 79 216 609 169 248 330 436 217 381 392 152 215 406 41 180 271 67 509 139 32 468 67 449 135 506 600 518 199 183 329 197 583 569 376 168 184 476 581 114 189 363 586 226 272 651 216 422 129 300 525 503 241 79 227 790 635 172 348 361 443 768 323 397 519 209 140 408 216 510 373 50 125 165 202 367 144 702 473 226 317 158 38 308 157 671 429 134 429 87 342 208 598 511 568 724 401 475 117 445 43 365 134 193 458 623 344 106 487 398 97 211 418 178 329 124 77 174 136 479 392 589 557 44 481 29 490 331 450 164 640 141 524 99 373 116 176 413 189 127 203 393 200 134 194 304 826 386 743 73 119 119 112 757 237 139 408 551 409 268 378 382 384 43 754 658 247
321 782 240 313 338 252 269 322 601 170 412 363 179 276 252 293 128 520 125 676 796 391 68 515 144 179 0 181 192 895 451 367 102 679 802 150 130 114 45 610 296 202 443 604 307 268 235 283 343 555 150 109 275 151 665 302 198 620 124 455 295 661 617 675 335 45 250 103 504 402 254 338 32 654 667 176 296 256 475 404 418 748 132 599 255 169 360 413 389 129 190 753 668 294 213 262 556 879 228 297 359 372 192 258 386 331 243 129 260 321 35 545 255 634 347 340 493 32 153 173 270 604 250 303 342 222 231 243 729 677 734 770 502 648 272 605 196 327 46 95 354 777 271 73 454 565 276 311 521 331 177 302 230 30 262 635 566 676 719 202 634 169 644 281 625 147 608 199 671 151 229 199 344 570 328 305 150 550 130 49 84 426 769 560 879 201 196 148 77 897 391 121 243 401 363 163 428 367 264 150 768 727 94
485 960 402 399 327 189 441 403 716 350 593 424 260 236 432 469 300 688 306 795 906 344 241 696 222 266 181 0 150 1045 480 547 284 784 972 210 263 250 209 791 273 383 588 693 460 434 172 268 306 672 264 289 452 283 626 405 262 576 202 635 401 620 796 639 310 137 428 83 674 349 416 431 213 676 829 327 251 425 632 455 388 905 54 623 249 335 303 582 507 268 370 932 845 266 106 434 702 1028 403 467 471 375 350 395 475 348 400 228 386 431 152 572 233 807 500 287 514 207 228 336 409 778 296 398 514 243 400 412 863 768 826 946 654 724 383 579 304 508 197 90 520 887 450 206 634 557 340 459 673 329 323 358 341 153 253 598 574 837 818 307 591 276 755 462 693 320 788 167 790 300 376 345 363 540 308 366 330 657 67 176 266 365 944 635 1009 231 185 306 228 1023 503 127 359 526 543 31 599 548 426 266 948 896 259
404 897 328 264 180 60 452 266 585 343 569 280 143 94 423 470 316 703 292 664 769 210 260 662 119 152 192 150 0 934 331 530 273 647 980 100 186 180 237 747 126 356 481 551 368 456 314 120 166 542 171 266 402 199 493 279 135 445 113 587 278 488 742 505 166 161 424 124 684 494 444 298 218 527 733 250 112 442 665 308 247 802 122 474 99 359 448 596 384 195 338 915 782 121 253 445 593 915 408 481 547 226 277 450 339 472 434 138 276 306 189 422 84 811 539 155 365 197 120 364 308 780 406 269 523 98 418 346 741 627 684 873 553 578 264 441 194 483 171 128 541 751 444 159 610 413 201 362 569 180 369 215 228 166 103 464 427 741 678 196 460 173 620 442 546 275 766 17 659 227 421 260 213 402 162 223 302 523 105 152 259 240 941 490 883 92 39 242 182 894 377 72 430 592 525 167 526 511 454 173 897 810 286
575 385 655 678 853 949 801 680 385 787 646 695 793 914 749 766 850 805 799 323 319 919 876 578 827 785 895 1045 934 0 735 685 816 384 844 842 783 797 899 511 884 735 457 486 589 831 1127 872 902 417 781 797 648 762 946 657 799 948 844 546 657 950 460 941 880 927 765 966 776 1274 851 645 873 730 245 722 919 818 879 697 885 155 992 726 868 855 1239 791 552 779 733 677 396 891 1106 800 343 23 793 806 1020 817 703 931 616 1161 869 818 661 629 930 719 892 769 884 930 746 863 822 864 636 755 1079 669 778 843 824 656 215 445 428 325 393 525 670 890 744 677 860 960 822 322 749 843 636 829 744 588 374 838 906 741 708 912 871 931 778 235 398 742 948 771 378 708 561 752 628 920 327 749 903 702 793 897 872 731 765 452 978 877 831 955 771 557 169 843 897 748 825 202 562 921 976 996 683 1040 492 622 849 780 466 247 882
401 834 379 174 162 303 618 163 349 512 643 107 273 255 563 616 528 833 472 419 493 199 495 698 307 275 451 480 331 735 0 627 467 376 1069 305 340 352 490 748 215 489 366 267 352 637 639 215 203 319 311 445 472 327 275 211 253 250 329 607 221 274 721 279 187 446 574 439 805 820 636 179 459 203 602 348 247 618 831 66 156 640 447 149 231 567 774 737 246 346 468 958 732 223 582 612 441 713 575 646 791 112 363 679 163 778 637 323 272 221 470 94 249 907 730 233 44 432 298 576 304 876 700 197 668 243 601 407 521 336 387 791 435 269 237 205 273 578 407 439 705 477 582 380 678 143 179 336 442 155 602 151 258 441 228 248 121 606 393 268 258 293 365 557 231 416 814 313 414 351 643 333 118 190 185 151 457 282 429 403 465 227 1013 193 637 260 296 370 386 638 229 373 682 818 622 495 499 573 644 313 865 696 521
238 453 250 454 600 581 133 465 552 197 52 521 423 584 115 95 251 206 243 602 726 674 307 159 422 415 367 547 530 685 627 0 265 642 456 440 352 353 339 261 584 173 358 623 282 159 538 567 629 518 377 266 155 348 897 417 447 863 420 141 406 895 284 903 613 411 122 470 177 638 182 450 335 795 441 303 602 153 228 562 680 531 498 748 543 227 614 126 416 342 192 387 349 586 551 135 419 678 151 126 335 607 279 260 479 506 203 398 357 409 394 699 556 288 199 641 670 345 426 232 323 256 434 431 92 501 170 222 596 673 719 460 359 689 392 828 386 50 365 461 138 709 99 371 89 770 474 299 377 586 266 497 382 396 550 868 746 451 690 390 874 386 600 87 687 256 242 528 599 316 241 308 570 804 602 492 227 540 496 387 283 718 413 622 737 483 514 297 347 767 431 469 313 311 6 525 217 73 177 374 420 459 294
242 682 168 306 385 330 180 316 552 70 310 367 204 343 153 198 60 430 23 624 748 449 59 413 184 199 102 284 273 816 467 265 0 637 707 199 129 120 86 508 354 100 377 575 241 187 313 338 401 508 158 25 179 141 708 283 228 666 174 354 273 705 516 717 389 147 152 205 411 460 178 322 71 664 582 132 362 170 396 411 468 666 233 611 310 101 423 322 349 122 91 653 569 354 305 172 484 803 135 209 324 408 134 211 367 363 174 161 227 294 133 556 317 539 276 405 511 80 191 109 222 508 277 289 249 271 148 161 664 643 699 673 427 627 251 644 194 225 103 196 270 729 173 116 352 596 289 249 447 375 136 317 215 131 318 678 588 592 680 200 679 176 599 179 609 71 507 275 619 119 175 155 375 612 380 317 52 510 230 124 18 489 672 542 815 250 265 104 96 836 355 208 219 352 261 264 337 265 188 157 666 636 70
425 613 475 385 521 643 707 382 90 641 628 372 526 600 644 685 689 830 628 70 122 573 689 622 566 521 679 784 647 384 376 642 637 0 985 575 550 566 702 618 564 594 286 110 404 736 909 556 568 130 535 613 525 529 563 383 522 567 588 543 388 567 572 557 548 697 660 718 798 1081 747 354 669 346 351 510 599 718 870 357 533 341 737 343 561 713 1039 768 290 550 581 835 545 572 869 703 241 361 679 726 927 476 503 817 309 999 759 567 419 360 711 342 584 853 818 598 378 649 558 724 416 828 913 387 721 549 712 492 176 63 81 554 291 141 409 509 489 607 635 714 768 104 655 611 644 450 447 392 278 508 762 433 453 685 561 549 398 349 48 485 567 519 42 615 177 566 723 631 69 531 782 486 462 520 543 424 597 129 720 645 645 604 916 185 262 556 608 539 602 261 288 659 845 928 637 789 431 569 750 535 672 443 706
668 463 701 900 1056 1034 533 911 905 637 429 965 879 1039 557 510 675 284 687 925 1028 1130 735 377 876 871 802 972 980 844 1069 456 707 985 0 894 807 807 765 368 1040 626 741 1005 717 538 912 1023 1085 885 833 714 606 804 1343 861 903 1312 873 468 851 1342 417 1348 1069 845 555 903 298 943 557 890 771 1216 663 759 1057 548 356 1003 1135 727 930 1175 999 637 937 390 836 798 647 167 462 1042 947 540 745 849 574 506 577 1061 735 594 911 802 573 853 806 849 823 1131 1011 169 482 1097 1109 787 881 636 769 200 765 877 460 957 572 674 870 1033 1065 520 703 1073 840 1274 842 506 810 895 452 1016 536 821 392 1212 927 734 712 1042 652 949 835 832 1006 1315 1183 670 1030 846 1322 842 946 541 1082 711 265 979 924 772 603 763 1023 1252 1058 943 678 919 931 831 723 1174 73 1025 969 939 967 753 797 1005 853 915 646 514 462 945 584 499 547 830 381 607 714
304 797 228 191 190 143 377 196 507 264 476 227 50 146 339 390 252 623 214 585 697 250 205 566 19 57 150 210 100 842 305 440 199 575 894 0 89 87 192 649 155 268 386 487 269 386 343 139 202 462 71 185 306 99 517 195 56 473 27 489 192 513 643 527 191 142 343 144 602 523 377 222 164 508 636 151 164 369 594 264 272 707 162 453 112 296 478 517 298 99 248 822 682 154 296 370 500 824 332 407 505 222 178 399 268 473 371 42 181 221 165 399 119 725 474 207 346 138 21 303 211 694 396 189 443 74 347 247 655 562 620 773 456 523 174 456 98 392 110 142 468 677 360 86 518 416 138 264 474 182 318 161 134 136 119 487 417 644 611 100 487 74 545 354 496 184 673 92 580 129 366 160 194 422 183 167 217 448 145 101 189 290 853 434 800 52 74 146 103 813 294 83 390 543 435 213 426 416 386 73 798 711 233
225 713 144 187 260 232 298 196 473 184 387 243 76 232 255 307 188 539 138 549 668 328 157 477 70 71 130 263 186 783 340 352 129 550 807 89 0 16 159 561 235 181 327 474 197 310 360 218 281 427 30 109 217 22 580 173 101 539 73 401 165 576 557 588 267 149 260 183 516 531 305 209 125 539 566 66 250 293 516 286 342 642 209 485 192 230 489 434 261 9 161 733 598 236 327 291 441 767 252 327 451 280 92 340 257 458 303 48 132 192 160 431 204 638 402 290 383 102 74 238 148 607 375 174 361 151 272 160 607 547 604 693 391 520 143 515 69 304 85 177 388 649 276 62 429 467 161 196 410 248 262 189 100 135 200 550 460 575 590 75 552 47 516 266 498 97 584 180 544 41 304 82 246 484 257 189 133 421 197 96 125 371 765 432 756 132 164 56 53 773 262 144 342 481 347 257 344 326 314 28 712 636 182
236 722 155 202 265 229 293 210 489 180 390 256 83 232 253 304 179 537 132 565 684 332 144 482 69 79 114 250 180 797 352 353 120 566 807 87 16 0 144 567 238 181 341 490 210 304 344 221 285 443 40 102 223 38 588 188 108 546 67 407 181 584 565 597 271 134 257 169 515 515 298 224 111 551 579 78 251 287 511 299 348 655 195 498 194 221 473 431 277 19 161 736 607 238 312 286 455 781 248 323 441 288 102 329 272 443 295 45 148 207 145 443 205 638 395 292 395 87 74 229 163 607 360 189 358 154 265 169 622 563 620 703 405 535 158 524 84 305 69 163 384 664 274 47 432 477 173 210 424 255 251 200 116 120 202 557 471 588 606 90 559 59 532 267 513 97 587 176 560 51 294 96 255 492 262 201 130 437 184 81 115 374 766 447 772 134 161 62 38 788 278 134 330 472 348 243 354 331 307 39 719 648 170
324 767 246 346 382 296 233 354 620 144 387 399 217 321 224 260 91 483 108 694 816 435 32 492 185 216 45 209 237 899 490 339 86 702 765 192 159 144 0 590 341 185 454 631 317 229 228 327 387 575 183 103 265 178 709 330 238 664 166 438 322 705 600 719 380 81 219 138 467 383 213 367 33 692 667 193 341 218 434 441 462 750 164 638 299 129 344 376 411 156 177 723 654 339 220 226 564 885 194 260 315 414 203 213 415 300 201 167 283 347 57 583 300 599 305 385 533 58 194 132 287 570 217 333 306 266 193 244 741 702 759 759 508 678 300 649 228 303 83 130 316 797 242 110 428 607 313 322 528 374 132 340 258 71 307 679 606 676 743 234 678 202 665 257 657 148 580 244 690 170 185 216 385 614 372 342 138 573 167 92 69 471 736 590 892 244 241 163 107 912 415 165 199 357 336 186 423 348 223 182 749 722 52
362 197 423 593 772 790 393 603 540 446 209 651 617 781 371 355 506 301 485 557 661 850 558 103 629 609 610 791 747 511 748 261 508 618 368 649 561 567 590 0 771 408 392 645 410 417 798 754 810 524 578 502 345 549 1021 555 638 998 634 160 546 1022 52 1024 790 654 381 710 275 897 441 575 579 870 300 498 796 413 386 684 842 375 739 834 734 487 874 318 503 552 421 220 117 775 806 396 379 511 411 382 571 764 471 515 585 762 462 608 510 535 641 796 752 260 431 829 784 584 630 492 471 244 693 571 337 695 431 402 504 668 698 219 343 712 542 952 570 288 598 702 370 648 358 598 176 888 636 424 349 756 527 652 551 638 741 996 852 308 663 572 1006 581 579 334 725 477 118 741 556 520 500 493 727 937 780 645 461 561 734 620 526 894 298 673 614 681 723 505 573 649 521 697 570 530 263 772 249 243 434 576 160 264 549
411 900 350 209 55 89 531 205 514 417 616 194 162 40 490 542 407 774 368 591 685 95 357 697 170 169 296 273 126 884 215 584 354 564 1040 155 235 238 341 771 0 416 450 460 366 540 440 17 47 474 208 339 439 236 371 238 138 324 181 614 242 366 758 382 40 275 495 248 751 620 532 240 316 404 707 283 36 524 749 208 123 765 249 352 43 450 574 669 335 244 395 958 788 8 378 524 554 864 485 560 656 104 308 552 269 597 526 194 264 265 302 303 43 872 629 58 245 290 164 457 303 840 528 223 595 84 501 374 680 534 589 869 525 477 238 316 202 535 262 251 621 667 511 241 656 286 146 355 539 60 470 144 220 275 36 341 302 713 589 200 339 198 543 500 441 332 809 111 586 268 520 282 103 278 35 154 368 448 231 249 344 136 995 392 813 104 103 288 258 820 323 188 539 696 579 292 532 551 541 210 912 792 385
173 582 124 316 437 409 130 327 505 52 214 383 255 413 75 129 116 359 78 571 697 509 154 314 250 248 202 383 356 735 489 173 100 594 626 268 181 181 185 408 416 0 316 547 190 152 407 399 462 463 208 95 87 181 748 284 280 710 247 253 273 745 416 755 447 246 85 303 335 541 158 322 171 674 495 143 431 133 343 426 519 582 332 623 374 124 507 255 320 172 21 559 469 418 404 124 414 722 90 158 335 451 125 224 361 428 166 226 221 285 234 570 385 457 245 472 532 177 255 134 199 426 344 295 183 332 121 103 597 609 663 575 353 606 254 681 226 128 194 295 216 679 96 198 256 627 320 204 374 425 175 346 231 230 381 718 610 505 640 231 722 220 554 86 594 85 412 355 567 149 188 156 414 653 437 343 55 473 328 216 118 551 586 526 748 313 341 129 174 772 331 297 254 344 168 364 246 165 163 206 566 543 153
143 469 210 243 432 502 423 249 196 366 349 284 338 474 360 399 422 553 363 256 382 506 435 365 370 330 443 588 481 457 366 358 377 286 741 386 327 341 454 392 450 316 0 270 137 452 678 436 478 160 324 355 241 305 635 212 347 616 387 277 209 636 360 636 456 473 376 510 521 837 465 215 425 478 257 268 483 434 586 307 486 321 535 442 426 439 798 484 123 323 307 610 366 456 652 419 114 440 397 440 645 409 252 538 206 738 478 360 205 185 478 404 449 593 532 503 398 411 366 449 179 565 652 227 435 396 430 219 287 315 362 428 75 337 219 567 288 321 406 504 482 364 370 387 370 502 304 133 89 415 490 309 253 458 430 611 462 263 334 286 622 314 245 329 342 308 477 468 252 294 503 246 376 556 446 299 331 185 521 421 389 549 678 284 438 392 445 295 371 459 139 464 571 643 353 583 158 286 467 322 499 343 447
391 671 423 296 415 542 669 291 117 589 618 272 440 497 606 652 631 822 569 163 227 465 622 631 480 436 604 693 551 486 267 623 575 110 1005 487 474 490 631 645 460 547 270 0 358 696 827 454 461 120 455 550 489 454 461 302 432 462 502 545 309 465 604 457 442 617 621 631 790 1004 704 268 598 254 412 443 495 677 851 252 423 421 648 241 460 660 960 749 227 476 531 865 589 468 783 664 271 464 636 691 881 369 442 769 220 931 713 484 349 284 633 234 483 861 783 492 267 576 472 670 354 834 846 303 694 453 668 445 272 76 133 616 302 68 332 404 409 583 559 628 739 210 620 533 640 343 353 344 296 403 706 336 374 606 460 445 292 412 129 404 462 438 108 582 85 506 740 534 159 462 732 420 357 412 437 328 541 86 631 565 581 494 939 74 372 462 512 473 527 371 219 570 790 889 618 700 427 553 709 455 721 508 642
50 535 73 186 363 400 311 196 316 237 293 248 226 382 248 296 288 488 228 385 510 440 298 348 251 217 307 460 368 589 352 282 241 404 717 269 197 210 317 410 366 190 137 358 0 338 541 350 403 274 200 218 134 177 626 147 241 597 264 259 138 625 393 630 382 339 263 379 459 699 347 173 288 512 369 134 394 319 502 286 433 445 406 466 333 309 661 402 136 192 177 610 422 371 518 306 248 573 278 333 525 355 115 414 197 603 357 237 102 132 342 418 354 555 425 423 392 275 248 320 63 525 517 163 340 296 310 88 424 419 472 507 195 419 132 557 175 236 271 373 384 491 263 255 326 495 227 17 215 347 359 243 147 323 339 598 467 378 449 175 606 195 364 227 412 171 464 358 381 161 378 115 318 537 372 235 196 283 394 288 252 485 662 345 575 287 336 159 237 596 150 340 442 531 277 453 166 222 351 199 546 442 310
310 611 276 466 570 514 31 477 646 127 209 532 386 529 92 66 140 254 173 707 833 635 200 314 371 381 268 434 456 831 637 159 187 736 538 386 310 304 229 417 540 152 452 696 338 0 393 524 588 606 340 202 211 317 889 435 411 849 360 296 425 886 442 897 575 310 76 367 241 480 24 473 239 825 586 289 549 19 209 576 652 676 393 774 497 100 458 148 471 302 171 510 508 540 416 33 537 821 62 36 194 590 275 102 513 347 45 347 373 438 286 721 504 373 93 592 681 259 377 98 352 345 276 446 86 457 39 252 719 756 808 619 474 756 405 823 367 154 285 359 86 815 84 302 241 772 464 352 494 558 119 490 379 298 505 859 759 596 783 373 862 355 695 126 746 222 377 459 703 288 83 305 555 793 566 488 181 620 396 304 198 676 512 678 867 436 451 269 282 894 482 387 155 193 159 408 344 210 18 338 574 613 177
552 983 472 531 493 359 411 538 833 359 589 569 388 405 427 447 295 631 333 909 1028 516 254 696 348 392 235 172 314 1127 639 538 313 909 912 343 360 344 228 798 440 407 678 827 541 393 0 433 476 787 374 331 491 382 798 527 399 749 325 654 521 793 814 811 479 212 417 201 626 182 370 559 254 839 895 411 421 391 558 605 558 978 192 785 411 311 136 535 621 361 402 902 872 434 69 406 790 1112 387 429 358 539 426 318 607 185 350 343 492 549 201 732 398 757 431 459 676 267 357 306 504 731 160 525 479 396 371 472 963 902 959 980 734 866 500 750 420 512 276 202 469 1008 440 298 627 726 481 545 755 493 275 504 456 225 416 770 740 904 947 425 764 391 875 466 839 375 770 330 904 385 315 433 522 711 475 509 365 780 210 265 297 537 897 776 1114 380 344 383 310 1132 621 266 267 420 536 148 650 562 379 374 957 949 254
394 884 332 195 60 90 514 192 505 400 598 185 144 44 473 525 391 757 352 582 678 111 343 680 153 152 283 268 120 872 215 567 338 556 1023 139 218 221 327 754 17 399 436 454 350 524 433 0 64 464 191 322 422 219 383 223 120 337 165 596 227 379 741 394 53 263 478 239 734 614 516 227 301 408 692 265 48 507 732 202 136 752 241 355 28 435 568 652 322 227 378 940 771 21 373 507 541 852 468 544 642 107 291 537 258 587 510 177 248 251 290 305 35 854 613 75 247 275 147 442 286 823 517 209 578 67 485 357 669 528 584 853 510 472 222 326 185 517 247 241 605 660 494 225 639 294 131 339 524 61 455 131 203 263 20 353 307 699 582 182 351 181 534 482 438 314 791 103 577 251 504 264 99 289 45 141 351 438 223 235 328 153 978 387 804 88 92 270 242 811 311 177 525 681 561 286 515 533 525 193 895 777 370
449 934 392 234 49 117 578 229 525 464 660 207 207 72 536 588 454 821 415 601 688 48 405 739 217 215 343 306 166 902 203 629 401 568 1085 202 281 285 387 810 47 462 478 461 403 588 476 64 0 487 254 386 483 282 327 268 183 280 229 654 273 322 796 339 22 320 542 290 797 655 579 264 363 379 733 327 55 571 796 211 82 788 287 329 91 498 608 716 359 291 441 1000 823 49 412 571 578 881 532 607 702 93 352 599 287 638 574 241 301 294 348 283 88 917 677 31 226 338 211 505 340 886 571 252 642 131 549 417 694 534 587 901 553 471 272 275 245 580 309 293 668 671 557 288 700 252 177 391 565 64 517 168 259 321 83 298 274 739 590 242 294 243 550 545 434 378 851 152 596 314 567 324 109 236 31 178 414 458 271 296 391 89 1040 391 822 151 148 333 306 827 346 231 586 743 624 328 569 594 589 256 949 821 432
