NAME : X-n237-k14_SARP
COMMENT : Curated from VRPLIB to SARP
TYPE : SARP
DIMENSION : 237
EDGE_WEIGHT_TYPE : EXPLICIT
EDGE_WEIGHT_FORMAT : FULL_MATRIX
EDGE_WEIGHT_SECTION
0 898 643 483 910 962 783 334 921 865 1181 954 1050 906 960 939 1049 743 1003 1137 662 1113 603 770 856 508 1026 1007 363 711 964 210 1024 642 937 556 1162 194 74 401 1008 454 846 1006 215 150 342 224 1108 1089 546 323 641 503 520 839 1023 907 246 982 892 723 523 589 1110 426 564 1194 118 486 919 486 412 522 466 799 761 294 806 394 146 581 1099 111 912 570 571 651 1137 474 922 1037 765 565 730 597 558 1214 1098 775 835 526 738 450 170 779 642 855 500 1050 1095 553 992 553 620 337 179 1002 879 1105 1001 827 909 1089 502 686 1125 1038 677 960 1315 905 639 1046 812 871 1075 910 324 857 676 868 655 873 818 782 584 967 800 750 925 872 361 799 1022 637 581 584 794 1111 1290 1272 892 925 864 998 586 927 520 268 960 542 380 846 869 1150 929 979 594 492 1019 711 459 1117 956 668 843 862 402 1039 750 976 637 766 756 1077 1022 903 517 1087 934 835 848 881 888 1103 227 181 848 498 359 483 810 1090 749 692 1112 708 922 358 114 34 716 371 752 1216 1278 969 569 976 844 914 685 852 672 702 811
898 0 947 650 179 753 122 614 50 1057 703 1213 741 600 1245 42 773 163 180 810 349 892 529 1036 72 389 1141 448 653 1067 530 722 366 290 579 612 940 703 845 563 602 444 698 133 829 783 694 687 446 1001 352 852 911 749 488 1129 905 884 889 1068 510 579 406 557 532 475 406 746 779 756 356 874 486 997 459 803 218 739 1008 509 854 335 949 813 618 329 345 252 583 560 28 985 296 336 221 353 853 709 636 955 1072 985 878 782 770 227 332 900 759 293 541 739 879 581 879 622 764 570 71 570 1047 1050 665 607 528 362 602 971 289 259 879 48 642 583 787 700 838 1150 823 1010 738 684 442 798 257 287 330 569 1129 974 1192 353 587 558 807 931 926 865 114 843 816 924 761 277 260 936 312 1155 458 639 809 406 521 86 894 537 932 862 486 949 1028 200 708 981 542 231 341 807 646 887 184 426 346 226 646 615 590 48 508 791 488 515 551 580 110 452 741 719 732 414 541 769 962 564 191 519 947 1094 590 761 812 875 183 879 982 811 808 501 417 916 68 1201 990 963 238 860 400
643 947 0 323 836 477 834 488 936 222 776 330 587 528 348 983 566 801 935 651 598 574 417 131 876 704 384 742 406 120 637 515 820 675 574 337 610 620 581 481 634 696 396 982 432 530 385 552 863 491 736 321 38 221 482 217 457 332 399 346 582 404 597 390 804 626 562 764 622 224 720 159 664 165 576 270 730 395 164 604 498 661 527 556 520 744 653 811 801 423 974 436 663 696 727 614 110 815 716 144 195 151 151 229 515 726 620 262 214 905 778 211 434 370 68 472 509 649 888 770 371 184 484 724 445 586 773 444 661 827 843 983 311 690 294 420 558 276 324 219 232 428 506 349 718 677 667 613 196 110 302 682 493 469 512 16 62 88 840 600 848 759 396 781 744 411 738 291 521 563 438 577 611 862 282 851 332 428 462 165 398 765 280 535 620 804 670 331 379 486 765 724 605 723 364 705 657 920 460 602 638 530 512 519 867 852 469 589 372 620 613 215 180 756 757 443 544 147 551 320 553 612 804 272 110 752 836 664 546 396 879 298 50 228 738 133 604
483 650 323 0 572 480 531 199 648 501 707 639 567 428 663 689 566 495 674 654 307 636 152 440 583 382 640 569 128 441 501 286 616 364 464 77 687 373 409 168 535 378 364 708 290 334 141 302 684 635 413 243 294 104 165 533 557 454 316 578 430 245 276 127 661 309 248 716 409 107 506 224 351 347 254 340 442 190 440 292 354 342 632 372 432 422 333 490 680 100 678 589 395 374 430 301 216 742 626 391 494 335 325 133 315 445 318 418 112 675 642 119 524 88 261 185 306 534 598 646 582 476 427 621 126 307 662 586 361 587 834 681 156 579 347 389 596 580 218 470 213 385 237 403 454 411 348 498 518 389 613 459 192 325 542 308 286 234 538 630 812 789 414 542 492 544 416 591 202 290 484 258 301 569 427 706 487 510 175 300 588 457 60 654 490 485 437 396 88 568 466 542 304 438 273 607 552 630 143 605 479 370 376 405 586 676 257 352 369 297 309 120 416 631 459 230 643 462 446 151 370 449 492 249 396 734 799 514 234 520 582 614 371 444 425 292 383
910 179 836 572 0 585 176 592 137 919 525 1075 565 431 1110 191 599 201 103 632 270 717 430 911 127 426 989 269 609 953 354 713 193 268 407 518 764 721 848 530 424 482 542 148 800 777 649 688 281 834 399 800 799 660 428 1000 738 729 852 915 341 443 387 459 357 487 358 568 794 670 179 789 514 911 445 659 149 700 876 517 839 331 778 812 450 377 339 329 408 499 195 822 177 358 180 315 754 533 457 823 940 898 747 704 761 133 275 753 670 153 365 640 714 490 769 595 753 392 112 393 891 917 499 428 464 265 425 806 235 85 702 227 525 404 641 540 664 1013 771 870 613 524 338 643 119 162 329 393 1007 847 1056 184 564 406 635 821 825 761 168 666 640 745 601 98 96 774 354 1016 409 642 644 372 532 122 745 368 777 698 397 866 868 217 631 809 367 301 180 654 591 718 168 247 284 146 504 436 412 132 443 614 313 355 390 414 71 285 721 729 577 412 555 684 826 386 166 394 775 983 420 704 810 882 239 817 856 632 631 323 360 754 146 1069 875 821 250 734 246
962 753 477 480 585 0 683 664 720 422 303 562 110 154 601 774 92 671 654 181 493 165 397 468 685 729 431 365 606 551 247 765 468 595 182 412 219 845 888 609 201 758 116 722 759 814 620 777 469 249 738 679 446 471 514 530 153 187 765 361 244 263 607 397 378 706 542 288 888 489 410 553 753 630 631 207 564 667 408 708 827 629 199 852 135 731 626 754 358 518 774 240 476 679 585 565 474 342 258 372 462 615 328 533 795 543 534 247 478 574 351 420 132 424 437 653 786 230 682 332 327 441 90 276 506 459 324 223 549 531 373 800 324 255 184 92 117 509 663 371 298 100 410 130 499 478 632 208 560 414 553 402 647 221 66 468 512 459 683 150 371 311 82 493 494 196 712 504 543 756 65 573 723 672 229 422 227 117 433 610 296 650 504 230 231 733 412 148 566 134 617 366 522 551 209 255 225 710 502 130 279 243 206 174 646 456 737 828 117 648 740 497 352 322 608 322 201 586 166 611 849 927 696 655 422 277 359 283 523 181 697 573 486 320 646 346 358
783 122 834 531 176 683 0 493 138 956 681 1110 687 533 1142 164 716 41 237 764 237 832 418 928 73 278 1050 424 531 954 483 602 365 169 521 498 883 589 728 441 556 335 615 224 707 664 572 569 455 928 244 730 799 631 368 1022 831 797 767 977 448 482 284 444 523 358 285 721 665 637 319 755 373 878 337 708 120 616 905 391 734 213 882 695 551 220 223 157 572 439 150 907 208 219 109 232 737 694 606 851 968 866 774 662 651 140 214 806 641 326 526 624 803 465 767 500 644 527 98 553 960 946 594 579 407 256 584 894 173 260 858 150 535 549 695 620 778 1048 701 911 633 604 335 712 190 205 209 518 1020 867 1088 300 466 474 742 818 810 750 10 788 800 887 680 256 214 857 200 1054 336 521 735 284 404 67 802 539 844 786 372 830 944 78 589 913 492 131 280 720 524 817 71 397 230 133 553 583 549 120 388 738 438 440 477 510 120 458 620 604 647 294 425 650 861 544 80 419 882 980 527 639 694 759 71 757 876 780 790 458 297 835 61 1097 878 866 116 754 325
334 614 488 199 592 664 493 0 627 688 856 816 740 585 835 656 745 452 691 829 332 824 278 615 560 256 834 673 82 596 634 125 692 332 613 254 876 182 264 67 682 226 549 705 215 189 108 117 775 833 296 256 467 276 186 704 752 653 276 774 562 408 210 270 777 161 236 872 234 267 586 348 186 453 156 539 444 132 626 130 247 280 826 227 594 313 269 397 805 148 641 787 436 284 418 277 379 887 771 580 675 446 519 259 171 459 318 617 279 725 762 310 720 239 436 16 163 674 581 773 780 659 599 760 171 354 795 784 358 634 999 633 344 717 544 572 781 759 229 662 412 565 321 598 491 453 284 641 681 571 788 539 28 478 728 475 437 403 502 813 968 967 605 596 537 742 319 773 188 93 675 220 130 548 626 816 686 705 263 405 787 415 214 850 627 403 511 592 115 761 445 642 311 447 454 749 695 609 184 782 602 507 524 559 582 769 129 169 559 201 128 273 608 758 442 367 837 609 600 184 224 302 434 297 577 900 956 637 238 718 553 786 537 639 377 485 477
921 50 936 648 137 720 138 627 0 1037 657 1193 702 566 1226 54 736 178 130 769 342 854 520 1020 67 415 1116 404 661 1055 491 739 318 297 543 605 901 727 866 572 562 471 670 91 842 801 702 707 397 968 380 859 900 744 490 1112 872 857 900 1042 476 558 417 548 484 496 409 701 803 752 316 871 510 994 472 780 207 748 990 529 870 348 914 833 585 356 359 284 536 562 58 954 276 357 219 358 845 662 592 937 1054 982 860 780 788 210 331 876 754 244 495 731 847 574 868 634 781 530 49 524 1020 1032 632 563 528 350 556 939 287 213 833 93 628 541 763 670 801 1131 830 989 722 654 430 771 231 265 344 530 1115 958 1173 318 600 531 771 920 918 856 127 804 770 880 731 236 226 906 337 1135 462 659 777 413 542 80 869 489 905 831 479 947 999 213 707 945 504 261 310 781 650 853 185 383 344 213 624 571 549 18 509 751 450 485 521 547 75 403 756 741 705 430 563 765 943 519 190 501 911 1083 555 765 832 897 206 883 966 766 761 460 418 886 77 1183 978 941 252 844 371
865 1057 222 501 919 422 956 688 1037 0 719 156 523 531 192 1088 491 929 1008 560 721 454 547 103 984 876 163 761 606 193 644 730 855 812 574 487 474 834 803 668 615 878 393 1066 653 750 592 764 876 326 903 543 228 412 640 112 332 235 621 139 608 479 759 525 795 809 711 695 841 421 771 380 852 367 749 262 841 610 62 793 720 814 384 777 517 907 806 963 778 595 1082 274 761 855 846 758 317 757 680 110 50 358 185 439 734 830 752 178 409 954 768 382 323 519 255 672 728 640 991 752 176 43 468 697 608 700 745 288 787 890 740 1098 425 672 283 406 458 95 545 51 325 421 621 303 807 771 819 610 153 118 138 743 688 516 428 229 284 291 960 497 762 638 356 845 823 273 897 98 680 770 362 733 802 970 194 840 203 326 596 381 215 896 473 380 626 951 740 286 574 368 884 753 736 831 415 676 640 1023 619 518 660 572 543 534 963 864 685 804 359 789 808 417 94 740 875 538 402 221 552 534 774 834 939 494 114 663 752 677 692 269 991 154 184 104 875 212 673
1181 703 776 707 525 303 681 856 657 719 0 850 196 279 890 707 229 688 549 180 583 305 579 771 651 833 699 258 819 854 227 973 341 666 244 631 327 1033 1108 791 174 877 384 622 997 1031 844 973 282 466 828 936 743 730 676 830 402 484 1018 637 296 462 730 593 178 844 667 48 1090 748 363 832 888 922 773 507 584 896 710 858 1060 721 390 1070 277 813 723 803 127 709 715 489 512 769 617 665 757 39 86 676 762 907 629 793 1012 556 621 549 738 437 163 682 401 630 729 849 1002 184 638 133 597 742 298 105 684 547 101 469 614 444 177 750 561 144 482 359 274 801 915 670 573 353 542 433 499 504 723 215 861 717 844 390 832 383 292 765 805 747 677 246 121 235 381 430 468 462 789 794 690 941 358 698 875 643 530 194 518 395 594 896 557 682 747 416 231 777 417 451 781 367 635 285 615 570 449 109 162 655 673 207 268 349 334 302 597 271 955 1024 404 771 896 758 655 139 627 490 377 889 261 854 1068 1148 723 922 725 119 110 237 652 457 669 866 788 620 696 643 408
954 1213 330 639 1075 562 1110 816 1193 156 850 0 656 682 40 1244 621 1083 1164 681 875 564 699 201 1140 1019 176 912 734 243 794 843 1008 965 724 634 572 949 898 804 760 1017 546 1223 751 854 714 882 1025 414 1048 639 350 543 787 116 450 376 708 216 762 635 905 676 940 948 861 821 946 549 926 484 988 434 892 417 996 724 206 929 813 963 484 877 667 1054 955 1113 919 737 1239 372 917 1003 1001 908 438 887 818 260 146 429 337 559 840 986 905 329 538 1108 912 521 449 667 381 800 835 787 1147 894 260 166 617 838 753 854 885 390 941 1045 848 1254 577 817 437 557 580 62 647 205 478 572 776 451 963 928 968 758 156 251 29 899 819 671 558 342 386 413 1115 615 879 738 504 1000 979 389 1044 59 827 892 499 881 936 1126 342 983 335 456 748 462 303 1050 605 472 776 1102 896 436 705 486 1039 905 889 987 571 817 785 1179 765 644 812 727 697 686 1120 1012 797 917 511 933 940 543 250 883 1030 694 502 251 702 649 874 926 1092 587 244 781 870 827 842 392 1147 46 281 257 1028 360 829
1050 741 587 567 565 110 687 740 702 523 196 656 0 168 696 756 39 682 620 90 526 153 464 575 677 773 512 315 689 660 211 848 419 624 167 494 199 921 976 681 143 808 210 692 852 901 707 856 400 295 777 778 556 570 576 633 216 288 863 447 240 332 657 470 300 762 590 178 969 588 386 658 809 739 688 317 573 757 514 769 919 667 226 939 153 767 666 779 269 592 760 306 487 717 599 604 580 235 166 481 566 724 438 632 881 549 568 353 577 526 273 519 209 502 546 730 872 176 671 249 408 546 141 190 574 490 234 287 575 499 270 789 412 183 293 184 103 606 760 474 401 184 457 240 497 486 670 172 665 523 649 390 720 268 100 577 621 566 686 102 262 229 191 468 483 273 746 600 600 831 161 622 785 666 334 338 322 201 493 717 371 666 597 256 199 755 408 258 649 183 627 326 558 559 294 171 161 695 567 51 253 265 234 195 632 388 823 907 222 698 803 596 459 242 618 380 218 695 165 705 936 1015 711 757 530 171 250 243 572 265 692 671 596 424 668 455 368
906 600 528 428 431 154 533 585 566 531 279 682 168 0 720 620 188 523 504 256 359 301 307 554 532 606 570 230 543 624 113 699 327 458 46 352 353 766 832 524 111 641 139 570 718 755 566 703 346 402 610 658 492 453 414 631 306 312 739 497 90 184 490 318 276 597 424 289 818 471 259 561 644 660 523 277 415 618 503 605 782 499 350 794 19 600 498 614 275 437 621 391 327 550 438 437 491 315 201 457 564 645 394 516 736 393 400 353 462 430 250 407 283 353 473 577 726 121 529 243 468 542 69 202 416 323 249 375 409 380 413 647 282 164 253 125 247 624 636 480 306 110 290 231 346 328 502 85 651 493 668 248 564 107 209 515 546 484 532 262 385 394 180 340 340 344 579 623 436 674 213 455 621 519 340 323 358 267 331 629 441 505 468 382 96 591 258 246 504 288 469 224 390 401 174 185 132 556 407 217 132 98 66 28 492 334 679 754 173 531 640 481 447 228 459 219 350 658 23 575 792 872 550 645 502 315 372 146 406 326 545 685 550 427 504 398 208
960 1245 348 663 1110 601 1142 835 1226 192 890 40 696 720 0 1277 661 1114 1200 721 906 603 729 223 1173 1044 213 950 753 251 832 857 1046 994 763 661 611 963 906 826 799 1040 583 1258 761 865 732 896 1063 452 1074 649 370 565 813 131 490 415 715 256 799 669 931 704 979 970 889 861 957 570 962 498 1010 438 916 453 1029 739 237 950 821 990 523 887 705 1080 983 1141 959 761 1271 411 950 1029 1033 937 457 927 858 291 174 435 368 577 852 1019 935 367 559 1145 952 545 489 694 403 819 847 826 1180 934 299 196 656 877 779 886 925 430 971 1081 887 1286 608 856 474 595 619 97 659 242 509 610 807 490 997 961 996 797 161 278 54 935 840 707 597 360 401 433 1146 655 918 776 543 1036 1014 429 1071 98 853 909 538 908 957 1159 380 1023 375 496 777 470 342 1080 626 510 814 1131 931 474 726 526 1071 943 919 1019 606 856 824 1212 792 684 850 764 734 724 1153 1051 810 930 548 958 960 562 284 923 1062 726 541 253 741 665 884 933 1122 596 270 820 909 866 870 432 1179 49 298 294 1057 389 864
939 42 983 689 191 774 164 656 54 1088 707 1244 756 620 1277 0 790 204 168 822 386 908 566 1069 107 431 1169 456 694 1102 545 764 367 331 597 649 955 745 887 604 615 486 724 108 871 825 736 729 442 1022 393 893 947 787 528 1162 926 910 931 1095 530 609 448 594 533 517 446 752 821 794 370 913 527 1036 500 832 252 780 1040 551 896 377 968 855 639 370 387 292 585 600 19 1008 327 378 259 394 890 711 644 987 1104 1024 910 821 813 259 371 929 797 285 545 776 901 618 915 664 806 583 97 574 1073 1082 686 614 567 397 606 993 327 264 882 54 676 593 816 724 855 1182 865 1041 771 708 477 824 283 316 372 584 1164 1007 1223 372 629 584 825 967 963 901 155 857 818 932 785 289 280 960 354 1186 498 681 831 447 563 121 922 535 958 885 523 989 1052 242 748 1000 558 272 363 834 687 907 223 436 385 260 675 623 602 65 548 805 504 539 575 601 128 449 783 761 758 456 583 807 994 569 229 551 965 1130 609 801 854 917 225 920 1016 817 810 514 456 940 107 1234 1025 993 280 893 424
1049 773 566 566 599 92 716 745 736 491 229 621 39 188 661 790 0 709 656 90 547 118 472 547 708 791 475 353 691 633 245 850 457 646 196 496 167 927 975 688 180 824 204 727 848 901 707 860 439 256 797 770 535 562 587 602 178 257 856 410 268 339 672 476 339 775 606 205 972 580 420 645 823 721 701 297 600 755 485 781 915 686 187 939 172 788 685 802 308 598 792 267 513 736 625 623 565 267 205 454 534 706 415 624 881 577 588 324 568 564 313 511 173 506 527 735 872 213 703 288 371 515 148 229 582 511 273 248 598 534 281 821 410 222 274 178 66 572 754 442 390 181 472 217 527 513 689 206 635 496 615 421 727 282 64 556 602 550 715 74 282 223 173 502 514 235 767 565 613 837 132 638 796 697 305 377 289 166 504 701 333 692 593 218 232 779 437 234 650 145 654 362 577 586 293 210 199 728 577 39 286 287 253 215 664 426 823 911 209 714 814 588 430 281 645 391 181 668 190 700 936 1015 737 747 504 186 270 279 588 229 723 637 571 393 692 435 394
743 163 801 495 201 671 41 452 178 929 688 1083 682 523 1114 204 709 0 272 761 208 824 387 899 113 239 1028 433 491 922 482 561 382 131 515 465 876 549 688 400 555 296 597 264 667 623 532 528 474 914 207 690 767 596 331 993 817 777 726 955 442 460 244 413 535 317 247 725 625 602 325 719 334 841 296 685 109 576 877 351 693 172 870 655 541 183 183 128 583 402 190 890 196 178 87 194 703 703 610 823 940 830 746 625 610 134 181 783 605 353 536 591 788 432 734 459 603 527 137 561 939 918 582 584 370 231 593 878 143 280 864 187 506 552 673 604 770 1021 662 885 605 589 308 694 190 196 168 515 989 838 1060 301 425 458 731 786 776 717 51 782 808 888 663 271 221 840 162 1027 298 480 720 245 364 104 780 554 824 771 340 793 925 38 552 901 489 100 278 700 485 805 55 404 197 123 531 587 550 161 352 733 437 428 465 499 153 476 579 563 629 253 385 614 835 552 64 395 871 947 520 599 653 719 38 718 846 782 797 460 260 818 102 1068 846 841 75 725 315
1003 180 935 674 103 654 237 691 130 1008 549 1164 620 504 1200 168 656 272 0 677 372 774 531 1005 168 508 1070 308 710 1051 412 810 210 362 473 620 818 812 943 630 477 565 624 73 900 873 751 783 276 901 478 902 898 762 530 1093 807 810 953 996 414 537 483 560 372 578 458 595 887 773 245 891 601 1013 540 747 247 801 967 609 937 423 841 908 522 455 432 394 424 601 181 894 279 443 274 413 854 550 492 915 1031 999 840 806 858 234 375 839 772 118 387 740 785 592 868 694 851 444 143 417 970 1009 572 462 566 367 448 877 333 124 722 219 624 446 728 620 722 1103 874 959 709 603 440 725 221 263 420 452 1102 941 1146 265 662 493 699 919 926 861 227 720 656 779 679 165 191 848 433 1105 510 736 716 470 624 171 829 370 857 770 499 968 945 297 734 872 427 368 269 737 693 784 253 295 385 245 595 473 461 138 546 667 376 438 471 490 119 284 820 822 660 505 646 786 916 413 254 492 836 1081 489 806 906 977 308 919 950 663 649 378 461 830 186 1160 972 908 334 830 337
1137 810 651 654 632 181 764 829 769 560 180 681 90 256 721 822 90 761 677 0 613 125 554 624 749 861 523 370 777 713 281 936 470 709 249 582 150 1011 1063 771 209 897 293 750 937 988 795 945 435 287 864 860 622 652 666 673 231 332 946 466 322 421 745 559 329 852 679 143 1058 670 454 734 899 808 777 384 652 843 560 859 1004 754 211 1026 243 854 753 862 287 681 827 313 568 804 680 692 654 213 192 533 606 793 500 714 968 627 654 402 658 576 306 601 237 591 615 819 959 240 740 277 423 588 230 221 664 576 253 294 659 560 192 858 498 231 362 267 102 636 843 514 480 269 546 303 574 565 757 246 709 577 678 464 810 358 139 642 689 639 761 67 202 139 262 533 555 292 832 628 690 920 213 711 875 738 382 359 357 235 583 789 382 747 682 236 272 837 484 320 737 195 706 386 644 638 381 206 220 763 657 51 326 352 322 284 700 423 910 996 299 787 893 678 508 274 697 470 197 748 251 789 1024 1103 792 837 584 103 191 309 661 292 764 701 654 467 751 522 450
662 349 598 307 270 493 237 332 342 721 583 875 526 359 906 386 547 208 372 613 0 654 181 692 279 252 823 360 340 718 356 457 363 102 365 264 708 484 595 267 422 295 405 402 534 521 380 439 449 725 252 530 563 402 159 785 629 578 583 751 296 257 152 208 468 267 98 611 552 410 261 529 308 652 203 480 135 432 669 288 577 141 689 558 375 241 142 263 505 229 376 697 104 191 129 82 504 607 498 615 732 640 538 440 504 139 41 579 412 393 459 390 599 232 531 333 495 402 293 476 738 710 406 479 194 36 503 686 65 302 748 385 298 439 470 416 602 813 502 678 397 402 100 496 160 121 144 378 783 631 853 216 304 272 557 582 577 516 242 621 703 748 472 264 204 646 220 819 144 396 534 124 304 265 577 502 623 582 137 606 726 175 367 719 357 244 186 501 322 622 167 327 33 131 329 474 425 325 174 576 315 261 294 332 279 445 459 485 433 191 327 423 627 463 159 191 693 745 362 435 556 632 220 548 639 656 691 347 94 623 281 860 642 635 159 517 175
1113 892 574 636 717 165 832 824 854 454 305 564 153 301 603 908 118 824 774 125 654 0 562 528 826 893 401 468 763 621 364 922 572 755 313 571 54 1005 1040 772 297 923 276 845 905 968 774 936 548 162 902 818 549 614 679 566 122 242 905 348 384 428 772 560 444 870 707 267 1045 631 538 677 918 737 796 323 715 819 463 873 974 792 86 1005 283 894 789 913 407 681 911 192 628 842 739 728 596 338 306 444 502 722 425 673 948 692 696 314 619 679 419 562 140 586 548 813 940 330 821 392 304 486 248 334 669 619 372 174 708 652 286 939 481 334 306 255 54 523 804 411 439 264 574 243 644 628 795 324 606 488 563 539 809 384 99 568 620 577 831 61 315 187 221 620 632 181 874 513 708 917 153 738 887 815 293 478 255 146 598 724 262 805 654 111 350 891 554 257 723 89 769 479 684 702 371 316 314 846 666 110 404 398 362 326 782 535 891 986 267 813 904 637 414 387 760 487 72 655 305 757 1002 1079 851 788 493 218 306 397 687 187 840 587 569 369 804 452 509
603 529 417 152 430 397 418 278 520 547 579 699 464 307 729 566 472 387 531 554 181 562 0 512 459 349 661 420 242 537 362 394 464 266 335 88 615 459 530 217 405 368 287 572 430 453 271 395 533 598 368 395 382 231 118 606 508 432 464 591 290 134 225 29 516 311 168 594 511 242 354 360 359 481 237 323 313 326 493 311 488 269 577 492 316 368 263 417 538 130 557 561 253 314 310 211 326 612 495 439 554 468 363 278 433 311 206 419 241 525 498 212 475 64 350 270 424 399 471 505 584 533 325 486 110 170 524 553 245 438 721 566 123 444 319 307 514 637 369 506 222 298 91 359 311 268 275 365 603 452 676 308 257 200 463 402 399 336 423 543 690 692 350 393 345 511 355 645 151 367 420 194 326 445 421 559 474 459 49 437 579 352 209 604 353 404 286 359 207 509 348 392 191 307 195 474 419 503 105 508 335 232 246 281 453 526 378 447 306 262 343 255 454 490 340 89 585 564 321 301 489 570 394 400 460 622 678 370 148 487 462 682 461 467 328 339 232
770 1036 131 440 911 468 928 615 1020 103 771 201 575 554 223 1069 547 899 1005 624 692 528 512 0 964 821 264 781 533 95 667 646 869 776 600 440 555 751 710 604 650 817 415 1058 561 661 514 683 899 416 851 449 149 343 592 94 406 292 525 240 622 468 710 487 827 748 668 752 753 349 776 289 788 265 693 278 818 526 66 728 626 770 466 686 542 858 762 920 817 539 1063 361 744 808 820 718 237 810 722 97 65 256 165 359 646 811 718 223 337 962 801 323 390 474 181 599 640 671 973 788 274 60 498 736 557 674 785 373 756 891 811 1075 394 707 302 433 525 145 454 122 299 446 594 340 795 756 775 637 98 64 173 744 619 519 487 142 191 213 933 565 826 715 393 845 816 350 850 160 632 693 415 687 735 950 243 873 273 390 559 282 309 864 404 467 650 911 736 322 504 440 858 768 703 810 413 716 674 1005 570 579 677 579 554 552 949 888 600 720 384 736 739 342 117 775 849 519 484 127 577 451 683 740 905 399 55 727 815 698 651 341 969 174 86 159 839 177 669
856 72 876 583 127 685 73 560 67 984 651 1140 677 532 1173 107 708 113 168 749 279 826 459 964 0 351 1070 393 593 996 468 672 321 230 513 543 875 662 800 505 540 408 627 151 774 734 635 640 407 933 317 792 841 681 424 1057 836 813 832 996 443 506 350 487 484 430 343 693 738 688 295 807 446 930 405 731 146 681 936 463 803 281 882 766 550 294 291 228 535 496 98 915 224 291 153 291 784 660 580 882 1000 918 805 716 721 154 265 828 691 266 491 669 809 512 809 566 714 509 25 519 976 978 596 552 463 291 551 901 222 213 828 116 571 526 715 629 773 1078 763 938 666 613 371 727 187 215 277 505 1058 902 1119 287 532 487 740 860 857 795 63 779 767 866 690 221 194 866 274 1083 395 592 740 346 476 14 822 495 860 793 417 883 957 146 642 913 479 203 273 736 584 819 118 369 279 154 574 558 530 49 443 727 424 445 482 511 58 411 688 676 661 363 497 701 890 512 124 447 880 1023 523 699 765 831 144 816 910 755 758 439 352 846 19 1129 919 891 185 788 329
508 389 704 382 426 729 278 256 415 876 833 1019 773 606 1044 431 791 239 508 861 252 893 349 821 351 0 1003 600 321 820 608 342 580 173 615 390 947 314 457 230 674 57 628 502 462 399 358 303 672 945 41 511 676 483 238 915 853 781 527 935 547 472 124 363 709 96 187 862 390 482 494 584 96 699 128 671 285 388 817 130 475 113 919 427 620 62 110 147 750 283 414 910 329 69 250 170 595 857 749 765 874 690 694 490 390 311 212 765 490 576 703 499 821 359 642 268 384 654 376 722 931 855 646 729 268 288 750 901 224 493 1000 398 466 690 668 644 842 959 484 841 560 632 319 707 363 341 112 630 900 768 993 454 235 510 794 689 663 615 288 865 954 998 694 468 408 860 78 969 200 255 762 157 138 343 768 738 822 804 303 650 927 211 426 947 609 160 424 708 333 851 258 568 219 295 540 725 677 398 259 823 566 509 540 578 390 670 370 331 651 88 155 492 786 710 260 408 925 839 611 434 426 486 208 550 775 907 942 597 207 836 339 995 753 806 175 664 426
1026 1141 384 640 989 431 1050 834 1116 163 699 176 512 570 213 1169 475 1028 1070 523 823 401 661 264 1070 1003 0 795 754 347 676 885 896 920 608 614 403 988 963 808 632 1011 447 1134 814 908 743 917 900 244 1027 704 387 560 765 233 297 260 783 74 657 568 882 643 807 944 829 666 999 571 826 541 989 529 880 343 931 765 221 931 881 930 318 937 553 1028 924 1077 781 728 1166 210 846 975 942 871 474 734 678 256 202 520 315 594 892 917 858 245 558 1000 780 524 305 644 411 818 885 661 1073 759 104 204 502 700 737 797 746 230 888 948 680 1186 539 685 355 450 425 161 705 173 443 467 724 346 885 854 936 638 284 277 186 807 831 585 412 390 446 447 1053 457 716 567 391 905 893 240 1015 144 804 919 366 854 941 1056 248 848 213 316 710 544 142 998 620 302 658 1062 809 335 719 332 979 793 843 920 498 680 656 1103 745 492 702 634 600 581 1041 887 841 959 412 915 949 568 226 750 970 633 335 369 588 690 934 995 1043 656 275 619 707 711 809 251 1079 212 346 197 981 349 745
1007 448 742 569 269 365 424 673 404 761 258 912 315 230 950 456 353 433 308 370 360 468 420 781 393 600 795 0 656 845 119 797 104 428 188 496 511 839 937 606 173 649 369 380 849 860 689 787 121 604 589 812 705 626 487 860 514 540 884 723 160 349 512 443 109 627 455 299 904 641 109 747 667 858 562 505 333 744 732 647 903 488 539 899 245 571 492 553 151 538 462 604 271 532 367 440 688 270 188 684 793 843 617 683 841 305 393 584 635 212 104 587 497 482 681 670 832 140 381 128 692 771 296 159 507 329 160 586 376 192 435 496 456 139 481 355 418 854 787 710 511 340 353 461 247 260 489 157 879 719 898 147 647 274 401 728 751 686 420 413 376 476 409 172 212 561 547 853 490 749 430 483 664 385 570 143 585 483 416 821 661 431 622 570 137 525 176 476 625 488 382 33 391 319 378 168 154 400 491 360 105 214 230 229 340 111 789 836 403 550 686 653 677 119 374 340 533 879 210 720 896 975 469 812 727 363 366 85 444 546 411 916 769 657 448 617 196
363 653 406 128 609 606 531 82 661 606 819 734 689 543 753 694 691 491 710 777 340 763 242 533 593 321 754 656 0 515 603 159 687 364 574 195 814 245 290 94 645 300 490 733 195 213 41 174 764 762 359 200 385 194 182 622 685 581 243 695 531 360 248 226 755 231 253 831 282 186 578 269 263 378 203 467 465 92 544 204 247 321 760 252 549 374 311 453 779 119 680 715 442 336 444 303 297 852 736 499 593 371 440 178 193 476 336 541 198 732 739 231 653 190 354 66 184 640 613 747 702 577 549 727 152 354 765 713 379 641 953 677 282 685 474 515 722 677 171 581 339 510 305 531 500 459 326 605 600 490 706 531 89 436 669 393 356 321 540 756 927 914 542 600 543 670 375 691 201 166 612 247 208 581 551 797 611 638 240 330 711 453 133 782 595 456 505 524 41 696 476 626 325 466 397 715 660 642 171 729 576 473 485 518 608 758 137 223 497 252 208 191 528 732 471 330 771 529 559 113 249 329 478 232 495 854 915 611 249 647 588 704 455 560 416 405 462
711 1067 120 441 953 551 954 596 1055 193 854 243 660 624 251 1102 633 922 1051 713 718 621 537 95 996 820 347 845 515 0 735 608 928 795 670 457 649 714 656 595 724 810 486 1100 510 615 489 649 965 511 853 399 155 337 602 128 499 382 465 332 685 516 716 510 899 740 682 837 707 338 830 251 776 191 693 351 850 492 160 717 571 781 560 636 613 862 772 930 892 541 1094 456 781 814 847 734 225 893 801 180 146 186 230 337 602 845 741 311 330 1016 873 332 482 490 188 580 597 743 1007 862 368 151 572 813 564 705 862 468 781 941 901 1103 428 782 376 507 615 204 409 218 343 518 625 421 835 795 787 708 89 137 214 794 603 576 575 136 159 207 960 656 914 808 473 894 860 445 857 222 641 665 502 697 722 982 331 946 366 480 582 220 404 886 395 562 718 924 784 403 492 532 885 830 725 842 469 793 749 1039 580 666 740 637 616 618 986 954 561 681 458 738 723 329 207 849 877 559 579 35 647 419 633 683 924 346 130 816 903 764 666 434 999 203 78 252 858 228 717
964 530 637 501 354 247 483 634 491 644 227 794 211 113 832 545 245 482 412 281 356 364 362 667 468 608 676 119 603 735 0 754 221 444 69 425 410 809 891 568 73 651 253 482 789 814 632 751 233 490 604 740 600 542 451 744 398 421 817 604 72 263 503 379 169 617 439 255 868 559 175 657 661 762 545 390 374 686 616 631 849 496 429 853 127 591 497 589 179 489 548 487 294 545 404 439 592 255 142 570 677 747 506 603 794 348 396 466 551 327 145 499 379 418 579 628 785 46 460 146 573 655 177 127 463 321 162 470 392 289 392 578 369 84 366 237 311 736 716 593 410 223 316 342 293 289 498 40 764 606 780 183 610 181 288 623 651 588 480 313 347 406 290 257 274 443 568 734 464 717 312 470 648 457 452 216 466 365 371 729 543 471 548 460 18 563 204 358 568 373 427 119 389 360 275 118 70 484 450 260 45 131 131 118 421 221 740 801 286 544 669 570 561 131 419 274 424 769 91 652 850 931 514 733 615 303 335 35 425 428 483 798 661 540 479 509 182
210 722 515 286 713 765 602 125 739 730 973 843 848 699 857 764 850 561 810 936 457 922 394 646 672 342 885 797 159 608 754 0 817 448 729 354 972 106 140 192 800 298 649 820 130 64 149 47 900 914 383 219 502 330 311 728 840 732 199 832 682 518 327 382 900 249 359 988 123 317 711 359 253 439 269 619 564 120 668 214 133 391 915 102 706 404 381 489 927 265 747 865 560 386 536 398 413 1006 889 629 709 436 578 291 49 580 440 687 330 848 885 376 808 347 475 127 42 793 694 895 844 696 707 880 292 478 916 864 478 758 1111 736 441 837 629 674 881 791 202 712 492 669 445 687 615 577 395 759 697 612 814 663 153 593 827 505 457 439 612 915 1084 1073 700 720 660 822 415 806 313 89 770 341 205 661 699 940 759 794 384 396 856 526 276 937 747 500 636 678 200 852 560 766 434 567 557 868 813 721 307 888 724 626 640 674 698 894 47 74 655 309 188 318 660 880 558 484 927 615 715 196 100 178 539 271 616 1012 1071 759 363 799 663 808 562 697 487 542 601
1024 366 820 616 193 468 365 692 318 855 341 1008 419 327 1046 367 457 382 210 470 363 572 464 869 321 580 896 104 687 928 221 817 0 408 288 547 613 846 956 626 277 633 462 283 882 881 723 801 92 708 562 858 783 684 509 951 618 639 924 824 247 419 510 490 166 622 461 386 915 698 110 810 658 925 564 596 297 778 823 647 932 472 643 919 344 542 478 509 218 569 376 707 261 511 333 435 757 344 283 774 885 911 704 738 863 270 388 679 694 107 178 651 600 528 757 691 855 244 304 208 793 863 395 253 536 339 239 690 361 108 515 412 521 240 573 451 522 949 831 805 588 436 384 558 217 246 472 260 967 806 993 157 665 352 505 805 824 758 358 516 451 569 507 113 172 664 518 949 504 759 533 485 663 315 667 175 685 586 449 886 764 389 672 675 238 481 183 572 660 592 337 103 390 286 459 265 258 318 517 463 196 291 315 322 263 93 815 848 497 544 686 711 768 204 332 395 637 961 308 763 917 994 420 864 815 453 443 185 455 648 339 1010 851 752 414 700 233
642 290 675 364 268 595 169 332 297 812 666 965 624 458 994 331 646 131 362 709 102 755 266 776 230 173 920 428 364 795 444 448 408 0 460 338 808 453 581 275 513 225 507 373 545 512 405 421 500 827 161 562 641 466 200 870 731 678 603 849 389 357 122 290 536 220 117 698 527 472 321 588 251 710 179 578 120 451 758 249 577 65 791 546 474 147 72 161 578 271 318 798 157 104 88 64 575 688 583 705 820 699 628 494 497 142 63 676 476 413 531 464 701 305 608 338 490 490 250 552 837 799 507 562 240 136 580 787 52 326 836 318 388 524 569 518 702 902 534 771 487 504 198 597 191 168 64 470 865 717 941 282 304 374 658 659 647 589 177 720 787 843 574 298 237 748 124 910 168 374 636 116 265 218 675 565 723 684 217 662 826 93 422 821 447 143 253 601 356 724 113 396 78 127 430 559 514 279 221 675 400 359 393 431 250 498 461 461 535 144 287 484 719 539 110 290 795 819 459 470 545 615 129 589 725 747 776 430 130 725 225 947 721 729 63 605 262
937 579 574 464 407 182 521 613 543 574 244 724 167 46 763 597 196 515 473 249 365 313 335 600 513 615 608 188 574 670 69 729 288 460 0 387 363 792 864 549 71 654 185 541 754 787 599 730 302 429 616 697 538 494 436 675 334 352 777 536 73 220 503 348 230 613 437 260 847 511 230 604 659 705 540 322 406 652 548 624 816 506 371 826 58 605 506 613 230 465 599 422 320 556 432 445 536 279 163 503 608 690 440 556 767 382 406 396 503 393 204 449 314 385 519 605 758 76 508 197 505 586 107 160 442 329 205 405 410 349 390 627 322 120 298 168 259 667 675 523 352 155 307 273 331 318 509 39 697 539 711 226 590 139 229 561 592 529 519 268 356 383 221 312 320 377 583 665 455 700 245 469 640 502 382 277 397 299 353 674 476 499 506 403 51 588 242 289 537 312 460 185 397 392 218 144 89 535 431 218 97 109 89 60 471 289 711 781 217 545 660 522 492 183 451 246 368 704 23 612 823 904 544 686 548 294 343 104 421 361 528 729 596 471 502 444 201
556 612 337 77 518 412 498 254 605 487 631 634 494 352 661 649 496 465 620 582 264 571 88 440 543 390 614 496 195 457 425 354 547 338 387 0 623 434 482 207 458 397 296 659 367 407 214 366 612 583 416 317 303 143 153 535 500 406 392 547 353 168 272 59 586 332 228 640 476 154 437 272 378 393 266 292 398 266 429 323 430 329 573 445 357 420 322 480 603 118 640 540 341 369 392 278 241 666 550 377 488 380 304 192 387 397 283 380 153 612 566 127 467 33 270 242 378 457 556 570 546 468 354 545 123 256 586 535 325 526 759 647 90 503 294 320 528 572 293 451 172 315 179 346 399 356 335 421 527 383 609 392 240 249 475 321 314 253 504 561 736 719 351 480 433 493 411 582 193 347 421 247 335 529 385 631 443 451 126 349 547 428 126 597 414 470 372 341 155 507 429 469 268 392 202 530 475 588 132 534 404 294 299 329 539 604 329 416 305 302 347 167 396 555 422 155 583 483 370 227 442 522 467 317 391 660 723 438 210 469 544 613 383 417 401 275 314
1162 940 610 687 764 219 883 876 901 474 327 572 199 353 611 955 167 876 818 150 708 54 615 555 875 947 403 511 814 649 410 972 613 808 363 623 0 1057 1089 825 341 976 329 889 953 1018 825 988 584 159 955 863 587 661 732 585 153 278 951 357 435 481 826 613 478 924 760 285 1095 679 585 720 972 774 850 368 767 868 489 926 1022 845 90 1054 335 948 843 966 437 733 958 202 679 895 791 781 638 356 340 475 523 760 463 720 998 743 749 348 666 720 454 610 178 638 588 865 990 374 869 426 313 508 302 369 723 672 403 186 761 697 277 988 533 374 352 308 106 536 851 435 487 318 628 290 694 679 849 371 627 518 574 588 861 437 153 604 658 618 882 98 317 166 272 667 681 204 928 524 761 969 203 792 941 864 328 509 283 187 652 764 270 857 703 101 398 943 604 302 774 127 821 523 737 753 424 353 357 894 720 151 452 450 415 378 830 571 941 1038 318 867 957 684 444 423 811 541 72 682 356 805 1051 1128 903 832 524 226 310 442 741 216 890 599 602 397 856 492 560
194 703 620 373 721 845 589 182 727 834 1033 949 921 766 963 745 927 549 812 1011 484 1005 459 751 662 314 988 839 245 714 809 106 846 453 792 434 1057 0 150 242 861 260 730 813 222 119 246 71 933 1007 352 322 607 430 358 833 930 826 288 933 738 589 338 452 945 234 386 1051 76 418 745 465 217 543 282 712 572 225 772 204 197 390 1004 129 775 375 381 457 976 330 727 960 585 371 541 413 517 1064 948 731 814 541 679 395 123 593 459 784 431 864 932 473 897 421 579 192 124 850 686 945 943 801 781 936 350 511 968 958 492 775 1179 711 524 893 719 753 962 896 307 815 584 747 493 776 635 601 393 818 803 716 920 698 202 659 909 610 562 543 600 994 1147 1149 785 742 681 916 391 911 349 92 855 361 189 653 795 982 855 882 439 501 954 518 373 1027 803 473 669 768 285 940 559 807 456 578 636 926 872 710 361 964 775 685 703 739 696 928 153 35 739 309 166 420 762 931 558 547 1015 720 779 301 129 174 521 375 720 1081 1135 810 395 892 651 914 668 798 479 643 644
74 845 581 409 848 888 728 264 866 803 1108 898 976 832 906 887 975 688 943 1063 595 1040 530 710 800 457 963 937 290 656 891 140 956 581 864 482 1089 150 0 331 935 406 773 949 149 77 269 160 1039 1019 497 261 576 432 450 782 951 837 193 917 819 649 461 516 1039 370 498 1121 83 415 850 423 362 470 403 728 699 221 743 337 85 521 1027 38 838 520 512 603 1066 402 870 967 699 510 670 533 492 1142 1025 710 775 472 670 380 97 716 577 785 429 986 1024 481 920 479 555 267 106 929 823 1033 934 765 836 1016 431 618 1053 968 614 895 1242 856 565 974 740 798 1002 852 258 792 604 794 584 800 753 716 525 895 745 686 869 803 292 726 949 574 519 518 739 1038 1217 1198 819 859 798 928 534 869 452 208 887 478 324 790 799 1080 860 907 523 436 951 654 386 1046 883 618 775 790 328 967 692 906 571 703 682 1004 949 848 446 1014 862 762 775 807 830 1034 153 127 775 439 304 413 744 1018 690 619 1040 655 849 287 41 40 662 312 689 1142 1204 897 502 906 790 859 624 786 615 634 740
401 563 481 168 530 609 441 67 572 668 791 804 681 524 826 604 688 400 630 771 267 772 217 604 505 230 808 606 94 595 568 192 626 275 549 207 825 242 331 0 619 215 496 647 271 255 134 182 708 790 267 292 456 261 119 695 706 612 327 745 497 350 157 212 710 145 172 809 300 257 519 355 184 469 110 498 383 176 607 125 310 229 779 293 533 281 219 360 739 91 590 746 371 243 359 217 371 822 706 559 660 460 493 261 238 397 255 582 267 660 696 286 673 187 423 66 229 609 525 707 747 643 541 695 108 287 729 742 296 569 937 585 297 652 501 518 727 745 264 638 374 510 255 552 427 388 234 576 677 555 777 472 41 417 674 467 436 393 450 757 905 909 554 531 471 699 282 757 123 150 625 160 134 493 589 749 648 658 197 420 751 363 201 804 562 362 444 548 104 712 388 575 247 385 401 685 630 554 119 725 536 443 461 497 524 702 192 233 509 158 142 266 584 692 385 304 788 612 537 207 291 369 386 326 561 839 893 571 173 676 499 777 530 611 325 460 410
1008 602 634 535 424 201 556 682 562 615 174 760 143 111 799 615 180 555 477 209 422 297 405 650 540 674 632 173 645 724 73 800 277 513 71 458 341 861 935 619 0 715 238 549 825 858 671 800 268 432 672 767 598 564 504 720 344 385 848 562 127 291 565 419 180 677 500 192 916 581 246 672 722 770 605 373 446 724 594 689 887 563 366 897 115 659 564 660 168 535 619 435 365 612 476 504 601 207 91 552 652 754 494 626 838 421 462 438 573 384 152 518 329 456 581 675 829 33 532 138 528 631 152 92 511 386 140 416 461 356 326 650 392 58 348 217 245 705 746 565 416 206 372 313 366 361 565 44 745 591 750 256 659 210 229 621 655 593 553 243 287 333 259 327 346 394 637 702 520 769 266 532 706 530 422 225 427 317 422 740 495 543 577 398 66 635 277 331 608 316 500 183 455 432 285 74 25 555 500 190 118 176 160 131 492 255 782 851 267 607 726 592 538 125 491 316 360 759 90 683 894 974 586 756 599 234 275 102 484 381 556 769 652 512 550 502 251
