NAME : X-n251-k28_SARP
COMMENT : Curated from VRPLIB to SARP
TYPE : SARP
DIMENSION : 251
EDGE_WEIGHT_TYPE : EXPLICIT
EDGE_WEIGHT_FORMAT : FULL_MATRIX
EDGE_WEIGHT_SECTION
0 593 889 314 874 886 629 431 686 652 931 356 755 376 123 760 596 433 622 738 259 779 659 662 739 652 813 475 443 744 613 853 489 674 784 467 733 173 176 739 459 670 724 571 834 616 470 680 547 856 400 239 260 721 778 203 463 446 804 795 278 691 618 370 421 819 423 666 213 706 693 458 649 635 167 840 498 740 371 756 135 150 622 576 607 813 614 375 1001 263 720 600 890 164 255 627 239 580 996 450 563 520 525 806 398 759 549 246 685 646 875 854 742 500 650 770 690 608 699 332 655 443 375 799 594 629 540 698 567 763 770 675 718 699 548 516 176 635 444 775 328 788 346 591 423 335 379 313 762 259 775 789 704 713 795 191 724 539 530 782 796 290 659 452 716 139 445 817 462 824 586 372 641 552 663 438 724 398 536 727 533 746 863 769 653 735 318 706 221 778 696 343 520 782 836 757 821 519 326 168 404 433 553 361 673 383 595 715 757 727 350 564 662 237 401 733 475 823 641 596 649 660 730 524 1019 470 653 412 660 508 816 476 807 576 911 552 603 766 353 703 256 484 678 355 276 692 513 737 159 832 908
593 0 355 631 283 437 40 499 212 219 354 394 196 492 586 278 290 293 34 601 828 236 245 181 662 106 336 375 601 252 118 276 362 192 289 604 313 462 431 164 536 108 248 67 674 110 456 617 133 411 621 548 530 175 315 508 506 593 243 344 525 559 313 525 611 243 236 255 442 246 463 150 138 114 530 261 440 571 590 273 673 676 252 211 479 330 22 411 412 494 239 82 327 609 339 154 509 590 412 630 95 495 561 256 588 299 260 588 154 354 608 314 325 586 166 252 99 64 204 403 76 548 527 209 34 120 177 168 602 239 280 374 210 317 56 588 474 147 170 309 482 205 292 171 601 259 390 600 325 345 183 308 112 354 308 410 161 67 169 710 252 636 588 208 242 708 174 264 555 264 229 486 96 42 108 207 170 619 597 307 220 276 372 318 126 175 747 480 478 209 253 299 142 295 444 334 367 414 285 629 611 612 377 664 134 215 190 628 296 394 312 130 191 653 635 152 600 251 296 195 108 639 206 96 427 125 151 574 325 466 276 546 303 327 362 109 446 310 396 173 566 275 201 500 834 648 191 283 684 351 323
889 355 0 817 207 161 340 625 483 516 372 748 159 650 911 505 616 647 346 534 1089 413 540 466 612 391 538 726 722 482 436 128 712 470 495 713 574 790 713 197 645 371 497 416 560 427 808 596 344 158 765 892 876 397 540 747 859 712 117 568 727 517 632 683 744 142 590 546 695 509 772 499 429 416 863 335 529 494 746 501 935 933 566 544 812 528 336 585 343 708 488 305 403 854 640 462 732 935 188 750 443 567 633 406 731 534 363 801 412 666 434 445 582 674 458 453 276 391 462 755 279 903 682 206 378 428 523 416 652 441 498 676 451 599 410 667 805 450 519 535 667 318 639 499 732 582 745 785 568 672 240 520 269 264 513 698 367 375 517 646 415 832 920 437 177 979 525 403 663 389 558 646 268 380 380 451 185 764 665 203 364 515 82 552 412 373 949 786 818 155 525 646 495 120 232 583 142 492 622 873 753 739 717 832 401 549 516 585 532 676 547 472 478 873 780 212 704 127 294 520 397 636 433 451 286 443 440 709 628 547 79 645 492 660 39 458 779 544 749 416 776 427 477 668 1086 626 541 531 939 101 326
314 631 817 0 877 758 671 205 799 779 983 588 727 168 433 877 764 616 666 490 328 862 795 769 469 725 935 692 153 855 704 828 700 782 895 178 876 422 280 728 207 735 841 643 579 702 717 415 527 732 98 534 549 799 905 158 727 161 769 930 108 453 791 137 125 798 573 804 222 828 905 553 740 718 457 891 304 506 86 872 226 211 770 715 841 932 647 236 1030 141 834 596 959 152 359 731 136 851 970 149 650 292 262 884 113 887 456 72 769 829 658 941 888 223 753 868 711 675 803 567 666 721 139 802 649 717 667 784 290 857 883 859 817 854 609 240 436 734 550 901 154 835 514 710 132 442 608 33 901 424 791 908 723 578 911 299 790 565 653 504 879 28 917 428 643 273 555 893 198 895 731 171 634 591 731 426 698 97 258 620 466 868 765 902 736 804 133 920 489 755 825 514 629 698 687 901 708 339 473 154 107 137 762 50 751 485 722 453 884 905 320 667 773 96 93 729 189 795 526 725 724 384 822 606 1024 515 748 136 828 297 761 219 915 762 849 646 827 896 585 789 78 397 789 149 309 419 647 865 210 734 948
874 283 207 877 0 364 249 710 319 360 167 656 158 720 868 320 469 544 257 697 1104 225 380 312 772 259 342 604 814 301 309 83 588 311 305 810 394 744 709 149 740 237 321 320 740 302 686 745 352 355 846 822 802 231 351 774 739 804 136 376 775 670 478 754 830 94 502 383 711 338 603 429 288 284 810 134 626 658 820 317 948 950 414 410 661 332 261 643 163 749 314 285 197 878 619 323 768 794 139 843 339 675 744 211 812 348 434 844 259 505 626 242 400 780 310 266 184 285 296 669 221 788 755 76 289 296 405 257 774 257 310 509 280 426 333 776 755 310 447 347 723 136 568 366 819 542 646 845 382 628 101 328 171 411 320 689 206 336 405 812 223 886 763 453 275 986 450 206 758 191 418 715 245 323 247 460 182 845 779 341 414 332 281 365 273 205 1002 615 755 129 355 575 394 263 423 399 325 592 566 898 835 828 576 902 256 498 378 741 347 498 568 358 323 914 861 149 803 105 404 382 265 779 259 366 148 405 294 793 464 649 177 744 297 516 182 355 627 357 657 255 821 484 316 734 1107 776 431 350 957 285 120
886 437 161 758 364 0 436 556 605 632 530 810 269 592 930 640 722 721 441 400 1057 552 658 583 477 502 679 810 642 615 540 281 799 590 634 628 703 816 712 311 566 485 626 504 411 531 889 472 376 30 692 932 920 525 677 719 938 631 247 706 683 392 742 622 667 285 657 665 679 635 889 562 542 524 890 485 456 359 679 636 909 904 677 645 915 670 423 541 504 671 617 366 558 822 655 571 697 1027 341 667 532 481 540 550 660 668 337 756 533 780 277 595 713 584 573 591 385 489 587 813 370 976 620 347 468 535 614 540 549 578 634 794 579 723 488 574 833 561 582 672 619 459 691 602 655 617 811 727 702 703 376 659 382 182 653 700 495 434 606 505 558 778 1024 445 199 957 589 549 582 536 661 590 341 450 494 462 280 691 568 161 357 647 84 687 525 504 891 904 856 279 649 698 578 143 86 716 72 420 665 840 679 660 815 764 518 594 620 454 666 801 537 566 596 828 706 327 618 270 246 625 507 515 563 528 443 490 554 636 744 467 198 562 634 762 196 547 882 679 810 541 731 403 598 613 1049 499 627 662 909 90 484
629 40 340 671 249 436 0 536 188 203 314 416 181 530 619 249 286 310 8 626 867 199 229 160 689 78 305 386 639 222 105 251 372 169 257 641 291 494 469 144 573 74 222 77 696 96 468 646 165 412 659 576 556 140 287 548 520 631 225 317 564 585 307 564 649 218 259 238 481 222 455 180 116 93 561 221 474 594 629 244 711 715 242 209 480 298 26 449 374 534 212 104 288 648 376 139 549 597 381 668 103 529 596 218 626 272 290 628 124 346 623 277 302 622 145 218 69 53 177 427 66 564 566 178 41 103 183 137 636 205 250 363 180 299 84 623 506 129 198 281 521 166 320 166 639 295 410 640 300 379 148 278 81 369 276 448 123 106 177 737 215 676 588 246 246 746 202 225 591 225 225 524 102 82 76 246 159 658 632 316 251 249 366 291 101 137 787 471 507 188 232 327 156 293 450 310 368 447 317 668 649 650 381 704 104 249 184 655 269 378 351 133 171 693 673 130 637 228 317 189 81 669 174 119 391 164 129 612 313 500 263 582 270 326 344 119 446 283 418 141 606 310 178 539 873 677 202 257 723 347 284
431 499 625 205 710 556 536 0 694 684 834 587 554 55 527 769 698 577 532 308 523 735 705 662 309 602 828 668 104 744 594 652 670 675 783 105 785 467 307 563 42 607 735 529 403 590 714 249 375 530 140 597 602 674 802 228 739 95 591 830 158 264 726 71 121 624 518 715 239 727 860 466 626 602 526 745 100 315 124 764 395 384 689 633 818 823 511 103 870 168 727 445 820 305 336 627 193 862 789 133 544 93 100 754 106 784 276 220 650 768 462 813 797 98 646 750 561 554 693 572 515 748 68 639 524 604 583 664 148 737 773 796 703 772 493 107 484 626 470 797 103 691 481 617 109 388 603 176 805 414 634 800 573 376 801 314 659 433 569 354 751 227 910 293 456 445 477 761 58 760 652 60 477 464 606 299 528 139 125 424 298 763 568 802 618 673 336 876 532 583 728 485 539 506 482 809 508 136 436 318 127 118 725 209 630 416 632 284 781 835 223 569 670 286 155 566 102 620 332 636 603 234 703 503 853 403 637 84 757 92 576 57 800 708 660 544 797 795 585 669 197 230 683 77 509 264 570 765 387 537 795
686 212 483 799 319 605 188 694 0 45 276 385 337 679 642 78 154 274 187 812 941 112 61 32 874 111 136 304 793 58 100 365 286 20 99 799 103 524 555 295 734 122 42 166 884 106 381 829 343 584 805 565 540 88 108 658 434 786 367 136 692 771 160 710 799 342 264 65 588 35 290 247 74 98 576 207 645 781 771 73 792 800 99 118 342 133 212 598 365 658 35 291 222 746 459 68 667 477 454 821 151 701 765 139 774 90 471 745 72 187 810 172 114 786 48 88 221 148 23 404 247 486 712 280 179 93 146 67 808 85 85 194 42 117 202 790 530 68 254 103 660 182 341 95 790 369 369 771 114 429 244 109 223 556 113 533 116 268 157 922 126 798 445 402 428 818 250 150 752 163 116 672 289 236 115 395 326 803 800 501 430 69 528 108 87 114 901 303 512 331 45 345 173 465 630 123 542 622 362 764 796 802 262 838 88 321 92 840 87 196 486 132 26 803 818 279 796 357 505 93 107 849 63 194 417 292 61 763 146 672 414 745 121 201 474 154 309 100 387 66 727 480 11 683 953 859 174 72 809 515 274
652 219 516 779 360 632 203 684 45 0 320 342 365 665 603 108 110 232 201 819 908 157 26 50 878 130 162 259 781 96 102 402 241 48 133 788 101 487 527 323 724 147 74 163 894 110 336 830 347 609 789 523 498 128 129 633 389 774 399 151 672 776 119 695 785 377 229 35 563 54 257 226 90 110 536 251 641 789 755 105 761 769 55 77 302 162 224 586 410 637 72 301 266 718 432 66 645 435 496 808 142 697 759 184 759 110 474 722 104 150 826 214 113 778 59 131 247 156 67 362 267 441 698 317 185 101 115 104 803 129 119 162 87 97 198 782 492 74 229 125 644 224 305 68 776 342 326 751 122 396 280 137 251 571 143 505 155 268 127 927 170 776 406 395 448 785 224 194 742 208 73 658 305 237 138 386 352 787 794 519 432 95 557 123 107 155 877 272 472 362 47 309 149 490 652 125 566 619 330 737 781 788 218 819 115 296 58 844 107 175 470 115 38 777 802 308 786 391 516 56 125 849 107 181 461 281 78 749 113 667 445 736 157 157 509 140 268 118 345 105 705 477 44 668 921 860 140 88 778 542 319
931 354 372 983 167 530 314 834 276 320 0 657 307 836 903 236 426 545 320 855 1176 164 331 287 928 279 231 580 938 231 320 250 561 279 212 938 310 780 779 283 868 262 256 361 902 317 655 897 461 521 965 836 812 213 253 862 708 930 298 268 877 825 425 870 952 255 522 330 795 277 519 473 286 297 839 93 759 817 936 236 1022 1026 373 391 598 221 336 756 93 847 253 390 60 961 684 314 863 737 244 968 368 811 880 137 931 260 565 941 250 439 792 122 311 912 293 192 274 324 255 675 320 760 871 209 342 304 407 239 914 192 224 433 234 351 387 911 789 304 486 251 831 148 596 357 941 597 643 951 287 673 203 229 262 569 219 757 207 419 413 970 150 988 689 555 429 1054 487 126 887 113 392 830 358 395 268 557 323 963 916 500 537 253 447 269 279 196 1100 528 777 281 295 602 414 426 589 304 491 727 607 981 954 951 532 1014 259 549 362 897 260 407 664 372 292 1007 979 275 932 269 552 364 282 929 216 407 164 477 285 914 398 784 343 874 193 472 343 380 566 264 660 234 919 604 279 847 1183 928 435 272 1034 452 47
356 394 748 588 656 810 416 587 385 342 657 0 590 544 276 446 258 113 409 833 612 494 340 370 867 398 490 118 654 438 349 667 134 379 473 671 401 184 308 557 628 420 415 340 926 355 130 809 436 781 638 181 156 447 455 429 153 652 638 465 497 784 275 562 646 634 158 345 373 393 336 250 377 374 208 578 596 818 602 444 486 499 298 267 257 493 415 487 742 464 414 448 606 475 251 345 457 275 793 675 318 644 684 522 618 438 520 517 412 296 911 556 409 683 365 472 485 372 403 24 470 173 566 591 376 363 253 420 733 469 458 324 424 362 338 694 180 357 230 453 504 536 124 301 641 218 22 570 432 174 557 471 496 678 479 291 462 378 251 917 509 574 330 396 611 495 224 532 640 544 269 537 482 368 410 378 563 636 711 657 482 430 756 443 388 469 646 350 142 602 379 118 263 674 794 423 738 594 163 489 635 654 198 636 408 222 296 835 436 377 379 298 365 548 646 545 674 644 604 294 393 809 441 299 782 320 375 619 317 618 669 644 497 228 757 302 248 441 3 424 510 479 379 535 632 833 226 417 508 730 648
755 196 159 727 158 269 181 554 337 365 307 590 0 566 766 372 461 488 187 548 972 288 391 316 621 237 415 567 657 347 280 102 553 322 368 653 434 643 583 42 583 219 357 256 598 271 649 590 212 249 691 739 722 257 410 634 700 647 50 439 628 517 479 601 674 70 432 398 576 367 623 343 277 260 714 237 469 510 667 368 816 816 413 387 657 405 176 492 321 604 348 157 317 740 501 308 625 777 246 686 283 517 586 289 657 400 278 699 265 515 498 341 444 622 306 325 120 233 318 598 120 743 601 99 219 272 364 271 616 311 367 528 311 454 252 618 657 296 363 405 573 199 484 342 663 435 586 695 433 525 116 393 115 263 387 565 227 224 358 663 296 738 765 313 122 856 368 290 601 280 401 562 116 224 227 323 31 690 621 194 261 379 191 420 260 236 855 637 667 29 381 491 335 133 303 448 209 434 471 760 680 672 560 750 250 398 360 589 398 533 429 313 328 770 706 58 646 69 247 364 242 623 295 292 299 294 288 638 478 491 82 586 370 504 167 299 623 411 591 273 675 331 330 582 972 621 382 393 823 178 262
376 492 650 168 720 592 530 55 679 665 836 544 566 0 473 755 671 542 526 363 475 727 685 647 364 592 814 630 117 731 580 667 634 660 771 129 765 416 256 571 88 599 720 515 459 576 673 304 375 564 129 545 552 666 787 173 695 112 606 813 104 318 699 34 120 637 486 695 187 710 828 443 613 590 473 745 141 369 101 750 343 333 666 610 782 810 505 81 877 113 712 446 817 252 293 611 138 819 806 144 528 147 152 748 96 769 291 171 639 740 514 806 777 140 631 739 562 543 679 529 516 702 35 647 514 591 560 654 198 727 760 769 691 750 480 153 434 611 445 782 48 690 444 597 111 354 561 136 787 370 638 786 574 410 788 265 653 425 546 409 744 186 870 284 477 393 451 756 97 756 628 7 480 454 597 287 539 127 172 452 306 748 597 785 607 667 301 845 482 595 710 447 518 530 522 790 540 173 399 266 119 123 691 184 620 387 612 340 766 810 196 550 654 239 143 573 131 634 358 615 592 288 693 485 865 387 623 84 732 141 596 105 789 678 683 526 762 778 542 659 147 236 668 23 463 319 545 748 336 566 798
123 586 911 433 868 930 619 527 642 603 903 276 766 473 0 711 531 372 612 827 347 744 605 622 836 627 759 392 553 699 583 859 409 632 736 576 673 125 233 744 560 647 677 552 924 587 371 776 568 899 515 123 148 690 724 305 356 555 816 736 384 779 549 473 533 825 382 612 292 656 603 440 617 607 68 816 582 824 483 707 253 269 566 526 510 761 608 455 980 362 674 610 857 285 275 590 341 468 998 563 538 611 625 772 508 706 597 363 653 572 951 814 681 605 613 729 685 589 658 252 656 329 478 796 580 599 498 665 669 724 722 600 678 635 535 620 114 600 423 721 425 767 307 550 534 331 297 429 704 242 767 737 698 765 745 237 698 543 491 882 761 410 551 485 746 243 421 782 565 792 532 468 651 549 639 468 736 513 640 769 573 695 896 713 624 708 440 615 134 786 645 301 489 813 889 696 860 597 302 291 517 544 471 481 644 372 550 810 703 652 401 531 619 359 516 735 583 831 690 549 623 761 692 505 1008 473 619 520 592 595 835 577 760 503 929 525 511 710 273 669 370 535 635 454 372 792 470 684 277 866 886
760 278 505 877 320 640 249 769 78 108 236 446 372 755 711 0 196 339 250 875 1016 94 106 108 938 173 59 354 869 27 175 380 335 95 27 874 76 595 632 331 808 176 36 240 942 179 425 895 411 621 882 628 602 118 38 735 476 861 395 68 769 835 192 786 875 363 337 102 665 54 288 325 143 168 643 191 717 842 848 5 868 876 148 185 362 56 274 674 329 736 43 354 177 823 536 146 745 501 447 897 228 773 837 111 850 29 538 823 125 203 860 118 81 860 124 53 267 218 76 467 301 529 789 299 248 165 221 113 879 64 13 198 69 115 276 863 600 144 331 33 737 188 414 171 866 446 429 848 63 503 266 31 265 610 35 610 146 339 232 986 98 876 455 476 475 893 327 119 826 136 178 748 345 307 173 470 367 880 873 550 498 17 559 47 153 137 979 298 579 361 67 417 250 505 673 79 581 692 437 841 873 877 299 915 146 398 164 905 28 180 562 210 104 880 894 316 871 378 564 164 170 917 79 271 392 368 132 838 162 743 444 819 51 240 490 231 330 39 449 109 804 552 88 760 1028 926 247 35 885 550 247
596 290 616 764 469 722 286 698 154 110 426 258 461 671 531 196 0 163 282 870 854 265 95 157 922 226 234 158 788 195 182 507 138 158 223 798 144 424 495 420 740 246 171 225 951 191 229 871 401 698 788 438 411 238 199 611 282 782 499 207 660 824 28 698 788 480 191 96 543 149 175 234 188 201 462 361 669 843 753 195 715 725 55 79 196 238 301 596 517 625 173 371 369 684 406 154 628 325 606 814 197 725 782 291 761 183 524 702 211 71 896 313 151 795 161 233 342 234 177 280 352 335 701 422 257 189 123 212 828 235 209 98 196 105 251 801 426 167 228 197 643 334 258 121 780 323 238 739 175 353 386 217 348 642 226 473 263 321 137 972 277 758 303 425 531 733 220 301 756 315 62 664 385 294 236 412 444 786 815 597 480 179 651 186 204 264 850 192 396 462 132 260 169 579 734 166 654 654 294 701 782 793 108 808 218 285 102 888 181 141 476 162 146 749 800 405 798 494 580 98 220 884 217 219 571 310 178 754 66 695 543 753 247 47 613 186 162 185 261 214 687 513 154 670 870 899 129 164 735 633 428
433 293 647 616 544 721 310 577 274 232 545 113 488 542 372 339 163 0 303 790 691 381 233 258 833 286 386 98 657 329 236 560 95 267 365 671 302 262 340 453 619 308 306 233 879 243 170 777 356 694 651 292 267 334 351 459 216 653 534 365 516 742 186 565 654 528 69 239 394 285 289 161 264 261 305 464 567 770 614 336 553 564 193 156 243 388 312 473 629 481 304 356 494 526 258 232 481 316 682 681 209 619 668 409 626 333 458 550 299 218 848 446 311 674 251 361 378 263 292 130 368 256 569 482 270 250 140 307 716 357 350 248 312 266 237 683 264 243 144 348 508 423 102 187 647 189 102 593 332 195 447 365 389 605 372 319 349 288 139 883 397 607 341 340 522 571 136 420 633 431 161 535 385 272 298 322 462 649 699 575 416 323 662 341 275 356 693 305 240 498 272 102 154 581 713 326 649 558 145 542 645 660 149 662 295 167 183 800 331 298 356 186 253 593 661 440 672 538 533 182 280 784 329 197 669 242 262 622 227 591 569 634 389 148 653 193 221 338 115 311 538 428 268 537 708 803 114 312 573 638 535
622 34 346 666 257 441 8 532 187 201 320 409 187 526 612 250 282 303 0 626 860 203 227 158 688 78 306 380 635 223 101 258 366 168 259 637 290 487 462 150 569 76 222 70 697 93 461 645 163 416 655 568 549 143 287 542 513 627 232 317 559 585 303 559 645 225 252 236 475 222 452 172 114 91 553 227 471 594 624 245 705 708 239 204 475 300 24 445 381 528 213 104 293 642 369 136 543 591 389 664 96 527 593 222 622 272 288 622 125 342 625 281 302 619 144 221 76 48 177 419 71 557 561 185 33 100 177 138 633 207 251 360 181 297 76 620 499 127 191 282 516 172 313 161 634 287 403 635 300 372 156 279 88 371 278 441 127 101 171 736 219 670 583 242 250 739 194 230 588 230 221 520 105 75 77 241 165 653 629 319 249 249 371 291 100 141 781 467 499 195 230 319 149 298 453 310 372 445 310 662 645 646 375 699 105 242 180 655 269 376 346 127 169 687 669 137 633 235 318 185 81 668 176 111 398 158 127 607 310 497 269 578 272 322 350 112 441 283 410 142 600 307 177 534 866 675 195 257 716 352 290
738 601 534 490 697 400 626 308 812 819 855 833 548 363 827 875 870 790 626 0 818 811 844 782 78 703 928 888 339 848 717 618 885 793 880 317 914 750 597 577 288 698 848 656 97 710 950 87 472 386 397 882 882 761 912 535 985 331 561 942 466 50 896 376 369 603 723 854 535 847 1044 643 739 714 816 782 247 41 405 870 701 689 843 793 1029 921 601 372 857 475 838 522 862 612 596 754 501 1101 722 353 680 218 228 821 377 897 346 524 750 939 182 877 926 269 767 839 616 665 803 824 576 1005 372 646 634 721 746 762 206 825 874 963 805 916 624 252 768 748 655 907 410 737 713 762 360 616 844 468 926 671 658 902 622 286 900 598 736 552 733 115 823 517 1131 452 426 750 664 824 293 817 812 367 531 583 702 468 535 398 236 356 390 875 455 917 726 749 608 1061 811 574 854 718 700 437 313 935 392 240 671 623 386 357 927 473 729 624 781 57 895 990 457 713 792 582 408 588 305 592 312 785 707 131 797 651 814 562 752 354 917 232 524 274 890 894 573 688 1002 909 832 766 503 363 802 385 799 105 744 883 690 433 809
259 828 1089 328 1104 1057 867 523 941 908 1176 612 972 475 347 1016 854 691 860 818 0 1029 916 915 794 899 1069 730 480 999 863 1073 746 927 1039 504 991 431 398 962 532 915 980 815 906 864 718 742 760 1028 423 469 495 969 1035 342 703 488 1019 1052 376 780 876 452 451 1039 679 924 396 962 947 705 900 884 410 1084 616 833 413 1012 157 156 880 832 857 1069 849 516 1241 386 975 821 1139 236 492 880 361 812 1217 471 811 615 590 1056 441 1016 730 305 935 904 984 1106 1001 550 903 1023 923 852 952 588 884 674 455 1028 834 878 795 948 617 1015 1025 933 970 957 789 567 432 887 693 1032 441 1030 603 846 459 579 634 351 1020 512 1008 1045 936 876 1051 419 970 769 784 827 1047 301 898 659 912 123 695 1066 525 1072 843 475 863 787 908 649 941 422 585 907 725 1002 1050 1027 902 982 226 959 472 997 953 600 772 974 993 1015 999 647 579 217 433 463 810 351 921 628 851 780 1014 985 544 815 916 238 414 958 515 1041 814 852 896 709 981 770 1252 703 905 464 919 615 1022 545 1062 834 1116 801 855 1023 609 953 330 663 932 452 33 744 768 994 150 1018 1150
779 236 413 862 225 552 199 735 112 157 164 494 288 727 744 94 265 381 203 811 1029 0 170 123 878 137 127 416 837 77 166 287 397 115 82 840 169 623 636 248 772 128 99 220 873 165 493 838 364 535 856 673 648 63 127 729 546 829 306 155 754 774 267 760 847 271 362 170 660 119 380 325 130 147 679 99 673 777 824 92 878 883 210 227 446 118 225 646 253 722 94 299 113 824 540 154 735 584 354 866 219 728 795 28 823 123 486 813 95 287 783 79 175 821 131 41 195 187 91 512 236 598 762 208 213 151 246 82 834 32 86 287 70 204 252 823 631 144 336 123 716 95 438 195 837 451 479 831 157 520 176 107 190 537 100 614 77 302 253 924 17 864 544 443 398 907 335 39 791 51 228 721 281 273 131 441 287 854 831 474 449 107 470 140 129 63 972 391 616 273 137 443 259 421 591 174 496 645 453 843 846 848 372 897 111 402 198 845 122 273 542 216 128 875 870 234 836 287 499 200 138 864 52 262 307 347 126 810 245 699 355 781 82 311 397 229 413 132 496 77 793 509 115 735 1039 869 274 126 892 463 163
659 245 540 795 380 658 229 705 61 26 331 340 391 685 605 106 95 233 227 844 916 170 0 74 902 156 154 250 801 101 128 424 231 71 133 808 81 492 539 349 745 172 76 188 919 135 324 855 372 635 808 521 495 149 119 648 377 794 424 138 688 801 99 714 804 400 237 10 578 55 232 243 116 136 538 267 663 815 773 104 771 779 43 84 281 155 250 606 422 654 78 327 274 730 445 92 661 416 516 828 166 719 781 195 778 101 499 737 128 127 852 220 93 799 85 139 273 182 84 360 293 429 717 340 211 127 128 126 825 139 118 137 102 72 222 804 496 100 245 116 662 244 313 88 795 356 323 768 107 405 303 132 276 597 139 517 176 292 141 951 182 792 384 417 475 793 240 206 763 220 73 677 331 261 164 408 377 806 816 545 456 91 582 111 132 175 891 247 473 387 40 316 167 516 678 107 592 643 340 749 800 808 203 836 140 311 73 868 98 149 489 137 62 791 820 333 806 415 542 70 151 872 123 203 477 303 103 769 88 690 470 757 157 142 533 162 247 107 342 126 720 500 64 687 929 884 151 79 788 567 333
662 181 466 769 312 583 160 662 32 50 287 370 316 647 622 108 157 258 158 782 915 123 74 0 843 83 167 298 761 86 68 352 280 13 127 767 132 502 527 274 702 98 73 134 854 74 377 797 312 561 773 549 525 82 140 628 431 754 350 168 661 740 168 678 767 327 241 82 558 66 307 218 44 68 556 211 613 751 740 104 766 773 102 105 351 164 182 566 373 628 66 261 236 717 431 37 637 482 450 789 120 669 733 151 742 122 440 715 55 200 782 193 144 754 16 108 199 117 37 388 221 482 681 267 148 61 124 56 776 102 115 211 56 141 170 757 509 36 225 135 629 178 318 72 758 341 356 740 146 404 230 140 202 528 143 505 106 236 132 891 139 768 456 370 402 793 222 162 720 174 108 640 261 204 90 363 303 771 768 474 399 101 507 140 59 108 872 321 493 313 72 323 144 442 605 153 519 590 337 736 765 770 264 807 66 292 75 809 119 220 454 103 12 773 786 258 764 341 476 77 79 818 71 163 420 260 31 731 162 640 396 713 149 203 460 123 317 133 373 58 697 448 21 652 926 827 152 104 782 493 280
739 662 612 469 772 477 689 309 874 878 928 867 621 364 836 938 922 833 688 78 794 878 902 843 0 766 993 929 315 912 777 694 928 854 945 291 975 769 612 648 280 762 910 714 119 770 988 60 531 465 371 900 903 826 976 536 1020 308 636 1006 461 105 949 369 344 678 767 912 546 908 1095 692 800 776 831 854 271 119 386 933 688 675 899 847 1074 986 664 389 933 476 901 585 933 601 623 813 500 1138 799 323 737 228 215 889 357 960 403 511 813 992 245 946 987 247 827 905 683 726 865 856 642 1036 365 719 695 782 799 826 178 891 939 1017 869 974 681 230 787 808 703 970 412 807 750 819 336 652 880 450 988 700 730 967 690 361 965 616 803 610 786 51 891 496 1174 499 499 737 711 893 280 886 866 368 598 641 765 514 607 373 210 431 446 938 533 980 788 816 576 1112 832 647 915 755 753 513 391 996 470 275 707 611 362 332 973 444 793 666 837 34 958 1047 488 769 853 563 380 659 280 667 380 841 769 85 862 705 891 612 813 337 972 250 600 264 956 944 651 743 1048 971 866 830 493 410 863 384 773 50 795 945 675 511 883
652 106 391 725 259 502 78 602 111 130 279 398 237 592 627 173 226 286 78 703 899 137 156 83 766 0 230 347 704 146 50 284 331 92 183 708 214 504 503 195 640 22 144 84 774 43 429 722 239 479 721 570 547 74 209 593 482 696 274 239 617 663 242 625 712 256 250 164 524 145 387 194 41 26 565 189 546 672 688 168 745 750 176 156 422 224 102 511 353 585 135 182 241 689 407 72 598 547 397 732 89 601 667 161 688 194 365 677 48 279 699 216 225 691 71 147 117 50 99 412 137 530 627 201 78 38 147 62 708 135 174 292 104 224 116 693 513 60 208 204 579 140 321 111 702 319 388 695 222 395 165 202 122 446 202 481 71 169 147 814 154 727 529 309 319 776 208 170 659 174 168 586 178 138 12 306 221 719 703 391 326 171 427 214 24 83 835 402 506 236 155 327 140 360 522 233 436 520 329 708 711 714 328 760 28 270 126 732 191 303 405 100 95 739 734 180 704 269 395 130 6 745 101 129 385 210 53 675 243 572 317 650 198 270 388 103 388 205 400 67 656 381 101 599 907 753 172 179 759 412 259
813 336 538 935 342 679 305 828 136 162 231 490 415 814 759 59 234 386 306 928 1069 127 154 167 993 230 0 391 928 84 234 411 371 154 48 933 93 646 689 375 867 231 95 299 994 238 456 951 468 662 941 671 644 168 35 793 505 920 432 38 828 889 223 845 934 397 390 147 723 109 290 383 202 226 691 209 775 895 907 64 923 931 193 237 377 10 330 733 323 794 102 409 171 879 593 205 803 517 460 956 287 831 896 132 909 53 594 881 182 224 908 109 89 919 183 91 316 276 135 511 353 559 848 334 306 224 276 168 937 105 55 211 126 136 335 921 650 203 388 38 796 221 466 228 925 503 472 907 63 558 303 28 313 660 29 666 194 397 288 1041 122 935 462 535 523 947 385 136 885 152 227 807 397 366 229 529 413 939 931 598 555 68 597 48 211 183 1037 298 626 400 116 470 308 548 718 78 623 750 492 898 932 937 328 974 202 456 219 960 56 178 622 269 162 938 954 360 930 413 617 218 228 974 131 330 393 427 191 898 186 801 482 877 46 273 520 290 347 49 493 164 863 610 147 819 1082 982 302 75 940 591 252
475 375 726 692 604 810 386 668 304 259 580 118 567 630 392 354 158 98 380 888 730 416 250 298 929 347 391 0 745 351 297 630 19 303 381 759 299 302 412 529 710 369 326 311 977 305 82 874 450 783 734 288 260 380 356 533 135 741 611 362 596 839 168 652 739 599 166 253 472 305 219 256 317 321 324 509 662 868 697 352 603 616 208 195 152 395 392 565 669 562 328 444 524 588 340 282 558 220 743 768 283 714 761 443 711 341 555 623 348 182 944 470 305 765 297 388 452 335 326 142 448 184 656 548 348 309 204 353 810 388 366 209 346 256 322 775 299 295 239 355 594 475 187 238 733 281 96 671 330 269 512 374 461 700 383 392 401 379 209 980 430 681 245 437 611 614 231 454 724 467 190 623 470 360 359 420 543 732 791 667 513 337 747 342 331 405 758 233 259 574 288 184 233 668 806 319 738 655 232 603 730 746 79 739 349 264 227 897 339 261 449 254 290 660 743 515 761 611 628 223 341 879 366 281 718 338 311 709 209 686 648 725 404 118 729 268 135 342 122 356 614 525 302 624 750 899 185 321 625 725 577
443 601 722 153 814 642 639 104 793 781 938 654 657 117 553 869 788 657 635 339 480 837 801 761 315 704 928 745 0 844 693 754 749 774 884 25 881 514 355 666 77 709 834 629 426 690 784 262 479 617 58 639 648 776 901 249 803 11 693 928 170 305 816 93 29 727 603 811 286 825 945 559 726 703 564 849 193 358 73 864 375 361 783 727 896 923 613 195 974 197 826 549 923 292 406 725 214 928 889 29 642 161 113 857 45 883 379 201 751 857 512 915 893 71 745 851 665 655 793 638 619 807 89 743 625 704 677 765 137 838 873 886 804 866 593 87 530 725 561 896 151 795 559 713 21 470 672 137 902 481 738 900 677 467 901 368 762 535 663 351 854 181 983 394 557 424 568 864 60 863 745 124 581 565 708 399 631 58 105 520 402 862 661 900 719 776 269 961 581 686 825 561 634 603 564 906 600 230 514 300 47 19 806 134 732 503 728 300 880 927 312 665 768 248 69 670 35 722 429 731 704 231 804 600 956 501 737 36 849 176 676 80 901 795 757 641 877 893 652 770 187 334 782 120 460 265 662 863 361 631 899
744 252 482 855 301 615 222 744 58 96 231 438 347 731 699 27 195 329 223 848 999 77 101 86 912 146 84 351 844 0 151 359 332 73 41 849 93 582 613 306 783 149 25 215 915 154 425 868 385 596 858 619 594 91 65 714 477 837 371 95 747 808 194 762 851 340 322 99 644 47 303 304 118 142 632 176 691 815 824 22 851 858 144 173 370 79 248 650 323 714 25 327 174 803 517 124 723 509 431 872 205 747 812 99 826 53 511 801 98 211 834 119 100 834 101 39 240 192 51 458 274 530 765 277 222 140 205 86 853 45 29 210 42 126 251 837 587 120 311 59 714 167 399 153 841 427 422 826 86 487 242 56 239 583 57 591 121 313 215 959 85 854 467 451 449 876 308 108 801 124 169 724 318 282 146 445 341 856 847 523 472 32 535 73 127 112 958 314 568 337 64 403 230 480 648 101 556 666 420 822 849 853 301 893 119 378 149 878 51 197 539 189 84 860 871 290 846 356 537 150 144 891 53 248 382 344 107 814 169 717 420 793 63 241 469 209 337 64 441 82 783 526 68 736 1011 899 232 49 867 525 237
613 118 436 704 309 540 105 594 100 102 320 349 280 580 583 175 182 236 101 717 863 166 128 68 777 50 234 297 693 151 0 333 281 81 192 699 198 460 470 239 634 73 141 65 792 9 379 731 246 516 706 521 499 107 208 567 432 686 319 236 596 675 202 611 700 304 203 137 497 134 350 159 37 25 520 233 545 688 673 170 711 717 137 108 377 230 123 499 398 563 133 200 277 659 374 36 574 499 448 722 54 601 665 193 675 191 374 652 72 241 725 244 210 686 52 165 160 55 100 363 171 480 614 251 84 16 96 85 707 155 180 258 113 199 101 689 469 32 170 203 563 188 276 63 690 284 338 675 213 355 215 207 167 470 209 448 115 168 97 826 184 705 485 302 351 740 169 203 651 211 122 573 206 137 63 295 261 705 700 420 332 169 468 209 41 125 810 366 460 282 138 282 94 397 555 220 473 522 288 678 697 702 281 742 61 235 80 743 188 276 388 52 77 712 719 224 696 316 414 85 45 750 120 98 434 193 44 663 209 571 361 644 211 224 435 62 344 201 350 90 633 380 89 585 873 761 122 172 726 451 304
853 276 128 828 83 281 251 652 365 402 250 667 102 667 859 380 507 560 258 618 1073 287 424 352 694 284 411 630 754 359 333 0 614 354 369 749 451 735 682 115 679 263 375 327 658 325 712 669 313 271 790 824 806 277 414 736 764 744 62 441 730 593 520 701 773 34 510 430 677 389 654 426 319 310 804 207 564 579 767 377 917 917 454 440 702 400 255 593 239 706 367 254 277 842 598 354 727 830 144 783 351 610 678 278 756 409 376 801 298 551 543 317 459 716 346 328 182 296 343 677 203 811 701 85 291 322 426 299 705 316 372 559 330 479 331 711 748 341 446 410 674 192 568 395 761 528 660 796 443 617 122 393 171 333 386 664 248 316 423 733 288 840 808 414 203 957 450 275 697 261 451 662 212 311 273 424 132 789 713 263 362 391 198 427 303 252 956 667 754 76 405 575 405 182 340 459 242 528 560 862 778 769 611 850 289 488 409 664 408 555 530 376 364 872 805 124 741 33 334 414 290 705 311 369 203 387 329 736 511 585 95 682 364 552 110 367 668 419 668 299 777 432 360 682 1073 700 448 408 924 202 203
489 362 712 700 588 799 372 670 286 241 561 134 553 634 409 335 138 95 366 885 746 397 231 280 928 331 371 19 749 332 281 614 0 285 361 763 279 316 421 515 713 353 307 298 973 289 98 873 442 772 740 306 278 362 336 542 151 745 596 342 603 837 149 656 744 584 162 233 479 285 207 249 300 305 341 490 662 864 703 333 617 629 189 178 148 375 379 568 650 568 309 434 505 599 346 265 566 229 726 773 270 714 763 424 716 321 550 632 330 164 938 450 286 768 279 369 437 321 307 158 435 202 661 532 335 293 189 335 811 369 347 191 327 237 311 777 313 278 233 335 599 457 191 221 738 283 112 679 310 276 496 355 446 692 364 401 383 369 195 979 411 690 246 434 600 628 225 435 727 449 172 627 458 350 343 417 530 738 793 658 507 318 735 323 314 387 769 222 275 559 269 189 221 657 797 299 727 653 235 615 735 751 65 747 332 262 209 895 320 244 450 240 272 670 749 501 765 596 621 206 325 879 347 270 700 332 294 714 190 686 635 728 385 99 714 255 128 323 137 338 622 522 283 629 765 899 172 302 638 713 559
674 192 470 782 311 590 169 675 20 48 279 379 322 660 632 95 158 267 168 793 927 115 71 13 854 92 154 303 774 73 81 354 285 0 114 780 122 513 540 280 715 105 60 146 865 86 382 809 324 568 786 558 534 80 127 641 435 767 354 155 674 751 167 691 780 330 252 76 571 54 302 231 54 79 566 205 626 762 753 90 778 785 103 112 350 151 192 579 366 641 52 272 227 730 444 50 650 483 448 802 133 682 746 143 755 109 452 728 57 197 791 182 133 767 29 97 205 129 25 397 229 486 694 269 160 73 135 55 788 91 102 207 46 133 183 770 520 49 238 122 642 176 329 83 771 354 364 753 134 415 232 127 207 538 130 518 106 248 144 903 130 781 454 383 410 805 235 154 732 166 114 653 270 217 98 376 310 785 781 483 410 88 513 128 69 106 885 316 503 317 62 334 157 449 613 142 526 602 349 749 778 783 266 820 72 305 83 820 106 212 467 116 13 786 799 264 777 344 486 85 88 830 63 176 415 273 41 744 158 652 400 725 136 205 462 136 316 120 381 56 710 461 9 665 939 839 163 91 794 499 274
784 289 495 895 305 634 257 783 99 133 212 473 368 771 736 27 223 365 259 880 1039 82 133 127 945 183 48 381 884 41 192 369 361 114 0 889 98 620 654 328 822 183 60 255 946 195 451 903 421 616 898 654 628 120 46 755 503 876 387 72 788 841 218 802 891 354 361 129 686 80 309 345 158 181 669 173 728 847 865 29 891 898 175 211 386 41 283 690 305 755 64 361 152 844 558 165 764 526 428 912 245 784 850 94 866 48 547 843 135 228 860 92 100 873 142 44 268 230 92 493 305 556 805 290 260 180 245 121 891 57 15 221 80 139 291 876 625 161 352 42 754 177 438 194 881 468 456 866 79 527 258 25 265 611 20 632 146 351 255 992 81 895 478 490 475 916 349 100 840 116 204 764 349 320 181 485 365 896 885 550 508 44 552 61 165 134 999 319 605 355 93 442 271 501 671 96 577 703 461 863 889 893 325 934 155 419 189 912 48 199 580 230 124 901 911 313 885 369 569 188 181 926 83 289 370 384 148 854 187 755 437 832 24 267 479 250 354 54 475 116 824 563 108 776 1051 934 272 61 907 545 226
467 604 713 178 810 628 641 105 799 788 938 671 653 129 576 874 798 671 637 317 504 840 808 767 291 708 933 759 25 849 699 749 763 780 889 0 889 534 375 663 70 712 840 634 402 695 800 238 480 604 81 660 669 779 907 271 821 21 687 934 192 283 826 110 53 722 615 818 305 831 957 568 731 707 585 849 185 336 97 869 400 386 792 736 911 928 616 203 971 218 832 549 924 317 421 731 235 945 882 40 648 147 93 859 69 889 376 226 755 868 491 918 901 48 751 855 665 659 798 655 619 826 105 740 629 709 686 769 113 842 878 896 809 875 598 64 551 731 571 902 168 795 573 721 46 483 689 162 909 498 736 905 676 455 906 386 764 539 671 327 856 205 999 398 549 448 578 866 52 865 754 136 580 569 712 404 627 82 81 510 401 868 650 906 724 778 291 974 601 682 832 576 642 594 549 913 588 222 528 324 71 41 820 156 736 515 736 276 886 937 322 673 774 273 91 668 11 717 421 739 708 206 809 607 951 507 742 56 858 166 669 68 905 806 748 648 891 899 669 775 211 334 788 136 484 241 671 869 386 620 898
733 313 574 876 394 703 291 785 103 101 310 401 434 765 673 76 144 302 290 914 991 169 81 132 975 214 93 299 881 93 198 451 279 122 98 889 0 563 619 392 825 224 77 262 987 204 363 929 444 683 889 581 554 178 60 728 413 874 461 64 769 872 131 795 885 432 314 71 659 69 212 324 176 200 605 267 741 884 854 78 848 857 111 163 289 98 314 686 403 735 86 394 250 809 525 162 742 429 522 909 243 797 859 187 859 50 572 818 172 132 912 189 12 878 148 128 322 249 118 423 350 466 798 368 280 193 209 164 903 137 87 123 124 44 297 883 566 167 326 60 743 260 388 168 876 437 382 849 31 482 333 82 322 659 92 596 208 366 223 1023 174 873 380 496 530 869 321 195 842 212 149 758 392 335 218 487 426 887 894 603 530 62 624 45 190 201 971 223 539 426 60 391 248 565 731 25 641 719 418 827 881 888 235 917 191 391 154 941 50 104 570 216 122 871 901 377 886 447 608 151 210 948 141 282 468 382 163 849 93 767 509 837 117 181 561 241 258 47 404 162 801 577 113 768 1005 958 231 43 866 613 323
173 462 790 422 744 816 494 467 524 487 780 184 643 416 125 595 424 262 487 750 431 623 492 502 769 504 646 302 514 582 460 735 316 513 620 534 563 0 161 620 504 523 560 427 847 464 304 709 448 786 487 132 135 568 611 270 307 514 693 626 346 701 445 425 500 700 261 499 230 541 521 315 495 484 74 693 503 743 452 592 302 315 454 410 439 647 484 380 856 317 557 487 736 296 165 470 303 430 873 530 415 541 567 651 473 592 490 350 531 473 859 695 572 555 492 610 560 465 539 161 532 299 430 671 456 476 379 543 614 604 606 502 558 528 410 569 18 479 298 608 370 643 185 430 498 208 207 409 593 118 642 623 573 658 630 153 574 420 371 817 640 405 501 372 629 313 297 661 513 670 418 410 528 424 515 354 613 485 588 656 461 581 779 601 501 585 466 534 67 662 530 180 366 695 781 587 746 512 177 309 486 510 381 472 521 247 432 741 590 554 302 409 501 371 492 611 539 707 582 432 500 700 572 380 883 349 497 479 488 521 713 521 644 403 807 401 432 598 181 548 348 432 516 402 449 728 350 570 324 749 762
176 431 713 280 709 712 469 307 555 527 779 308 583 256 233 632 495 340 462 597 398 636 539 527 612 503 689 412 355 613 470 682 421 540 654 375 619 161 0 569 344 518 596 419 694 471 438 552 372 682 332 290 296 575 656 122 452 355 631 677 191 548 521 265 343 648 306 548 69 580 626 312 507 490 220 687 351 593 296 628 243 247 509 456 561 687 451 225 843 159 590 429 744 191 97 491 149 576 826 373 417 384 407 662 315 637 375 211 541 557 719 714 630 395 514 634 526 456 564 289 488 452 270 633 437 485 412 555 454 625 640 587 581 591 392 408 178 496 302 652 209 633 239 461 340 186 328 262 646 145 611 663 539 540 667 22 574 373 400 659 654 269 638 277 540 277 305 672 352 677 470 250 470 389 512 263 552 330 428 552 357 620 687 650 508 586 354 642 227 607 573 238 383 606 664 644 645 364 201 210 330 352 483 328 526 235 469 584 634 635 175 425 530 254 339 564 379 651 467 471 500 541 590 375 855 305 513 320 560 365 641 361 676 488 737 408 547 645 305 560 203 310 546 241 404 570 388 615 256 656 752
739 164 197 728 149 311 144 563 295 323 283 557 42 571 744 331 420 453 150 577 962 248 349 274 648 195 375 529 666 306 239 115 515 280 328 663 392 620 569 0 593 177 316 220 631 230 611 615 204 291 698 711 693 215 368 627 663 657 81 398 627 544 438 605 682 81 399 356 566 325 581 313 235 219 689 206 481 540 672 327 805 806 371 347 616 366 143 494 307 601 306 140 285 733 483 266 621 738 257 696 246 532 601 251 663 359 288 696 223 473 535 305 402 635 264 284 79 194 276 567 89 708 606 77 183 231 326 229 633 271 326 486 269 412 220 632 633 255 333 363 574 163 455 302 671 413 552 696 392 502 82 352 73 294 347 550 185 201 321 692 257 738 724 306 153 844 338 253 612 244 361 566 99 196 186 314 42 696 637 228 265 337 233 378 218 194 853 595 639 45 339 462 299 174 343 406 250 448 445 752 686 680 520 753 208 373 319 616 357 491 422 275 286 766 712 16 657 88 270 324 201 646 253 259 296 272 246 645 436 505 122 598 331 463 200 262 582 370 559 231 673 335 287 585 963 646 345 351 813 221 239
