NAME : X-n270-k35_SARP
COMMENT : Curated from VRPLIB to SARP
TYPE : SARP
DIMENSION : 269
EDGE_WEIGHT_TYPE : EXPLICIT
EDGE_WEIGHT_FORMAT : FULL_MATRIX
EDGE_WEIGHT_SECTION
0 583 298 516 278 357 280 324 86 242 353 107 416 257 624 202 491 505 483 190 411 404 237 567 506 461 316 486 412 574 644 281 361 598 463 676 586 209 380 393 360 316 491 501 549 45 184 363 446 549 518 384 382 450 573 576 321 164 328 541 205 169 397 518 117 452 393 284 690 524 395 596 209 394 531 464 460 504 309 162 180 628 528 426 228 503 298 519 573 500 222 498 372 240 369 574 381 627 500 530 422 490 138 649 144 507 353 248 218 206 186 104 232 503 190 647 572 570 407 355 646 380 235 452 85 388 397 446 113 369 442 526 609 563 545 375 321 111 393 375 240 316 571 182 304 384 219 341 536 272 332 285 171 335 603 143 526 653 480 488 528 483 72 55 349 495 433 101 607 588 586 621 398 130 312 559 564 493 398 480 369 534 467 264 486 543 449 411 441 64 440 455 305 443 334 474 599 553 490 237 511 154 476 236 566 369 146 231 370 459 259 407 417 202 114 345 298 696 614 172 224 618 497 503 550 527 232 544 327 231 305 560 493 409 567 181 379 538 227 571 108 317 461 352 326 92 309 174 249 428 221 311 385 554 441 483 322 275 592 481 187 407 498 254 389 557 582 577 499
583 0 876 624 847 874 853 895 622 769 936 661 992 840 46 766 758 800 204 755 984 658 628 737 1082 979 898 1064 488 817 900 839 395 16 1038 93 837 763 927 892 941 299 873 84 135 552 499 942 171 817 81 958 932 458 808 40 902 457 864 907 786 732 479 137 560 1032 210 866 107 804 941 837 764 796 704 365 920 1085 301 462 405 48 705 734 797 1085 881 836 765 929 775 970 456 817 322 108 952 911 218 231 382 737 646 79 697 181 886 821 733 746 499 561 774 827 764 65 781 792 956 934 93 962 541 605 614 557 856 1018 491 947 961 734 53 797 104 845 899 626 883 295 823 886 1153 750 886 961 698 289 835 630 892 376 753 577 883 696 57 70 1049 826 1080 405 524 605 929 148 815 678 28 753 766 842 255 661 876 120 1146 635 981 891 952 789 116 804 613 782 429 982 425 530 976 228 865 1022 885 1054 43 133 915 808 135 604 1059 521 59 535 709 786 595 754 800 910 758 768 470 927 772 114 827 710 796 864 921 922 1133 184 418 877 910 361 680 803 241 839 44 688 962 836 692 24 689 900 1017 934 618 533 890 741 827 788 372 893 389 75 589 563 363 855 913 442 767 519 857 719 961 739 798 704 1080
298 876 0 725 51 318 155 43 293 168 79 260 202 69 914 198 518 506 753 198 116 484 339 630 209 245 99 243 662 586 748 85 638 891 165 969 590 221 268 362 68 592 423 795 827 336 407 68 727 553 814 188 136 641 592 866 106 427 144 468 127 212 649 797 328 156 677 46 983 527 153 603 218 355 605 690 322 211 587 422 470 920 601 562 86 216 60 616 619 509 125 460 632 140 621 856 90 717 765 791 698 640 248 944 186 779 157 159 196 250 407 361 245 601 171 940 609 599 154 58 943 99 408 661 302 612 291 238 406 71 229 579 898 585 842 268 24 260 375 636 76 172 296 192 99 86 337 637 640 368 86 538 139 468 580 244 819 946 273 460 251 694 352 271 57 793 392 199 898 646 745 633 667 282 197 839 291 600 113 513 97 553 759 136 604 682 715 214 646 346 200 751 80 204 108 179 895 831 507 168 792 303 192 483 854 526 224 217 491 480 247 363 535 192 406 87 244 990 634 260 84 614 512 521 272 798 519 499 82 516 357 578 753 455 856 302 109 524 262 865 205 78 186 64 430 346 30 199 48 410 518 45 661 851 568 711 569 25 666 679 149 647 448 257 96 722 610 662 206
516 624 725 0 734 497 599 765 459 746 733 479 701 657 667 528 989 1010 695 527 834 890 741 1043 902 948 673 769 149 1071 283 753 254 630 869 688 1086 507 580 482 760 590 1007 560 700 475 636 766 623 1051 546 670 850 834 1068 649 672 576 816 1056 598 513 163 674 612 841 590 686 694 1026 866 1094 510 909 1004 791 970 871 582 580 504 665 1002 209 695 853 686 265 1056 423 710 497 195 591 679 699 813 304 721 754 244 155 654 634 647 699 840 578 728 477 637 412 489 265 553 661 1060 1061 872 767 613 757 706 65 452 129 910 706 429 780 930 1010 675 1057 523 887 743 626 464 663 649 611 878 532 663 795 389 386 251 772 795 637 595 804 1109 484 590 664 721 999 975 830 535 571 750 475 948 588 650 1063 143 1115 651 450 585 697 869 950 774 381 740 1032 567 757 936 177 195 679 810 532 914 397 772 741 806 855 603 702 409 566 666 661 827 282 656 812 504 517 840 961 499 497 248 534 502 714 812 687 1106 465 687 1118 413 408 870 719 344 1057 698 532 813 1056 731 370 645 423 743 1045 743 600 542 690 911 749 813 570 717 526 689 940 430 708 248 551 892 61 666 701 324 849 576 129 1012 770 817 119 1072 1038 866
278 847 51 734 0 355 192 49 288 118 130 259 253 100 884 217 467 456 716 214 137 433 291 579 236 218 147 294 662 535 776 34 630 863 192 939 540 241 312 400 113 558 376 768 792 320 368 110 694 502 788 238 116 595 541 835 155 393 100 422 142 224 649 763 292 192 644 89 954 477 131 553 238 304 553 646 280 248 554 388 443 890 549 583 51 258 107 643 568 546 79 502 629 169 582 822 105 747 727 752 691 660 209 917 151 743 118 190 148 269 368 353 269 628 187 912 558 548 138 97 917 147 364 670 297 617 244 289 390 107 201 528 867 534 818 220 66 224 412 598 98 215 341 206 145 119 352 619 667 319 60 500 140 419 531 251 790 917 324 410 252 649 325 244 104 771 343 177 869 595 765 583 630 285 238 805 337 549 159 547 147 502 731 84 554 704 711 264 600 319 180 733 40 255 74 215 868 796 543 196 758 261 236 481 822 478 231 242 441 429 275 403 557 211 381 138 193 961 583 272 54 565 548 557 317 761 506 451 132 486 306 527 714 486 826 313 159 474 213 837 199 128 185 111 380 314 81 211 49 360 497 96 653 825 518 716 530 55 697 633 161 649 399 207 114 740 559 611 244
357 874 318 497 355 0 163 360 279 437 284 250 211 255 919 172 785 785 821 183 395 722 551 884 435 561 228 274 495 863 443 387 524 887 411 964 871 154 84 45 318 655 724 790 874 360 540 327 770 832 797 185 453 805 866 878 223 519 456 772 229 197 489 842 464 376 718 272 976 806 469 883 156 640 851 820 635 392 647 518 512 922 848 296 346 369 260 316 881 191 384 153 488 190 720 893 386 409 841 873 574 371 431 925 376 840 473 168 445 151 541 323 126 303 201 933 875 869 467 334 914 300 581 443 284 421 595 210 398 343 547 836 912 858 806 571 325 419 58 723 259 150 383 194 223 355 176 589 342 587 404 639 260 672 871 214 819 939 224 748 537 840 428 382 313 751 682 329 901 903 471 912 739 232 122 881 374 827 314 198 283 826 768 423 824 400 566 187 798 420 514 684 393 250 425 384 878 877 189 167 835 477 346 363 873 716 215 137 705 748 102 53 259 175 454 264 523 977 909 185 336 899 194 204 377 862 456 795 253 566 600 852 837 150 870 191 282 809 498 856 271 250 482 308 650 449 295 198 309 692 509 281 542 825 781 506 677 302 354 838 224 468 743 510 386 455 880 904 388
280 853 155 599 192 163 0 197 231 283 135 192 139 93 895 89 638 634 763 98 243 586 420 743 303 399 75 212 559 713 596 225 556 868 271 946 719 100 127 208 166 595 565 769 828 302 442 173 724 681 782 105 291 702 717 850 73 440 293 612 87 122 549 796 360 242 671 109 959 655 307 732 98 486 713 732 472 275 589 437 457 899 710 420 188 261 99 465 737 354 230 310 538 42 645 852 229 564 780 809 614 499 305 914 242 786 310 32 297 128 443 296 110 450 90 916 729 721 306 178 908 158 467 538 239 498 434 166 362 189 384 694 883 709 802 410 164 302 221 654 99 37 309 102 66 203 213 586 490 455 240 560 126 549 716 159 796 922 200 593 387 746 350 282 158 749 526 212 878 761 603 761 678 197 47 837 301 697 176 359 141 677 739 264 696 537 621 131 699 342 353 694 230 170 262 256 865 831 352 45 790 358 234 391 841 599 145 84 578 601 101 211 389 86 392 116 369 963 760 155 179 746 357 367 293 807 455 638 100 510 460 703 772 302 841 192 145 656 357 839 172 95 328 155 520 359 134 112 148 539 481 121 578 816 656 593 596 139 512 738 96 538 586 364 230 582 733 768 270
324 895 43 765 49 360 197 0 328 159 101 296 229 112 933 240 495 481 765 239 88 470 335 610 187 202 137 260 699 560 791 69 672 911 143 988 563 263 306 403 74 607 391 816 841 365 416 69 743 527 836 220 94 639 567 883 143 442 112 435 168 252 686 812 341 144 693 89 1003 502 110 577 260 329 586 693 284 201 602 437 491 938 582 605 99 213 100 659 597 550 126 500 668 183 630 871 57 760 776 800 732 683 257 966 199 791 121 202 192 292 416 394 288 644 212 960 585 574 111 55 965 110 410 702 336 651 259 264 435 62 187 559 916 561 866 237 37 272 417 647 118 212 297 233 138 72 378 665 683 361 47 548 175 462 550 283 838 966 297 432 212 695 373 291 68 818 365 223 917 625 788 607 679 320 238 853 294 586 119 556 115 528 779 122 592 725 751 244 646 367 157 779 52 224 71 167 916 845 549 211 806 309 192 520 871 521 263 260 482 458 290 404 578 234 429 114 225 1010 608 301 100 586 553 563 273 809 550 468 115 535 345 553 763 498 874 343 126 496 256 886 239 114 146 77 421 363 65 240 79 385 544 81 695 873 558 750 578 65 709 678 189 685 417 246 66 765 585 644 196
86 622 293 459 288 279 231 328 0 287 332 39 370 237 665 143 570 582 546 133 410 487 317 651 497 493 284 443 374 653 564 301 345 637 456 715 665 143 313 312 347 378 558 538 605 81 269 351 500 627 551 336 402 532 653 621 287 241 360 608 176 110 361 573 203 439 447 267 729 601 416 675 143 461 615 541 512 485 371 240 236 669 612 348 243 478 276 437 655 414 252 415 341 198 441 627 383 546 564 596 405 416 208 683 188 567 384 199 271 131 270 68 159 421 145 685 654 651 425 347 677 359 321 395 9 335 452 395 131 361 474 608 654 643 571 429 316 184 311 444 223 264 537 129 271 376 134 356 455 353 347 360 155 420 678 74 566 691 427 560 540 563 151 131 336 519 502 129 648 671 515 701 463 47 254 613 530 578 378 394 345 613 510 299 571 467 423 360 522 144 464 467 323 401 355 459 634 608 404 186 566 234 451 193 613 454 86 165 456 537 186 327 336 146 175 319 356 732 694 95 237 696 411 417 519 588 229 616 301 290 383 640 560 324 612 96 354 614 295 608 89 291 473 337 409 177 297 120 249 500 250 294 368 585 527 434 398 269 509 563 153 363 567 319 389 487 663 662 480
242 769 168 746 118 437 283 159 287 0 247 271 367 195 803 274 357 351 622 267 236 316 177 465 335 222 257 411 652 430 828 90 603 785 291 859 436 298 409 481 230 472 289 693 701 287 274 226 608 398 716 349 164 481 435 752 264 312 95 339 208 266 638 673 209 300 561 197 874 372 172 449 295 204 438 539 225 357 469 306 376 809 434 621 96 371 217 695 457 622 53 589 614 249 484 733 205 803 630 653 663 694 124 843 100 649 119 269 37 319 274 338 329 680 242 833 448 439 188 212 845 264 256 681 293 621 169 403 353 221 203 415 783 427 752 145 184 149 491 503 185 313 456 256 251 230 387 568 717 203 133 405 182 303 434 279 713 838 439 311 311 538 264 192 221 709 245 158 789 482 797 478 538 302 331 715 452 432 276 617 265 394 653 39 436 743 691 376 489 261 209 681 110 372 120 323 794 705 616 270 669 166 350 473 738 362 262 307 324 319 343 488 601 270 321 254 86 883 477 309 105 463 622 631 431 666 472 359 246 411 189 420 616 550 743 344 277 373 97 761 210 240 250 229 263 243 197 257 142 256 443 210 626 755 401 719 432 164 758 520 216 645 307 89 215 770 451 495 353
353 936 79 733 130 284 135 101 332 247 0 294 128 97 976 209 594 581 822 213 111 563 417 708 171 287 60 164 685 660 726 162 673 951 136 1029 663 227 219 325 35 658 492 854 894 387 479 44 793 627 871 123 182 719 667 928 63 494 212 534 156 233 674 863 399 110 741 70 1043 602 196 677 224 429 683 765 382 153 653 490 531 980 679 555 163 150 56 596 696 471 203 414 660 144 693 922 105 692 835 861 732 634 323 1002 258 847 220 155 276 257 479 400 243 582 192 1000 685 674 191 54 999 27 485 671 340 628 360 164 454 60 275 657 961 660 896 338 66 331 341 706 113 134 222 212 70 71 345 685 621 447 146 608 183 547 651 270 878 1006 197 532 254 771 414 335 34 845 465 260 959 723 738 707 735 310 163 905 217 679 47 482 18 628 820 214 683 671 743 144 723 407 237 797 151 125 171 128 952 897 471 168 857 378 123 512 917 604 251 216 570 556 236 323 524 203 465 20 322 1049 708 277 158 687 476 486 200 866 561 569 35 579 436 653 824 430 918 318 30 596 341 924 250 43 199 26 509 412 52 220 118 485 571 44 695 906 647 725 641 90 638 757 178 667 518 336 103 717 685 740 148
107 661 260 479 259 250 192 296 39 271 294 0 331 201 704 105 574 583 581 94 376 496 324 660 461 469 246 404 403 656 565 275 380 676 421 754 667 106 277 286 311 413 550 577 642 115 291 316 537 629 590 297 374 556 657 659 248 270 337 601 139 71 390 609 219 402 484 231 767 602 389 678 106 455 625 570 496 447 406 268 271 708 622 352 217 440 239 435 662 397 231 392 373 159 473 664 350 544 599 630 440 424 208 722 177 602 361 160 260 99 292 106 126 419 106 724 660 656 397 312 716 322 337 415 47 359 439 357 170 326 451 616 692 647 610 415 282 188 286 477 188 225 498 90 233 342 125 395 455 360 319 390 122 434 677 37 604 730 389 557 509 590 178 140 300 557 497 116 686 680 526 704 497 32 216 650 491 592 341 380 308 617 548 279 586 474 455 321 548 170 437 505 295 362 329 422 673 645 388 147 602 243 413 223 651 472 48 129 469 540 153 300 336 107 209 281 346 771 699 65 209 697 395 402 480 624 267 612 263 325 385 643 593 310 650 81 316 613 292 646 63 253 442 301 419 199 261 81 217 498 289 258 403 624 542 458 428 235 504 589 116 390 562 313 356 499 667 674 442
416 992 202 701 253 211 139 229 370 367 128 331 0 182 1034 227 720 707 899 237 221 682 528 831 232 408 113 74 680 787 648 286 687 1007 218 1085 791 234 128 242 159 732 620 908 966 441 570 167 862 754 921 35 307 822 793 989 107 573 340 662 214 260 671 934 487 180 809 171 1098 729 321 804 232 556 805 860 509 184 726 570 595 1038 801 505 275 159 151 525 821 379 318 310 663 177 778 990 226 611 915 944 743 582 422 1053 356 923 348 171 391 257 570 434 233 512 228 1055 810 800 313 180 1047 126 587 644 378 613 488 36 501 182 398 781 1022 787 940 466 193 424 260 788 197 107 180 241 123 187 334 723 551 560 275 692 253 658 779 297 935 1061 72 660 349 870 485 413 161 887 593 339 1017 848 682 834 813 334 125 975 171 798 130 398 115 754 878 337 800 611 746 25 823 478 357 830 278 40 299 182 1004 969 382 184 927 477 137 521 980 713 283 213 684 682 214 234 470 224 530 115 446 1102 835 289 268 814 385 395 169 943 592 697 121 647 555 779 906 359 980 322 106 724 456 977 308 127 307 153 624 491 172 251 227 612 620 157 709 954 762 704 728 203 554 859 230 657 646 455 221 666 811 862 180
257 840 69 657 100 255 93 112 237 195 97 201 182 0 880 130 552 545 730 130 178 506 347 659 260 312 68 240 599 624 680 132 580 855 220 933 630 152 216 300 110 565 472 757 801 291 392 115 698 592 774 158 204 641 629 832 75 402 200 519 62 146 587 769 310 202 646 30 947 566 220 643 149 395 631 681 380 249 559 398 435 885 627 493 100 246 41 548 652 446 143 403 571 72 603 827 156 650 744 771 640 571 241 905 175 755 218 91 214 181 392 305 176 533 104 904 643 634 223 112 902 124 405 594 246 546 342 217 358 126 296 610 865 622 799 318 86 244 313 615 17 119 315 125 59 142 269 589 572 380 151 518 87 477 625 180 782 909 253 503 318 690 319 241 99 748 435 166 863 677 676 673 643 220 139 811 309 619 143 448 112 589 724 173 621 613 654 186 642 312 268 702 138 197 171 222 856 804 443 99 764 296 219 422 821 532 161 148 504 514 179 304 466 123 370 88 280 952 672 193 91 656 448 458 294 774 466 546 72 484 378 615 734 388 823 235 122 566 277 827 154 62 254 100 444 319 61 133 55 449 474 57 603 810 582 645 553 48 599 678 85 583 494 280 160 653 646 687 244
624 46 914 667 884 919 895 933 665 803 976 704 1034 880 0 809 775 818 216 798 1021 678 657 747 1120 1010 940 1106 533 831 944 876 441 37 1076 57 850 807 971 938 980 331 896 129 136 594 531 982 198 833 127 1001 967 469 821 51 944 493 898 928 828 775 524 148 596 1071 242 906 72 821 975 850 808 821 716 374 948 1124 334 498 445 8 717 780 834 1125 921 882 776 976 812 1016 502 859 345 102 990 956 225 232 427 783 682 73 734 189 920 863 767 790 532 605 818 873 806 39 793 805 991 972 97 1002 570 650 658 603 884 1061 534 985 993 747 28 811 145 874 938 662 928 319 864 929 1194 793 927 1000 743 335 881 657 928 405 794 599 898 739 100 43 1093 847 1114 412 563 644 969 193 838 717 19 762 810 854 279 705 919 119 1187 647 1021 938 992 804 156 839 625 827 472 1025 437 569 1010 273 901 1064 921 1093 68 133 961 850 148 637 1099 567 68 554 751 829 615 774 844 955 805 811 510 968 803 84 838 754 834 877 968 968 1174 187 464 896 951 398 707 817 248 885 60 733 1002 853 724 68 730 941 1052 973 641 570 930 784 866 810 415 933 435 116 604 607 389 894 959 449 808 564 878 751 999 783 810 711 1119
202 766 198 528 217 172 89 240 143 274 209 105 227 130 809 0 615 617 683 12 306 550 379 712 380 435 153 301 476 694 561 244 469 780 343 859 702 24 179 214 233 515 564 682 746 218 376 239 641 664 694 193 330 641 697 764 154 365 312 613 75 34 465 713 297 319 588 158 872 637 346 715 21 476 679 663 488 358 508 363 374 812 676 366 192 347 159 427 710 349 224 324 452 65 570 769 285 533 701 731 527 443 259 826 205 705 334 59 277 52 377 207 54 412 33 828 705 698 350 239 819 235 412 465 151 420 440 252 274 252 418 665 797 688 713 415 216 248 221 577 123 121 398 22 141 268 139 496 451 415 275 486 93 501 705 70 709 834 284 583 447 680 274 216 223 660 518 157 791 731 548 743 598 108 112 754 390 655 254 342 219 656 653 267 652 486 536 217 636 266 395 605 257 260 291 336 777 749 343 45 707 306 319 305 755 546 58 35 533 579 71 225 340 6 311 193 359 876 739 68 182 731 349 357 382 726 366 632 175 428 429 683 694 276 755 108 225 643 328 751 102 166 384 222 478 288 189 28 169 525 394 180 491 727 610 517 523 175 485 675 59 458 581 341 289 525 710 732 353
491 758 518 989 467 785 638 495 570 357 594 574 720 552 775 615 0 45 560 605 545 107 254 118 626 399 612 756 862 83 1134 433 778 773 591 831 97 636 765 829 569 492 162 710 643 523 356 564 590 64 741 704 444 315 83 727 619 419 387 170 558 598 845 628 380 615 565 552 846 46 439 106 634 169 107 409 279 668 495 414 499 783 103 916 452 690 571 1007 102 962 409 938 814 602 438 679 521 1116 554 558 829 980 366 838 411 587 388 622 342 651 355 590 667 992 585 813 91 83 455 550 850 606 285 928 573 860 254 756 559 553 393 69 749 73 790 268 528 387 836 466 542 669 777 594 607 557 699 686 1025 220 454 411 525 198 129 597 715 818 790 96 536 380 455 440 564 768 142 465 768 131 1074 130 506 605 686 660 776 151 613 951 610 43 666 383 171 1033 873 731 344 459 436 778 444 719 430 635 797 646 955 620 627 337 676 709 708 225 586 650 169 38 686 838 906 611 487 605 274 859 125 630 461 129 961 969 752 594 653 126 599 493 189 69 532 881 720 655 622 78 288 762 526 594 506 572 177 420 548 593 498 113 582 562 797 780 175 946 407 519 1078 345 561 867 131 276 530 1044 95 162 665
505 800 506 1010 456 785 634 481 582 351 581 583 707 545 818 617 45 0 602 607 524 143 270 150 601 369 602 740 886 80 1146 422 806 815 568 873 86 639 760 829 554 529 123 750 686 540 383 548 631 47 780 694 423 359 86 769 610 447 370 126 556 601 870 670 398 594 604 543 888 21 416 98 636 152 147 453 246 645 532 441 528 825 143 930 446 669 562 1018 126 965 404 937 840 598 479 722 502 1127 597 601 858 995 375 879 414 630 368 619 340 655 381 607 670 1002 586 855 110 96 431 534 891 590 312 949 585 881 230 743 581 536 364 106 791 81 829 247 515 398 837 507 536 663 755 596 598 539 708 718 1037 239 437 447 526 232 99 603 756 860 777 58 505 425 475 453 549 805 117 471 810 159 1091 128 546 615 681 703 755 195 596 956 596 50 706 373 215 1048 901 720 387 478 409 813 430 705 413 613 838 689 958 619 669 352 656 729 750 265 591 651 207 50 688 837 918 613 511 592 265 902 128 636 455 115 965 973 730 637 679 81 588 525 200 73 575 887 761 664 607 37 292 803 532 583 480 557 205 440 536 595 490 96 610 551 826 820 219 969 445 509 1087 390 561 891 90 276 511 1061 106 198 642
483 204 753 695 716 821 763 765 546 622 822 581 899 730 216 683 560 602 0 671 851 464 461 533 951 817 794 966 547 616 947 702 442 217 907 271 635 687 858 848 820 168 684 183 85 466 349 820 74 617 214 867 785 254 606 169 800 328 714 715 685 649 534 68 425 907 111 753 286 606 792 635 687 614 501 161 744 963 175 332 310 224 502 752 668 968 769 859 562 916 639 941 504 723 140 121 819 949 25 59 457 776 508 281 567 29 734 731 585 677 349 498 705 847 673 254 578 590 808 810 297 847 373 659 539 598 683 929 423 821 800 532 189 595 266 675 775 493 842 119 713 799 1044 664 783 835 651 310 864 456 752 217 648 388 682 618 173 258 963 633 929 202 414 488 809 271 628 564 209 549 829 639 86 591 795 101 1038 432 864 883 839 588 149 659 410 827 510 894 222 421 822 325 726 923 742 930 246 89 903 720 69 457 943 510 149 340 626 710 401 559 732 864 767 684 372 817 608 299 624 640 669 662 910 912 1022 45 400 682 801 256 503 601 42 821 162 629 850 638 534 213 591 791 871 815 432 410 772 656 706 599 321 778 447 245 388 636 190 735 939 238 669 572 665 558 828 799 595 500 958
190 755 198 527 214 183 98 239 133 267 213 94 237 130 798 12 605 607 671 0 308 539 367 702 384 432 159 310 472 684 566 239 462 770 346 848 693 31 191 225 236 504 556 671 734 207 364 242 630 655 684 203 328 629 687 753 160 353 308 605 72 23 461 702 285 323 577 159 862 628 344 705 29 467 669 651 482 363 497 351 363 802 665 368 186 353 162 433 699 358 217 334 447 70 559 758 286 539 689 719 521 446 248 816 195 694 329 67 268 55 365 198 63 417 28 818 694 688 348 241 810 240 400 464 141 417 433 262 264 254 415 654 787 678 704 408 216 236 231 565 122 131 406 11 146 270 139 487 456 404 273 474 85 490 697 61 699 824 295 574 448 668 262 204 226 651 509 146 781 720 551 733 587 100 123 743 399 644 259 350 224 646 642 261 641 490 530 227 624 254 393 596 254 269 288 341 767 737 351 53 695 295 326 299 745 535 47 46 522 569 82 236 344 13 299 197 351 866 729 64 177 722 358 366 390 715 358 624 179 417 419 673 682 284 744 106 231 634 318 741 90 170 384 225 467 276 190 16 166 516 383 183 484 718 598 515 511 174 492 663 54 454 573 332 290 527 700 721 358
411 984 116 834 137 395 243 88 410 236 111 376 221 178 1021 306 545 524 851 308 0 533 412 662 100 190 169 226 777 602 836 149 754 1000 56 1076 602 327 327 435 78 694 421 904 928 451 502 70 831 568 924 226 102 716 610 972 173 530 162 459 240 324 764 899 428 70 781 148 1091 545 110 616 324 376 642 774 301 125 690 525 580 1027 638 663 187 145 148 706 646 581 212 522 748 243 716 958 32 803 861 885 815 741 343 1054 288 878 157 258 271 357 502 477 347 692 283 1048 632 620 98 67 1053 98 492 771 418 724 295 251 521 54 182 611 1004 605 954 277 94 360 452 733 189 245 232 304 177 41 445 752 732 436 103 634 255 535 582 358 927 1054 278 471 144 774 461 380 85 906 407 311 1006 676 846 646 766 397 274 941 231 650 91 593 113 574 867 197 657 780 831 242 725 455 138 865 126 201 121 91 1004 932 582 269 894 394 132 599 959 596 338 319 552 508 343 433 632 300 517 131 287 1098 650 371 189 622 586 596 207 896 635 499 143 623 413 597 848 541 962 413 118 534 333 974 322 148 88 89 492 451 117 311 163 432 631 126 777 962 626 823 664 141 749 755 263 761 451 318 23 824 630 700 121
404 658 484 890 433 722 586 470 487 316 563 496 682 506 678 550 107 143 464 539 533 0 173 164 623 419 571 727 760 184 1047 402 674 674 584 734 201 569 711 764 543 386 225 607 548 432 254 538 489 171 637 663 437 232 180 629 578 316 371 252 501 528 743 530 288 602 461 512 749 151 436 207 567 180 130 321 313 658 389 311 395 685 127 828 408 677 532 923 169 890 364 874 712 546 337 584 506 1031 460 467 724 889 292 738 347 491 379 565 292 580 253 499 599 907 522 715 171 172 453 525 750 579 183 830 488 761 267 719 462 531 408 122 652 168 686 272 498 308 770 364 493 619 763 528 564 537 619 580 940 136 434 304 465 91 236 522 613 720 754 170 552 299 360 357 536 662 177 394 669 184 980 226 404 525 632 565 761 117 589 876 580 146 563 349 125 943 768 690 256 365 445 671 418 688 413 624 696 551 882 562 529 253 659 612 610 124 514 585 64 96 621 774 821 547 387 570 246 762 216 556 416 233 889 896 738 500 551 219 562 387 127 169 438 806 621 577 592 180 229 661 454 555 511 543 79 325 513 525 456 144 477 526 693 677 101 845 302 480 996 267 500 766 203 227 515 950 183 183 654
237 628 339 741 291 551 420 335 317 177 417 324 528 347 657 379 254 270 461 367 412 173 0 337 510 355 415 580 622 337 881 266 548 644 467 715 349 397 544 592 404 330 278 560 545 271 137 401 460 313 587 505 332 305 337 607 422 197 260 324 334 356 605 519 129 477 418 358 730 287 336 360 395 183 302 364 294 534 329 191 278 664 299 663 255 547 378 754 338 718 214 702 576 379 322 578 382 863 467 486 604 726 120 705 178 490 277 397 143 408 136 337 427 739 351 691 337 334 353 388 712 437 88 680 319 612 229 564 313 397 339 292 635 326 629 217 357 136 597 344 333 455 632 356 406 407 448 477 772 37 309 252 297 130 369 349 575 696 600 259 471 362 206 187 394 593 215 222 645 356 821 384 382 354 466 559 628 277 450 703 435 297 517 215 276 779 642 533 313 209 362 583 287 539 294 500 658 548 710 393 516 83 526 460 590 187 341 414 158 223 449 603 653 376 247 421 147 740 377 383 261 381 716 724 607 505 417 317 410 292 72 323 450 633 598 405 447 304 80 624 282 402 416 402 100 171 366 353 302 201 359 377 569 627 236 702 272 329 826 343 331 624 276 98 391 792 345 354 530
567 737 630 1043 579 884 743 610 651 465 708 660 831 659 747 712 118 150 533 702 662 164 337 0 744 517 722 870 908 103 1210 546 816 750 709 800 119 732 869 927 684 502 273 700 611 594 408 679 577 125 732 814 562 279 90 702 729 467 503 269 660 691 891 601 451 732 562 662 814 135 557 113 729 287 39 373 395 786 506 463 541 755 40 991 560 807 682 1086 33 1054 517 1036 859 705 432 646 638 1194 522 519 863 1050 456 814 508 558 505 724 446 744 407 661 762 1071 683 786 54 71 573 665 830 720 340 985 652 915 373 868 620 669 511 51 719 84 783 386 642 473 932 459 648 775 895 690 716 673 783 711 1103 300 569 427 625 239 172 686 700 790 903 208 654 336 520 521 678 769 260 557 742 21 1138 108 495 690 790 628 893 104 728 1040 724 103 657 494 125 1104 909 841 312 526 554 791 558 833 546 753 778 614 1046 722 602 418 793 769 682 235 678 747 203 154 783 936 984 709 542 717 386 829 92 720 569 137 1053 1060 870 560 700 218 711 523 284 94 499 970 695 741 736 163 387 744 618 705 625 686 242 486 660 688 607 232 620 674 834 769 158 995 412 629 1160 299 661 917 240 380 647 1108 70 51 782
506 1082 209 902 236 435 303 187 497 335 171 461 232 260 1120 380 626 601 951 384 100 623 510 744 0 240 229 204 856 676 877 249 841 1098 45 1175 674 398 357 470 150 794 490 1002 1028 545 602 146 931 642 1022 251 186 813 685 1071 230 629 255 521 322 403 845 999 528 61 880 230 1190 620 188 688 395 458 727 873 363 58 790 624 678 1126 723 719 286 90 223 751 725 610 312 542 830 315 816 1058 132 841 962 985 901 798 444 1152 387 978 245 326 371 428 602 565 413 738 361 1147 710 697 172 151 1151 146 591 841 506 799 372 251 614 138 240 694 1103 681 1050 358 185 460 488 833 274 294 164 382 240 122 515 845 777 532 201 734 343 631 649 439 1025 1153 267 545 131 872 559 478 161 1002 484 407 1105 756 901 718 866 479 322 1041 166 739 128 628 162 651 966 296 748 832 913 257 823 553 193 959 226 199 217 51 1102 1032 613 339 994 494 99 681 1058 692 420 386 647 590 404 464 686 374 614 188 380 1196 723 447 287 691 616 627 141 996 725 566 206 722 506 672 948 584 1062 488 159 606 431 1072 411 214 123 160 587 550 200 390 257 512 727 204 864 1059 719 896 764 232 785 852 345 838 521 415 123 882 706 785 59
461 979 245 948 218 561 399 202 493 222 287 469 408 312 1010 435 399 369 817 432 190 419 355 517 240 0 336 415 866 441 992 195 822 995 216 1067 438 459 504 605 252 680 252 907 900 506 480 244 813 407 931 410 108 634 451 959 342 527 134 281 360 441 852 874 427 250 769 291 1082 388 93 452 456 240 505 709 125 292 678 521 596 1017 501 800 253 320 301 859 495 752 242 699 830 383 677 933 183 962 822 839 883 878 345 1055 318 845 109 403 253 487 480 552 486 844 404 1042 479 464 96 233 1059 282 444 884 501 828 151 440 573 228 19 468 989 448 969 148 236 371 619 699 314 413 402 424 339 222 569 789 883 363 161 606 355 451 410 466 924 1048 467 312 137 699 486 413 254 928 257 368 997 527 982 481 737 498 439 914 404 528 279 758 295 419 865 197 541 922 909 428 651 483 52 902 178 391 144 265 1006 903 751 411 870 378 315 685 944 512 446 459 456 367 490 605 775 429 543 306 208 1092 487 489 261 453 755 765 379 860 692 327 312 627 323 439 804 699 950 530 303 370 287 973 407 313 118 261 403 463 266 429 266 289 665 281 846 971 519 927 627 263 911 673 379 857 285 260 188 958 473 561 290
316 898 99 673 147 228 75 137 284 257 60 246 113 68 940 153 612 602 794 159 169 571 415 722 229 336 0 173 629 682 667 182 621 914 196 992 687 170 170 270 92 629 522 815 864 347 459 100 761 649 831 93 228 710 688 892 7 467 243 567 112 180 618 833 377 168 709 60 1006 624 243 700 167 451 695 749 420 205 623 463 496 944 691 495 163 195 41 537 713 417 206 364 606 89 670 890 158 634 809 837 679 574 309 962 243 819 256 97 279 199 460 352 184 523 140 962 703 694 241 106 958 84 474 612 293 570 390 149 411 116 322 672 926 681 854 367 100 312 285 681 84 78 255 159 13 129 286 640 562 447 183 585 147 545 678 218 841 968 185 558 313 758 382 306 86 802 490 231 923 739 678 730 708 258 106 874 248 685 102 426 67 648 783 229 687 611 689 120 711 375 287 751 179 130 206 183 913 867 416 110 827 364 167 458 882 600 200 157 571 574 176 270 464 148 430 41 338 1010 730 221 155 712 421 431 236 839 513 598 26 547 443 674 800 372 883 261 72 621 343 885 210 23 256 81 511 385 72 168 115 507 530 56 643 866 649 667 619 94 581 747 132 610 547 344 158 657 705 751 200
486 1064 243 769 294 274 212 260 443 411 164 404 74 240 1106 301 756 740 966 310 226 727 580 870 204 415 173 0 752 819 699 325 761 1079 205 1157 820 308 190 299 186 800 644 980 1035 512 632 192 931 785 994 109 324 879 826 1060 167 640 369 683 281 333 744 1003 550 167 879 223 1171 760 335 834 306 588 846 921 526 148 794 636 665 1110 842 570 325 117 204 581 857 425 367 350 737 247 843 1060 241 661 982 1010 817 645 480 1125 414 991 373 244 439 331 633 508 307 569 300 1127 845 834 324 206 1120 150 644 713 451 684 513 64 573 203 408 819 1093 820 1014 494 229 485 318 854 257 181 109 314 184 202 407 797 607 611 302 758 318 710 804 371 1007 1133 64 689 332 930 553 479 192 960 623 404 1089 885 743 865 880 408 198 1045 100 843 144 449 147 788 950 378 847 671 819 91 882 546 363 904 312 43 327 159 1076 1038 430 257 997 535 106 595 1051 767 356 287 734 718 287 288 533 297 600 159 485 1175 867 363 319 842 432 442 104 1011 666 721 171 717 600 812 972 418 1051 396 135 753 505 1050 378 180 303 184 673 557 215 323 278 645 693 203 782 1027 811 774 792 251 603 917 299 729 672 501 233 728 845 904 146
412 488 662 149 662 495 559 699 374 652 685 403 680 599 533 476 862 886 547 472 777 760 622 908 856 866 629 752 0 943 412 675 106 496 818 560 959 459 572 494 707 443 895 419 556 368 506 713 475 925 408 646 776 690 939 511 629 443 732 943 537 453 17 528 494 795 441 629 567 902 791 966 462 797 869 643 872 833 435 448 367 532 867 263 617 820 633 355 923 479 624 539 49 541 532 556 752 423 573 606 107 251 548 508 553 552 757 532 630 431 507 315 450 349 495 531 929 931 799 711 490 711 577 117 366 80 809 692 311 725 847 878 538 928 391 787 683 519 478 515 587 579 859 474 617 740 347 238 351 649 721 494 525 672 986 418 449 535 713 881 912 683 417 466 697 340 834 498 515 928 283 985 503 380 556 553 851 812 730 437 695 904 423 670 797 294 75 661 664 415 838 260 697 718 729 812 472 557 464 519 520 546 792 181 516 675 438 475 707 837 467 511 295 482 376 669 709 563 975 408 611 991 470 467 847 572 209 939 651 390 694 928 583 403 505 368 701 922 634 465 463 642 845 697 685 451 660 466 620 823 289 654 102 418 755 91 522 637 429 703 514 33 896 663 757 255 942 901 828
574 817 586 1071 535 863 713 560 653 430 660 656 787 624 831 694 83 80 616 684 602 184 337 103 676 441 682 819 943 0 1217 501 858 832 645 885 19 715 839 907 633 563 189 774 697 606 437 627 652 34 806 774 500 364 13 785 689 500 449 174 634 677 926 684 463 671 631 622 900 59 493 23 713 231 120 459 316 722 566 495 579 839 118 999 525 746 641 1089 70 1041 483 1015 895 677 502 732 581 1198 607 607 908 1063 448 896 490 642 447 698 418 731 436 673 746 1074 663 870 49 32 508 613 910 670 366 1011 656 942 307 823 642 615 438 84 804 21 856 326 594 469 915 530 615 743 832 673 678 618 781 762 1108 303 516 483 603 274 71 678 777 874 857 131 576 425 538 523 628 837 196 545 825 101 1157 49 569 687 760 714 832 186 675 1031 675 40 731 453 208 1116 952 800 395 542 483 851 509 784 492 690 857 700 1035 697 684 420 734 792 765 292 666 728 243 116 765 915 989 690 569 672 345 914 48 711 534 49 1041 1049 808 646 734 122 668 570 271 16 584 962 777 737 686 71 367 823 607 663 554 637 258 502 616 672 570 176 661 631 877 844 228 1027 475 589 1160 388 639 949 156 353 589 1127 36 153 719
644 900 748 283 776 443 596 791 564 828 726 565 648 680 944 561 1134 1146 947 566 836 1047 881 1210 877 992 667 699 412 1217 0 804 511 907 855 968 1229 536 520 407 759 817 1114 831 964 616 807 767 877 1192 820 626 884 1044 1217 922 663 757 873 1164 635 563 422 935 759 819 837 703 975 1165 901 1240 539 1020 1173 1018 1047 832 809 760 702 943 1170 219 752 806 695 133 1216 276 781 356 448 609 905 967 825 42 972 1006 517 172 771 915 740 955 894 589 823 511 809 549 508 149 593 940 1216 1214 902 773 895 743 871 295 561 350 997 638 598 784 976 1170 950 1207 801 972 760 748 389 894 678 591 803 575 661 796 442 639 111 916 831 847 650 973 1242 550 861 944 638 1122 979 1053 690 694 753 751 1062 681 926 1230 144 1265 890 533 563 962 794 1129 757 250 726 1177 832 826 1118 120 473 623 1024 685 948 671 816 685 850 826 882 966 269 581 927 797 785 458 927 996 566 534 1009 1102 502 414 229 566 678 706 908 969 1258 519 742 1260 268 258 803 976 557 1177 693 744 947 1204 979 295 917 486 725 1177 857 876 621 689 923 748 969 724 730 573 727 1063 646 717 513 829 1074 340 881 729 99 1066 619 382 1127 878 825 164 1226 1216 828
281 839 85 753 34 387 225 69 301 90 162 275 286 132 876 244 433 422 702 239 149 402 266 546 249 195 182 325 675 501 804 0 638 855 205 931 505 268 346 432 141 547 341 761 780 324 353 137 684 468 783 273 102 571 507 826 189 383 69 388 169 247 662 751 281 211 635 123 946 443 116 519 265 270 521 626 248 268 543 378 439 881 517 607 58 281 141 671 535 578 64 535 641 200 566 810 118 776 712 736 699 684 195 911 144 729 90 221 123 294 353 363 297 656 212 904 524 514 126 123 912 176 343 689 309 634 210 322 394 131 177 495 858 501 815 186 96 214 444 584 129 249 366 231 179 140 375 620 694 292 52 485 160 393 497 271 783 910 357 376 247 627 321 241 133 769 308 182 861 562 788 549 617 303 271 793 363 519 187 578 178 468 723 53 524 729 722 298 578 316 163 734 25 287 54 234 862 784 574 226 746 245 261 494 813 452 251 271 413 395 305 436 583 238 378 171 160 954 549 294 66 530 579 589 341 747 512 417 166 479 277 493 699 516 817 335 190 440 187 831 213 162 181 141 353 307 114 235 79 326 497 129 662 821 490 733 514 89 727 609 186 664 365 178 127 763 525 579 264
361 395 638 254 630 524 556 672 345 603 673 380 687 580 441 469 778 806 442 462 754 674 548 816 841 822 621 761 106 858 511 638 0 405 800 474 874 456 593 531 690 339 824 321 453 316 423 695 369 842 314 653 740 588 853 414 622 359 689 872 518 441 92 425 424 782 335 611 483 819 754 881 458 728 777 539 815 825 332 364 279 441 776 340 582 815 618 441 833 543 582 593 63 532 429 456 727 519 467 501 61 344 488 425 505 447 714 527 576 430 424 278 454 432 481 443 840 844 764 691 410 700 494 219 336 163 749 705 250 705 803 789 444 842 305 729 660 460 518 411 567 582 864 462 608 721 357 132 440 572 688 396 499 584 904 403 352 448 730 805 882 579 349 411 679 250 763 457 423 836 387 898 397 363 563 451 856 718 719 503 685 819 320 625 702 392 95 671 562 350 800 173 662 724 692 800 385 454 528 513 417 478 788 166 417 581 422 475 618 755 475 549 366 473 301 658 650 480 887 402 577 906 534 534 849 467 133 863 640 294 619 842 477 457 408 366 692 842 570 373 433 631 815 681 601 381 641 453 593 749 197 637 23 330 661 196 421 613 519 600 495 131 823 600 733 358 854 806 820
598 16 891 630 863 887 868 911 637 785 951 676 1007 855 37 780 773 815 217 770 1000 674 644 750 1098 995 914 1079 496 832 907 855 405 0 1054 78 851 778 941 905 956 315 888 99 146 567 515 958 187 832 92 973 948 471 822 50 917 473 880 923 802 747 487 150 576 1048 226 882 92 819 957 851 779 811 718 378 936 1101 317 478 421 36 719 744 812 1101 896 845 779 941 791 983 465 832 338 116 968 919 230 242 390 746 662 64 712 193 902 836 749 760 515 576 788 837 779 49 795 806 972 949 80 978 557 613 629 566 872 1032 506 962 977 748 52 812 108 861 915 642 896 311 839 901 1168 765 901 977 712 301 844 646 908 392 769 592 897 711 73 54 1064 842 1096 418 540 621 945 156 830 693 21 766 773 856 270 676 890 130 1161 649 996 903 967 803 132 820 627 790 435 997 439 546 993 236 881 1037 901 1070 36 144 926 823 148 620 1074 534 70 550 723 800 610 770 814 923 769 783 486 943 788 98 841 725 812 878 933 933 1148 195 432 892 925 377 696 817 253 851 55 702 977 851 708 32 704 915 1033 949 633 549 906 756 843 803 387 909 398 79 604 570 379 870 922 455 782 527 872 735 977 746 812 717 1096
463 1038 165 869 192 411 271 143 456 291 136 421 218 220 1076 343 591 568 907 346 56 584 467 709 45 216 196 205 818 645 855 205 800 1054 0 1131 644 362 337 449 111 750 460 958 984 502 558 105 886 610 978 232 148 771 653 1026 198 585 214 495 282 365 806 954 483 39 836 190 1145 588 152 658 360 423 691 830 336 77 745 580 633 1081 686 690 241 104 185 727 691 592 267 527 791 279 772 1014 88 820 917 941 860 769 399 1108 342 933 206 291 327 392 558 524 379 713 323 1103 677 664 137 109 1107 114 547 807 465 763 338 243 571 95 213 658 1058 649 1007 323 142 415 467 788 233 266 188 344 206 80 480 802 752 490 158 690 302 589 621 400 981 1108 264 513 131 829 515 433 121 958 451 363 1060 722 873 688 821 440 295 996 189 701 98 607 131 618 922 253 709 805 874 242 780 509 166 916 182 190 175 48 1058 987 594 303 949 450 100 642 1014 650 381 352 606 555 372 445 658 338 570 155 340 1152 692 410 242 662 598 608 164 951 683 537 171 677 466 640 904 560 1017 452 130 575 388 1028 370 178 100 121 546 505 159 352 213 478 683 164 823 1015 679 860 720 189 764 810 306 801 491 373 78 852 674 749 75
676 93 969 688 939 964 946 988 715 859 1029 754 1085 933 57 859 831 873 271 848 1076 734 715 800 1175 1067 992 1157 560 885 968 931 474 78 1131 0 904 856 1019 981 1034 388 952 177 189 645 588 1036 255 888 167 1051 1023 522 875 108 996 548 954 985 880 825 553 204 652 1125 299 960 15 876 1032 904 857 878 769 427 1005 1178 391 554 499 51 770 813 889 1179 974 913 830 1013 867 1057 532 910 402 153 1045 982 278 282 453 811 738 56 789 244 976 914 823 838 588 654 866 905 857 31 846 858 1047 1027 81 1056 627 676 707 633 942 1111 584 1040 1050 802 82 865 169 932 992 718 971 376 917 979 1246 844 979 1054 788 377 910 715 984 462 847 656 953 789 151 26 1142 903 1171 464 617 698 1023 223 895 771 71 814 831 907 336 754 968 172 1240 700 1074 974 1045 859 209 895 678 853 495 1075 491 623 1067 302 957 1115 977 1147 89 186 999 901 205 694 1152 608 125 610 802 878 671 830 892 999 839 861 564 1021 860 29 891 803 889 931 1005 1005 1227 239 508 952 1003 453 764 871 301 924 117 780 1055 908 781 108 782 993 1108 1027 698 625 984 835 920 867 465 986 465 144 659 629 446 948 988 501 860 592 935 808 1054 806 864 763 1173
586 837 590 1086 540 871 719 563 665 436 663 667 791 630 850 702 97 86 635 693 602 201 349 119 674 438 687 820 959 19 1229 505 874 851 644 904 0 724 845 915 636 581 185 793 716 620 453 629 671 38 825 778 501 383 30 804 694 516 452 165 642 687 942 703 476 671 650 627 919 65 493 14 721 235 139 478 313 721 585 511 595 858 137 1011 531 746 646 1101 86 1050 489 1023 911 684 521 751 581 1210 626 626 925 1076 459 915 499 661 448 705 426 740 451 687 755 1085 671 889 65 49 507 615 929 672 382 1025 668 957 308 826 656 617 435 103 823 40 875 327 597 481 923 549 621 748 832 682 683 619 791 780 1119 316 519 501 611 291 53 688 796 893 860 131 571 444 552 535 631 855 198 555 844 116 1170 44 588 698 767 733 831 205 677 1041 678 55 749 458 227 1129 969 804 414 556 481 869 512 787 494 690 876 719 1044 704 703 433 734 806 784 311 676 737 260 127 773 922 1001 698 584 675 350 933 50 721 540 32 1050 1058 807 665 750 114 672 587 282 34 603 972 796 748 689 68 377 842 617 667 552 639 274 516 619 681 575 180 677 635 893 863 247 1043 494 593 1171 407 647 964 153 361 590 1141 50 169 718
