NAME : X-n228-k23_SARP
COMMENT : Curated from VRPLIB to SARP
TYPE : SARP
DIMENSION : 227
EDGE_WEIGHT_TYPE : EXPLICIT
EDGE_WEIGHT_FORMAT : FULL_MATRIX
EDGE_WEIGHT_SECTION
0 526 429 387 571 465 554 395 475 162 451 162 504 521 241 633 580 143 464 592 409 304 314 462 627 125 511 564 521 383 526 621 336 512 520 446 595 452 408 506 318 632 498 410 337 556 486 555 31 535 584 407 573 502 440 469 615 550 300 528 604 577 563 413 544 561 467 476 395 665 278 521 380 144 674 299 136 530 646 656 488 543 417 456 75 432 545 556 187 624 462 128 436 621 433 510 135 430 424 505 188 551 331 595 633 574 590 386 198 307 595 485 393 476 505 458 633 519 552 596 549 433 590 453 547 318 530 484 455 487 525 135 434 578 568 412 284 175 487 472 477 458 515 527 201 225 337 363 225 410 102 447 320 686 233 424 592 332 465 459 223 702 580 451 318 630 332 563 111 537 566 602 514 157 430 202 359 379 536 479 319 584 305 485 665 661 368 584 279 532 128 141 499 431 359 664 586 393 475 515 252 571 544 273 344 412 47 492 369 463 394 443 583 510 213 392 544 264 704 546 144 412 228 578 607 143 492
526 0 180 651 224 762 931 644 256 439 823 441 820 914 473 391 398 487 811 319 422 575 620 365 364 627 891 444 138 708 864 415 737 187 833 721 255 233 726 300 331 419 281 655 192 97 367 969 540 285 368 707 926 789 116 800 323 226 647 372 1004 998 199 719 313 323 142 241 680 439 256 176 171 387 448 374 463 192 462 478 358 244 742 365 480 887 279 421 410 515 934 653 817 319 698 337 613 840 790 207 420 348 315 1008 422 386 352 619 347 678 995 213 529 466 325 248 382 617 154 232 97 521 987 463 954 815 71 350 758 799 369 446 785 982 208 297 563 368 333 794 211 879 124 341 355 379 585 643 319 647 501 694 366 493 304 346 350 614 249 173 520 525 297 298 706 369 693 351 434 904 206 511 163 501 225 362 668 691 288 179 342 311 259 837 490 430 327 307 670 940 455 456 256 338 827 428 248 655 782 250 521 677 289 260 554 681 571 188 645 785 672 178 202 972 553 778 955 568 520 318 462 694 300 191 1013 394 224
429 180 0 660 147 770 918 659 96 303 656 304 645 893 313 270 252 350 640 205 242 573 613 191 251 506 723 285 96 538 691 281 578 85 658 545 176 64 554 146 359 289 127 672 175 146 197 942 452 150 232 709 753 613 70 798 221 130 628 214 983 968 135 720 174 190 47 84 685 316 159 92 70 287 327 205 331 103 325 341 190 132 571 190 367 839 152 263 271 360 785 546 650 222 711 178 543 678 622 84 278 203 144 981 291 241 224 444 231 654 974 71 566 543 166 80 264 437 124 171 139 341 967 532 929 743 134 182 583 625 210 318 615 959 141 117 557 255 167 620 63 718 94 188 231 362 412 647 205 665 375 714 194 363 198 167 224 614 85 30 499 391 185 125 677 255 673 210 322 893 139 351 85 360 47 233 498 689 153 51 172 195 124 666 353 309 148 193 514 775 401 324 109 160 771 309 167 666 787 115 358 498 158 227 379 692 476 66 650 611 679 14 155 922 399 614 928 405 389 179 328 702 213 149 990 286 83
387 651 660 0 803 112 290 16 742 521 819 521 883 282 612 921 884 521 839 862 751 91 74 776 906 478 871 889 724 766 899 922 706 741 899 832 835 711 791 788 320 931 773 26 492 727 798 344 359 805 876 60 939 885 629 152 880 789 105 834 366 375 785 72 823 841 677 736 31 963 513 743 591 439 973 631 504 758 958 971 796 793 799 772 446 322 810 874 531 959 767 428 803 883 52 806 287 785 797 745 539 843 634 378 934 875 874 771 491 126 359 731 143 270 797 724 917 894 755 825 722 800 350 252 326 352 695 790 838 867 831 495 809 349 794 705 111 476 785 851 723 803 712 821 506 299 722 24 501 31 484 61 648 998 494 736 875 56 731 687 178 1021 844 740 148 910 112 853 452 260 791 940 731 539 686 515 745 59 806 708 636 853 566 856 982 957 677 851 657 878 299 507 763 740 305 959 826 6 131 773 633 950 813 433 725 32 377 725 18 843 22 674 801 395 599 761 329 650 1021 827 512 43 466 792 379 453 742
571 224 147 803 0 914 1064 801 111 433 737 433 710 1040 420 168 187 477 715 98 289 718 758 207 141 637 801 245 90 618 758 196 676 63 721 609 33 122 630 120 494 199 108 813 313 131 196 1089 595 86 153 854 821 672 177 943 100 23 775 179 1130 1115 25 865 110 112 127 102 829 216 306 61 213 431 225 311 462 45 243 259 185 42 647 210 504 986 73 222 401 306 890 683 735 96 854 152 689 769 705 66 406 144 255 1129 202 176 134 511 373 801 1121 87 702 664 143 121 159 457 70 25 129 382 1114 657 1076 887 152 180 651 691 178 451 694 1106 16 185 702 396 162 690 94 810 105 148 370 506 492 791 348 807 507 855 293 271 343 212 131 758 116 118 645 304 77 156 824 146 820 142 461 1039 18 308 74 483 142 370 579 834 88 97 278 91 267 740 271 207 235 87 617 860 548 454 89 201 917 205 25 809 931 72 460 510 85 371 455 835 617 81 794 682 822 133 31 1068 510 704 1075 504 298 114 458 845 360 39 1137 428 81
465 762 770 112 914 0 189 118 850 611 874 612 945 191 700 1028 989 605 898 970 849 197 162 879 1014 539 921 991 834 834 956 1027 764 851 960 903 945 819 858 894 432 1037 880 109 602 838 901 255 435 912 982 62 991 951 740 53 989 899 166 939 267 285 896 53 930 948 788 844 84 1069 619 853 701 537 1079 729 592 868 1062 1075 900 902 864 874 531 273 918 977 625 1059 796 481 857 991 66 911 346 833 855 854 631 949 737 283 1039 980 981 851 591 162 260 839 245 362 902 831 1024 982 866 935 834 891 251 347 235 348 806 894 905 930 935 584 869 254 904 810 214 575 890 914 832 847 823 927 606 408 802 123 603 118 566 79 747 1103 598 839 982 156 838 796 277 1125 952 846 164 1018 138 959 543 158 902 1040 841 622 794 613 816 88 914 818 737 961 672 913 1086 1063 780 959 722 920 395 595 871 843 283 1065 936 107 21 882 716 1036 921 543 809 81 447 835 120 906 91 783 912 331 678 817 240 728 1125 934 600 69 571 903 281 550 851
554 931 918 290 1064 189 0 301 990 713 897 714 979 40 794 1163 1118 696 927 1111 960 357 311 1003 1152 590 933 1111 991 881 980 1158 796 1001 992 955 1094 961 904 1030 602 1168 1018 294 760 1001 1026 79 523 1053 1116 230 1004 993 897 139 1131 1048 290 1066 78 105 1049 218 1068 1085 941 986 259 1201 761 1005 851 658 1210 844 689 1019 1188 1200 1027 1048 907 998 627 184 1060 1100 734 1175 776 525 879 1135 254 1042 419 846 884 1002 738 1082 863 97 1170 1111 1117 921 716 264 71 985 431 551 1035 971 1161 1067 1023 1087 996 986 62 536 60 317 970 1021 948 967 1063 686 901 67 1056 941 369 697 1020 950 977 851 980 1059 728 561 876 292 733 304 654 268 864 1229 732 963 1119 318 979 946 419 1248 1095 979 243 1156 244 1093 651 31 1054 1153 994 709 936 733 872 241 1054 967 858 1102 809 938 1210 1196 904 1101 768 918 521 694 1012 969 242 1198 1085 287 168 1025 800 1115 1061 695 891 264 522 984 291 943 267 932 1066 193 752 845 69 801 1249 1071 697 248 709 1058 92 668 996
395 644 659 16 801 118 301 0 742 526 831 527 894 294 618 921 885 528 850 861 755 95 86 778 905 489 884 890 720 776 910 922 717 738 909 841 832 710 801 787 315 931 772 15 488 722 799 357 368 804 876 72 951 895 626 162 879 787 120 835 378 388 782 84 823 840 674 735 44 963 512 740 589 443 973 634 511 755 958 972 797 791 809 774 453 337 808 875 536 961 781 441 814 881 54 806 299 797 808 743 544 843 636 390 934 876 873 779 493 142 370 729 131 255 797 723 917 900 751 822 717 805 361 238 338 368 690 791 848 877 832 501 820 361 791 706 115 480 786 862 721 816 708 821 509 299 730 38 502 16 491 56 651 999 495 738 874 64 730 684 182 1022 843 741 164 909 129 853 457 270 788 942 728 546 686 518 754 75 805 706 638 852 566 868 983 957 679 849 667 891 303 513 762 741 321 958 823 16 139 772 640 957 812 432 732 37 387 723 32 854 36 672 798 410 608 772 342 658 1022 827 519 53 467 788 390 458 740
475 256 96 742 111 850 990 742 0 328 629 329 605 963 310 179 156 371 608 122 185 653 690 112 164 532 693 191 130 510 653 187 565 82 617 504 125 33 522 50 450 195 32 755 268 191 111 1008 500 63 138 789 716 569 161 875 142 88 702 119 1052 1033 116 799 82 99 116 16 766 224 231 96 162 340 234 201 358 91 230 245 101 73 539 113 405 899 71 169 297 265 779 580 626 147 794 83 599 659 596 60 301 108 148 1048 197 145 132 405 281 725 1043 45 655 637 71 18 175 368 139 135 185 283 1037 626 997 793 194 94 545 586 116 349 586 1028 116 74 636 303 77 584 45 700 139 92 274 443 383 727 259 749 403 797 182 268 258 105 133 693 12 87 575 296 107 49 747 168 746 116 364 966 116 258 104 376 57 272 470 767 64 78 169 113 181 633 257 217 124 111 506 751 468 350 25 95 828 218 118 748 866 42 349 426 72 312 346 774 520 71 731 575 760 88 136 980 399 594 995 393 293 86 353 782 281 137 1058 335 38
162 439 303 521 433 611 713 526 328 0 409 1 434 681 93 475 420 48 408 440 248 431 452 301 472 205 476 402 399 309 468 461 308 379 449 352 452 310 332 353 348 472 348 541 275 444 326 717 192 385 427 550 525 418 334 621 464 410 447 369 765 739 429 558 390 407 347 332 535 505 186 390 273 100 514 138 30 396 484 495 329 400 346 296 87 594 397 394 32 463 495 253 399 471 570 353 297 412 377 367 28 394 180 757 474 415 434 268 98 460 756 346 491 541 349 314 476 374 427 458 437 280 752 520 709 475 424 325 375 414 366 27 378 740 432 260 411 86 330 403 339 449 396 370 85 275 218 499 124 539 75 581 160 524 141 265 437 465 320 331 344 540 431 298 474 474 484 406 69 695 431 440 386 62 292 77 273 523 385 348 163 433 184 432 504 502 212 433 240 516 224 22 353 273 520 505 445 527 623 370 125 432 394 236 211 549 202 359 504 393 532 316 450 670 125 356 706 161 542 392 25 552 159 446 769 83 352
451 823 656 819 737 874 897 831 629 409 0 408 93 857 351 687 621 371 41 694 450 746 745 536 701 342 68 566 743 119 83 654 115 706 103 150 742 630 109 622 746 663 630 844 681 800 554 864 471 660 649 824 122 129 709 861 716 715 719 588 918 873 745 826 648 658 702 641 820 688 587 720 653 502 693 451 398 718 646 646 563 696 93 532 426 723 674 576 430 576 213 393 17 726 858 598 533 65 34 686 418 628 512 897 663 624 667 229 506 713 910 666 844 923 603 624 693 355 763 759 793 371 909 900 865 582 790 566 109 93 587 417 44 893 744 558 727 495 581 78 662 93 747 611 491 660 246 795 529 846 385 876 462 672 547 525 671 767 627 676 671 667 697 581 710 700 737 639 454 892 744 552 722 351 623 481 159 796 658 685 484 691 566 41 648 691 512 693 176 122 576 403 648 536 656 696 738 825 877 666 304 356 665 645 283 840 446 689 801 79 821 664 764 767 284 59 859 257 673 646 395 835 568 766 913 486 665
162 441 304 521 433 612 714 527 329 1 408 0 432 681 92 476 421 47 407 441 248 432 453 302 473 204 475 403 400 307 467 462 306 380 448 351 453 311 330 354 349 472 348 541 276 445 326 717 192 386 427 551 524 416 335 622 464 411 447 369 765 739 430 558 391 408 348 333 535 505 187 391 274 101 514 139 29 397 484 495 330 401 344 296 87 594 397 394 33 463 493 252 397 471 571 353 297 411 375 368 28 394 181 757 474 415 434 267 100 460 756 347 492 542 349 314 476 373 428 459 438 279 752 521 709 474 425 326 374 412 366 27 377 740 433 261 411 87 330 401 340 447 397 370 87 276 217 500 125 540 75 582 160 525 143 265 437 466 321 333 345 540 431 299 474 475 485 407 70 695 432 440 387 61 293 79 272 524 386 349 163 434 186 431 504 502 213 433 238 515 224 22 354 274 520 506 445 527 623 371 124 431 394 238 210 550 202 360 505 392 532 317 450 670 124 355 706 160 542 393 24 552 161 447 769 84 352
504 820 645 883 710 945 979 894 605 434 93 432 0 940 360 640 575 403 54 656 421 806 809 504 657 407 115 517 727 126 50 605 183 685 16 101 711 611 102 591 780 613 602 908 694 786 519 949 528 628 606 893 111 45 704 935 677 688 786 549 1003 959 720 896 613 621 690 619 887 636 599 699 653 532 639 447 429 696 591 589 529 668 89 500 467 808 642 529 449 516 303 465 109 687 925 564 600 158 96 664 437 589 505 983 613 580 625 202 526 783 995 646 896 966 570 603 647 291 743 730 779 331 994 944 950 666 779 532 62 21 548 447 77 978 719 539 787 518 549 33 642 181 732 574 509 700 236 859 545 909 425 942 453 613 564 500 629 830 605 663 727 604 661 557 783 655 808 599 488 972 719 493 704 382 608 498 161 864 626 668 477 654 570 57 590 639 497 656 227 181 623 432 623 511 739 645 707 889 950 639 315 280 632 667 266 906 507 670 865 41 887 651 739 855 312 135 943 273 612 611 424 902 588 742 999 515 643
521 914 893 282 1040 191 40 294 963 681 857 681 940 0 761 1136 1089 663 888 1085 929 341 294 973 1125 553 893 1081 969 843 941 1129 757 978 953 917 1070 935 866 1003 586 1139 991 290 739 981 997 64 490 1026 1088 222 964 955 875 138 1105 1023 268 1037 90 95 1025 210 1041 1058 918 960 251 1172 736 982 828 629 1182 813 657 996 1158 1170 998 1023 868 968 595 144 1034 1070 703 1143 736 487 840 1109 252 1014 386 806 844 977 706 1054 834 96 1141 1082 1090 884 688 240 81 960 425 548 1007 945 1134 1031 1001 1064 976 952 74 532 44 277 950 992 910 928 1034 654 862 69 1033 913 351 668 992 911 952 811 958 1031 699 540 840 281 706 300 621 269 834 1199 705 934 1092 304 952 922 398 1218 1069 951 216 1129 222 1066 620 50 1031 1122 971 675 910 704 834 229 1027 943 828 1076 782 898 1180 1168 875 1074 730 878 495 662 986 940 202 1170 1061 279 171 999 765 1079 1035 673 856 259 487 960 281 904 260 908 1043 161 717 806 49 766 1219 1044 665 242 683 1035 99 638 970
241 473 313 612 420 700 794 618 310 93 351 92 360 761 0 430 369 98 342 407 182 523 542 253 432 242 419 340 406 240 400 410 265 376 375 271 434 301 260 322 433 420 322 632 334 459 277 792 272 358 382 640 460 339 360 708 431 397 535 320 842 812 422 647 357 372 360 318 625 453 239 389 303 189 461 110 108 391 425 434 283 383 276 248 169 664 371 336 94 392 473 303 343 440 661 313 375 367 318 360 83 352 170 832 422 366 393 179 169 546 833 339 584 630 312 299 432 282 430 445 452 192 829 610 786 537 445 281 299 340 318 117 315 816 423 236 503 166 290 331 333 406 407 329 150 365 132 590 185 631 140 673 128 464 204 224 397 556 305 337 436 475 402 270 558 433 571 364 162 777 423 368 388 88 288 139 201 613 358 350 144 401 215 368 441 451 185 402 201 467 316 105 333 234 589 455 428 618 711 352 48 339 366 309 119 640 274 357 596 321 622 323 443 737 89 305 782 94 478 357 100 642 230 441 845 172 341
633 391 270 921 168 1028 1163 921 179 475 687 476 640 1136 430 0 66 512 658 71 255 832 867 177 28 670 744 124 253 573 690 39 650 210 648 544 141 212 578 134 628 35 148 934 445 299 153 1178 661 120 49 967 750 598 325 1052 71 165 878 110 1223 1202 193 977 98 81 273 187 944 49 409 217 339 507 58 337 505 200 80 94 147 149 594 182 559 1063 119 111 447 157 867 726 689 78 973 123 763 731 658 195 448 82 303 1218 38 65 47 459 448 900 1214 201 835 812 129 198 10 357 238 167 297 316 1208 802 1168 950 319 150 587 623 112 500 643 1199 184 223 814 469 146 626 208 771 268 106 438 622 456 905 430 929 549 976 316 103 432 211 47 872 191 251 752 136 94 185 920 24 921 70 523 1141 186 168 231 511 236 434 538 944 118 233 314 80 357 680 105 40 265 84 602 808 642 498 162 202 991 40 146 927 1044 155 457 397 112 491 418 953 676 217 909 620 938 259 195 1142 514 666 1166 493 130 94 498 961 457 205 1229 499 189
580 398 252 884 187 989 1118 885 156 420 621 421 575 1089 369 66 0 454 592 96 191 794 828 119 82 610 679 63 260 507 625 41 584 211 584 478 169 189 512 106 603 52 125 899 422 314 94 1130 609 113 36 928 686 533 315 1010 110 176 835 52 1176 1153 210 937 84 76 266 169 906 85 373 221 318 460 94 282 449 207 74 89 92 155 528 124 506 1012 120 46 393 119 801 668 623 121 936 79 712 665 591 191 393 50 255 1170 53 12 57 393 402 856 1167 190 806 793 89 173 72 296 252 195 310 250 1162 781 1120 895 328 97 522 558 55 445 577 1151 203 180 776 422 99 561 195 704 273 66 391 587 390 868 387 894 493 941 260 114 391 156 62 833 168 240 712 140 112 145 875 80 878 47 472 1097 204 121 235 452 211 385 472 904 110 225 262 99 319 615 101 82 214 103 537 742 599 442 147 150 939 86 170 890 1005 148 394 339 109 461 352 916 622 212 872 554 901 244 218 1090 452 600 1118 428 139 79 442 923 418 227 1181 451 178
143 487 350 521 477 605 696 528 371 48 371 47 403 663 98 512 454 0 374 480 273 433 450 335 510 161 438 431 446 278 435 495 266 425 419 329 496 355 302 393 377 506 389 542 319 492 360 695 174 427 463 546 490 391 382 611 504 455 440 403 745 715 474 552 430 447 394 376 532 539 232 436 320 130 547 175 27 442 515 524 364 444 315 330 75 567 438 425 79 487 448 214 360 511 569 390 277 370 340 412 72 431 223 734 507 449 471 253 143 450 735 391 505 564 387 357 513 377 473 502 484 290 731 543 688 443 472 361 347 384 400 46 343 719 477 301 413 127 367 371 384 405 444 407 132 297 203 498 170 541 42 581 196 554 187 301 475 465 364 378 347 568 472 339 461 512 474 443 85 680 476 464 433 21 337 125 245 518 426 394 203 473 232 397 533 536 252 473 198 475 231 33 396 310 493 540 488 527 616 413 112 431 435 276 205 548 176 405 504 362 530 363 495 641 91 316 684 136 571 431 25 549 202 492 747 115 396
464 811 640 839 715 898 927 850 608 408 41 407 54 888 342 658 592 374 0 667 426 764 765 511 672 361 87 536 725 103 62 624 134 686 66 115 718 611 86 598 750 633 607 864 675 784 528 896 486 636 621 846 118 88 696 886 690 693 740 561 950 906 724 849 622 632 686 620 841 657 581 700 642 504 661 437 400 698 614 613 538 673 69 507 433 755 650 546 426 542 254 417 55 700 879 573 554 105 44 666 415 601 497 929 632 596 639 204 503 736 942 647 858 932 578 604 664 320 743 736 777 343 941 910 897 614 774 541 72 52 560 419 31 925 723 539 744 494 557 38 643 133 730 585 487 667 228 815 524 865 391 897 446 638 543 503 643 786 607 660 686 632 671 560 735 671 760 612 458 921 723 518 704 353 605 476 143 818 634 667 469 665 557 26 615 660 494 667 186 151 586 404 627 514 687 665 714 845 902 644 295 317 641 644 263 861 463 670 821 40 842 647 743 801 283 82 891 250 639 621 396 856 565 745 946 487 645
592 319 205 862 98 970 1111 861 122 440 694 441 656 1085 407 71 96 480 667 0 246 774 811 161 47 641 754 158 182 576 705 98 645 139 665 556 74 151 584 87 564 101 95 874 380 229 140 1130 619 58 59 909 767 615 255 996 24 93 824 107 1173 1155 123 920 51 36 203 126 886 120 352 145 275 460 130 305 470 129 145 161 131 78 601 166 521 1019 53 137 410 212 862 693 693 33 914 97 719 732 663 125 412 66 262 1170 104 86 39 464 401 847 1164 134 771 744 96 140 63 385 167 101 226 325 1158 735 1118 910 248 130 599 638 108 463 650 1149 114 180 757 423 118 639 141 773 196 83 393 563 454 847 380 868 515 916 285 174 380 184 35 814 133 183 696 206 22 142 869 52 868 57 482 1088 116 217 160 482 176 390 539 888 57 164 278 9 303 691 173 111 228 13 592 816 590 463 100 173 948 110 77 868 987 89 441 432 50 430 415 894 637 147 851 631 880 193 126 1099 495 667 1117 480 201 50 464 903 402 136 1179 454 122
409 422 242 751 289 849 960 755 185 248 450 248 421 929 182 255 191 273 426 246 0 660 687 86 261 424 513 158 311 332 469 230 399 267 432 320 292 195 341 172 512 241 181 769 356 372 106 964 440 210 209 787 532 384 309 863 270 267 688 146 1013 986 300 796 198 210 282 199 769 273 274 281 274 312 280 121 274 276 244 252 115 247 358 82 334 840 224 155 226 215 616 484 449 279 802 149 545 486 418 245 223 183 136 1004 242 189 224 222 262 704 1004 228 696 712 153 185 259 197 324 310 366 100 999 696 956 716 370 116 361 402 144 274 406 987 298 126 640 275 131 400 225 527 318 163 245 470 208 732 258 766 314 811 104 282 270 80 228 697 187 252 574 294 247 137 719 261 727 195 309 941 298 193 287 268 198 237 294 762 208 254 122 243 222 451 260 272 102 244 348 572 454 268 202 91 766 276 288 758 862 218 204 260 215 367 169 782 448 253 737 392 765 244 318 915 261 421 953 238 297 197 266 786 301 321 1016 299 223
304 575 573 91 718 197 357 95 653 431 746 432 806 341 523 832 794 433 764 774 660 0 47 685 817 405 802 798 640 686 825 832 632 655 822 750 749 622 712 698 246 841 684 110 408 647 707 399 278 716 786 136 867 805 545 227 792 703 87 744 430 429 700 147 734 751 592 648 113 873 423 658 505 348 883 539 416 672 867 880 706 705 720 681 359 344 721 783 441 867 712 362 730 795 143 716 222 716 722 658 448 753 543 436 844 785 785 686 399 121 421 643 125 252 707 635 828 805 672 739 642 710 413 229 382 337 615 699 759 789 740 406 734 409 708 614 20 385 695 774 635 738 628 731 415 212 636 74 409 108 398 151 557 908 403 645 786 40 642 600 87 930 756 650 151 821 126 763 362 329 706 849 646 452 598 424 663 117 717 622 545 765 476 782 891 867 586 762 580 813 208 418 674 649 308 869 739 98 214 685 546 862 724 347 638 122 300 638 78 765 107 587 717 426 515 688 384 565 930 738 424 129 376 708 440 363 654
314 620 613 74 758 162 311 86 690 452 745 453 809 294 542 867 828 450 765 811 687 47 0 717 854 404 798 829 682 692 825 866 632 695 825 758 789 660 717 734 292 876 720 99 450 690 739 352 286 753 821 100 865 811 587 185 830 743 44 777 383 382 741 110 770 788 633 685 83 908 460 698 545 375 918 567 434 713 900 913 738 744 725 712 375 299 759 815 465 897 697 355 729 833 119 750 213 711 723 697 471 788 575 389 878 819 821 699 429 77 375 682 162 292 741 672 864 825 714 780 685 732 367 270 335 301 659 732 764 793 773 426 735 363 749 648 57 413 729 777 674 731 671 766 444 252 650 50 441 101 412 134 585 941 437 677 822 26 679 640 116 963 794 685 106 858 79 799 384 284 747 878 687 467 635 452 671 76 754 661 575 802 511 783 924 902 618 800 583 805 233 437 711 681 266 904 779 80 177 723 562 880 762 387 654 99 303 678 56 769 80 626 758 379 527 687 337 577 963 774 442 100 411 749 393 389 693
462 365 191 776 207 879 1003 778 112 301 536 302 504 973 253 177 119 335 511 161 86 685 717 0 179 493 598 113 241 418 552 160 485 193 514 403 207 132 427 88 510 171 100 792 338 302 25 1013 491 125 129 817 615 465 260 898 184 186 722 68 1060 1036 220 827 112 125 223 127 797 204 273 207 241 345 213 163 330 199 185 197 30 165 444 5 387 894 139 98 275 186 702 549 535 194 828 64 594 573 504 170 274 100 142 1053 172 114 141 307 289 741 1050 157 707 707 67 118 179 256 249 226 297 175 1045 693 1003 776 305 30 445 485 65 327 492 1034 217 81 666 307 46 484 156 613 251 78 275 483 294 759 276 788 374 834 142 226 283 40 145 724 117 192 602 246 161 67 760 180 764 112 354 982 217 171 216 334 143 269 380 793 123 188 145 157 217 536 208 201 99 158 432 658 486 323 123 38 820 204 203 783 894 138 282 314 129 365 255 808 503 183 763 477 792 188 237 971 338 507 1001 320 247 111 323 814 312 241 1064 335 149
627 364 251 906 141 1014 1152 905 164 472 701 473 657 1125 432 28 82 510 672 47 261 817 854 179 0 669 759 144 228 585 706 65 659 186 665 559 113 195 591 123 610 63 134 919 426 272 156 1169 655 102 52 953 767 614 302 1039 43 139 866 115 1214 1194 166 963 85 67 250 170 930 75 395 192 321 499 84 335 502 175 108 122 149 125 607 185 555 1056 99 128 443 183 877 724 701 50 958 120 756 742 670 173 444 80 296 1209 66 77 39 471 439 888 1204 181 817 791 123 183 18 377 211 139 270 329 1199 782 1158 945 293 151 603 639 117 496 656 1189 157 215 800 460 143 642 188 783 242 103 430 607 466 891 420 913 547 961 314 131 421 209 35 858 176 230 739 163 69 176 909 5 909 67 517 1130 159 193 206 510 220 427 549 931 100 211 310 56 344 695 133 66 260 60 610 822 631 495 144 200 984 64 118 912 1031 135 462 419 94 475 428 938 671 195 895 635 924 239 167 1136 518 677 1157 499 158 82 495 947 444 177 1219 491 168
125 627 506 478 637 539 590 489 532 205 342 204 407 553 242 670 610 161 361 641 424 405 404 493 669 0 397 582 601 296 422 651 228 584 422 367 657 515 320 554 443 662 550 502 444 643 517 575 136 588 622 485 463 413 530 531 665 615 379 561 627 591 633 489 590 607 549 537 480 694 371 594 468 241 703 335 175 601 668 676 522 604 326 487 147 439 599 578 237 632 337 67 326 672 518 550 193 312 319 572 232 590 384 612 663 607 631 332 282 377 619 551 507 598 547 518 671 485 630 663 636 418 616 574 571 303 621 520 366 392 558 188 332 601 637 462 386 260 527 375 544 337 598 566 277 350 290 453 310 504 131 536 356 706 324 460 634 425 525 535 332 717 633 499 378 671 401 602 193 579 636 607 590 159 496 274 282 457 587 552 364 634 384 379 684 693 413 634 183 412 252 183 557 470 364 696 649 483 544 574 229 528 596 386 311 499 106 564 459 368 480 519 654 505 173 283 566 217 720 592 180 495 328 651 627 233 556
511 891 723 871 801 921 933 884 693 476 68 475 115 893 419 744 679 438 87 754 513 802 798 598 759 397 0 622 809 185 74 710 176 771 115 201 805 695 171 685 811 719 693 897 748 867 615 895 530 723 708 873 71 160 776 905 777 779 770 648 949 902 810 875 709 719 769 706 871 743 655 785 721 568 747 518 465 783 699 699 625 759 155 594 490 755 737 633 498 627 201 443 78 787 909 660 585 88 101 751 486 688 579 926 719 683 726 291 574 762 941 732 903 985 665 689 751 403 828 823 860 430 941 962 898 616 856 628 158 126 647 484 107 924 809 624 783 562 644 119 727 86 813 672 558 724 311 847 596 899 449 928 529 724 615 589 730 821 692 743 729 716 758 646 757 758 785 699 520 930 809 603 788 418 689 548 225 845 721 751 551 752 634 64 700 746 578 754 241 66 637 470 713 600 691 752 801 877 923 730 371 395 727 712 347 891 503 754 853 125 872 730 829 793 351 122 891 325 723 708 462 885 635 831 943 552 730
564 444 285 889 245 991 1111 890 191 402 566 403 517 1081 340 124 63 431 536 158 158 798 829 113 144 582 622 0 309 454 566 88 536 259 524 421 229 221 458 144 621 97 164 904 446 366 94 1119 594 163 99 929 627 474 352 1009 174 230 833 73 1166 1141 266 938 136 133 307 206 909 123 385 271 344 455 129 267 430 258 87 94 98 209 473 117 489 996 173 23 378 75 752 642 569 184 940 109 699 612 538 237 376 101 255 1158 97 72 120 340 400 851 1157 232 819 816 121 205 132 233 306 255 362 197 1152 803 1110 874 377 106 465 500 75 429 522 1141 259 191 779 417 118 504 235 652 321 103 386 596 343 871 388 900 472 947 247 124 395 153 125 836 201 278 713 137 173 164 868 141 874 103 460 1091 260 67 283 426 240 379 421 904 160 267 254 160 329 558 102 125 211 164 493 686 596 424 189 150 922 130 230 895 1005 195 359 276 161 476 306 920 604 256 875 497 904 279 276 1072 417 548 1107 388 140 131 422 926 425 284 1170 444 221
521 138 96 724 90 834 991 720 130 399 743 400 727 969 406 253 260 446 725 182 311 640 682 241 228 601 809 309 0 625 774 277 670 50 739 626 123 116 639 167 409 281 148 732 232 61 239 1019 542 147 230 776 837 692 94 866 188 89 701 238 1059 1046 67 787 176 185 54 114 750 302 245 39 144 378 311 297 427 54 324 340 229 106 656 243 461 922 141 286 367 378 878 640 739 185 773 204 630 769 710 73 374 211 236 1059 284 248 214 525 324 729 1049 85 617 575 192 127 245 498 32 105 55 410 1043 568 1006 831 68 222 666 707 235 413 702 1036 76 188 625 347 204 704 86 809 15 206 325 430 498 712 297 725 470 773 283 356 288 231 212 680 125 69 571 387 160 177 754 233 747 213 415 965 74 376 26 455 120 328 585 757 151 59 263 174 218 751 352 293 231 170 607 864 482 419 123 221 856 292 115 729 853 114 450 555 151 295 463 755 568 59 715 695 743 84 79 1006 493 704 1006 497 383 181 424 766 299 69 1066 378 92
383 708 538 766 618 834 881 776 510 309 119 307 126 843 240 573 507 278 103 576 332 686 692 418 585 296 185 454 625 0 160 541 102 587 141 75 624 511 25 503 655 551 511 790 573 682 436 858 408 541 533 779 220 119 593 827 599 596 672 472 912 871 626 783 530 541 584 522 772 577 478 601 539 406 582 335 303 599 536 538 446 577 37 413 342 718 555 462 325 471 302 358 117 609 809 480 487 158 87 567 313 511 395 894 551 509 550 114 402 671 903 547 773 841 485 505 579 260 644 640 675 257 901 819 857 576 672 448 72 106 470 321 77 886 625 439 667 394 463 94 543 198 628 493 386 574 127 742 422 791 300 826 344 565 441 406 555 712 508 558 605 562 579 462 673 584 696 522 363 872 625 446 604 256 504 375 40 751 540 566 367 573 453 129 541 579 394 575 113 241 499 307 529 417 646 584 619 772 840 547 193 277 547 543 164 790 389 570 748 85 771 546 645 773 186 94 851 149 569 528 299 787 464 647 909 390 546
526 864 691 899 758 956 980 910 653 468 83 467 50 941 400 690 625 435 62 705 469 825 825 552 706 422 74 566 774 160 0 654 194 733 44 149 760 658 140 640 812 663 650 924 733 833 568 947 548 677 656 905 63 94 748 944 727 736 800 598 1000 955 769 908 662 670 736 666 901 685 638 747 696 565 688 490 461 743 640 639 578 716 124 549 495 806 691 579 485 565 273 475 101 737 939 613 614 140 103 712 474 639 549 979 662 630 675 249 563 795 993 693 919 994 619 650 697 340 790 779 826 380 992 972 948 665 825 581 108 68 597 480 93 975 767 586 806 554 598 70 690 153 778 623 546 729 279 875 583 926 453 957 498 662 601 548 679 847 653 709 748 653 710 605 793 705 819 648 519 975 767 542 751 414 654 535 199 877 675 715 522 703 612 43 639 689 543 706 247 138 648 465 671 559 739 694 756 905 960 687 353 327 681 703 311 921 524 717 881 79 902 697 787 849 344 139 942 309 660 660 457 916 625 790 996 548 690
621 415 281 922 196 1027 1158 922 187 461 654 462 605 1129 410 39 41 495 624 98 230 832 866 160 65 651 710 88 277 541 654 0 621 230 612 509 172 220 545 137 636 11 155 936 454 327 135 1171 650 134 50 966 714 562 341 1049 105 189 874 93 1216 1194 221 976 108 94 290 197 944 44 410 239 349 500 53 323 490 223 47 63 133 171 561 165 547 1053 137 79 434 118 837 709 656 113 974 116 753 699 625 213 434 80 295 1210 12 47 63 427 442 895 1207 216 841 824 125 205 49 320 265 199 324 284 1202 813 1160 936 344 137 553 588 96 487 610 1191 212 218 814 462 138 592 221 739 291 101 431 624 427 906 426 931 534 978 302 81 430 197 65 871 198 266 750 111 120 182 915 61 917 71 513 1136 214 129 253 493 243 426 507 942 131 249 303 105 356 646 75 41 254 109 575 774 638 483 173 190 980 46 176 928 1043 171 434 358 128 496 389 954 663 235 910 585 939 272 225 1131 492 634 1158 467 108 103 483 961 456 235 1221 491 203
336 737 578 706 676 764 796 717 565 308 115 306 183 757 265 650 584 266 134 645 399 632 632 485 659 228 176 536 670 102 194 621 0 637 197 175 685 561 118 567 636 631 571 730 582 724 506 769 357 604 607 712 237 198 625 753 669 652 606 544 822 780 680 715 596 609 624 575 708 659 491 650 566 395 665 373 293 651 621 624 514 636 115 480 315 628 618 542 332 561 217 282 100 678 746 548 420 104 91 619 321 582 434 803 631 585 623 202 406 602 814 598 729 810 550 557 655 358 692 699 717 340 813 787 768 486 710 515 155 171 543 312 106 797 681 492 613 392 528 153 593 142 671 562 392 548 194 681 431 732 275 763 387 652 449 466 627 653 562 601 556 652 645 520 601 659 626 594 346 789 680 536 651 247 550 383 120 684 603 613 407 641 478 151 628 661 443 643 68 209 462 299 587 478 558 665 679 712 768 605 220 378 611 542 232 727 332 619 688 147 708 587 700 679 185 56 762 173 658 596 291 722 467 701 819 380 599
512 187 85 741 63 851 1001 738 82 379 706 380 685 978 376 210 211 425 686 139 267 655 695 193 186 584 771 259 50 587 733 230 637 0 697 584 94 76 600 116 433 235 98 751 251 110 189 1026 535 98 182 791 796 649 118 880 149 50 712 187 1067 1053 50 802 127 137 66 67 767 258 244 14 150 371 268 266 408 18 277 293 179 61 617 195 448 924 93 236 347 328 848 627 702 149 791 153 628 734 673 23 353 162 206 1066 238 199 168 484 314 738 1058 39 641 607 142 83 202 450 57 86 105 364 1051 599 1013 827 118 172 625 666 185 396 664 1044 56 148 639 337 154 663 44 774 63 156 312 443 460 728 288 745 453 793 250 310 282 186 166 695 80 56 582 342 117 130 762 191 757 164 403 976 54 325 24 433 89 313 547 771 101 34 232 130 207 711 305 250 195 126 576 827 486 400 72 176 856 249 85 746 869 64 419 506 103 308 424 773 559 20 731 655 760 71 71 1007 465 669 1013 464 337 132 404 782 298 67 1074 369 44
520 833 658 899 721 960 992 909 617 449 103 448 16 953 375 648 584 419 66 665 432 822 825 514 665 422 115 524 739 141 44 612 197 697 0 113 721 623 117 602 796 621 612 923 709 798 529 962 543 639 615 907 102 51 717 950 686 699 801 558 1016 972 732 911 623 631 703 630 902 643 613 711 666 547 646 461 445 707 598 596 539 678 104 511 483 821 653 538 464 522 308 479 119 697 940 574 615 166 109 676 452 599 518 995 620 589 634 214 541 798 1008 658 912 982 580 614 656 297 754 741 792 340 1007 960 963 679 792 543 76 35 557 462 91 990 730 551 802 534 560 48 654 187 744 584 524 715 249 874 560 924 441 957 467 619 578 511 638 845 617 675 742 609 671 568 797 663 823 608 504 986 730 499 716 398 620 513 176 879 636 681 491 664 584 64 596 647 510 666 242 181 639 448 634 522 753 652 717 904 965 650 329 283 643 682 279 921 522 682 880 57 902 664 750 867 327 148 956 288 617 620 440 917 603 753 1012 530 654
446 721 545 832 609 903 955 841 504 352 150 351 101 917 271 544 478 329 115 556 320 750 758 403 559 367 201 421 626 75 149 509 175 584 113 0 610 510 57 491 700 518 501 855 602 686 418 933 473 528 508 847 212 69 605 898 578 587 740 449 986 946 619 852 513 521 590 518 839 542 507 599 556 452 546 350 353 595 498 498 428 567 65 399 398 793 542 432 363 427 356 431 157 588 876 464 557 206 127 563 352 490 407 969 518 482 527 102 440 741 978 545 831 892 469 502 551 206 642 629 679 231 976 871 931 652 679 432 44 82 449 369 107 961 618 438 730 434 449 83 542 242 631 474 421 625 141 808 456 856 357 892 355 523 475 399 531 777 505 562 667 517 561 456 744 558 766 500 413 945 618 403 603 308 507 410 87 819 526 568 379 554 475 137 499 545 397 557 187 266 557 354 522 410 721 550 606 838 910 538 228 211 532 580 168 857 457 569 814 76 838 551 638 848 239 153 926 193 524 511 347 855 501 641 984 435 542
595 255 176 835 33 945 1094 832 125 452 742 453 711 1070 434 141 169 496 718 74 292 749 789 207 113 657 805 229 123 624 760 172 685 94 721 610 0 143 634 120 526 173 114 845 345 160 193 1118 619 82 133 885 822 671 210 974 70 46 805 169 1159 1144 57 896 100 97 159 120 860 188 335 94 244 456 196 326 482 77 218 234 182 52 651 211 527 1013 69 208 421 286 901 704 741 65 886 147 715 777 710 93 425 131 273 1157 176 158 113 514 398 830 1150 111 735 697 141 139 131 450 101 27 159 381 1144 690 1105 912 183 178 653 692 169 472 699 1135 47 198 733 421 162 692 119 817 138 139 393 537 498 822 374 839 528 887 307 244 370 219 109 789 132 149 675 276 57 165 853 118 850 126 485 1069 50 290 107 501 165 393 585 864 85 127 295 69 293 743 245 178 249 66 628 865 577 474 101 207 944 176 9 840 962 83 472 500 78 402 460 867 641 110 825 684 854 162 54 1095 524 711 1104 515 270 103 477 876 388 65 1166 453 103
452 233 64 711 122 819 961 710 33 310 630 311 611 935 301 212 189 355 611 151 195 622 660 132 195 515 695 221 116 511 658 220 561 76 623 510 143 0 524 83 417 227 64 724 235 177 135 981 477 94 170 758 721 576 132 845 171 100 673 149 1024 1006 121 769 114 131 91 26 735 256 200 90 129 314 267 191 340 90 262 278 127 91 541 132 384 873 99 199 279 295 773 561 626 175 763 114 574 657 597 59 283 140 133 1021 230 177 165 409 256 696 1014 38 623 605 102 16 207 385 133 148 170 295 1008 594 969 769 175 119 550 591 146 330 588 1000 123 72 605 278 103 588 32 698 123 124 251 412 384 696 233 718 385 766 174 300 231 116 165 663 21 61 545 329 134 64 718 199 717 148 342 937 122 287 93 361 25 250 471 736 95 59 157 142 153 636 290 250 118 140 500 751 440 332 52 106 803 250 135 717 836 65 343 444 102 280 348 743 498 59 700 580 729 58 142 954 390 592 968 388 326 118 335 751 252 141 1030 310 41
408 726 554 791 630 858 904 801 522 332 109 330 102 866 260 578 512 302 86 584 341 712 717 427 591 320 171 458 639 25 140 545 118 600 117 57 634 524 0 514 678 555 522 815 594 697 445 880 433 551 539 804 201 94 610 851 607 607 696 479 934 892 638 808 539 549 600 534 796 580 499 614 557 430 585 352 327 612 538 539 454 588 17 423 367 740 565 467 347 470 305 382 111 617 834 489 512 157 80 580 336 519 412 915 554 515 557 120 425 696 925 561 798 865 494 518 584 254 657 651 690 262 923 843 879 598 688 457 47 82 478 345 65 908 637 453 692 417 472 71 556 195 643 501 407 598 141 767 444 816 325 851 360 565 463 418 561 737 521 573 630 562 588 474 698 590 721 529 387 895 637 446 617 281 519 397 59 775 549 581 384 582 472 112 541 583 408 584 137 231 524 330 541 429 668 588 629 797 864 558 214 266 556 566 176 815 414 584 773 62 796 561 657 793 210 98 873 171 568 537 322 812 486 659 931 413 559
506 300 146 788 120 894 1030 787 50 353 622 354 591 1003 322 134 106 393 598 87 172 698 734 88 123 554 685 144 167 503 640 137 567 116 602 491 120 83 514 0 499 145 20 801 317 226 76 1047 533 38 89 833 703 553 210 918 111 99 744 72 1091 1071 134 843 38 56 163 63 811 176 275 129 212 376 186 218 383 118 179 195 66 78 530 91 434 934 52 121 323 216 783 606 621 118 839 37 634 657 590 94 325 57 175 1087 148 95 87 394 317 766 1082 88 704 688 26 67 131 339 168 139 221 262 1076 676 1036 824 234 60 533 572 69 376 579 1067 130 94 680 338 42 572 91 698 178 42 308 489 378 772 297 796 428 843 198 218 299 100 89 738 62 135 618 246 80 55 787 126 788 66 395 1008 131 211 140 395 106 305 465 810 36 123 190 80 223 623 207 170 141 80 511 744 509 375 45 89 862 171 116 794 910 54 357 393 44 359 340 819 550 112 776 564 805 138 150 1014 410 591 1034 398 243 41 377 827 323 155 1097 369 77
318 331 359 320 494 432 602 315 450 348 746 349 780 586 433 628 603 377 750 564 512 246 292 510 610 443 811 621 409 655 812 636 636 433 796 700 526 417 678 499 0 644 482 326 184 408 527 644 314 509 588 376 866 766 317 469 579 482 323 557 675 673 474 388 531 548 367 441 349 674 239 433 289 249 684 399 351 449 677 692 523 489 692 507 321 575 511 603 339 695 781 437 733 580 368 524 341 736 715 440 350 556 377 681 647 592 582 613 268 356 667 429 208 201 513 432 623 691 440 513 403 587 659 185 627 528 376 516 722 760 553 333 720 655 482 430 236 268 507 748 422 768 397 537 287 94 564 312 260 318 361 366 410 717 245 472 582 284 438 382 204 743 544 460 385 614 367 565 292 574 480 681 420 398 394 298 621 361 511 402 390 554 294 774 704 667 418 551 570 841 196 348 467 472 523 668 517 325 451 474 473 753 517 146 551 351 349 419 314 739 341 371 488 659 468 689 629 509 742 536 356 363 214 478 686 266 442
632 419 289 931 199 1037 1168 931 195 472 663 472 613 1139 420 35 52 506 633 101 241 841 876 171 63 662 719 97 281 551 663 11 631 235 621 518 173 227 555 145 644 0 163 945 462 330 146 1181 660 140 57 975 723 570 347 1059 104 193 884 103 1227 1204 223 985 114 100 296 205 954 33 419 243 356 511 43 334 501 227 45 60 143 175 570 176 557 1063 143 89 445 122 847 720 666 112 983 126 763 709 634 218 445 89 305 1221 3 58 67 437 452 905 1217 222 849 831 134 212 45 328 268 200 327 293 1212 821 1171 947 348 148 562 597 107 497 619 1202 215 228 823 472 148 601 228 748 295 110 441 633 437 915 436 940 545 987 312 75 439 208 69 881 206 272 760 106 122 191 925 59 927 79 523 1146 217 134 258 503 251 436 517 952 138 255 313 108 365 655 72 31 265 112 586 783 648 494 180 201 990 35 177 937 1053 177 445 365 134 505 399 963 674 240 919 594 948 279 227 1141 502 644 1169 478 102 110 494 970 465 237 1231 502 209
498 281 127 773 108 880 1018 772 32 348 630 348 602 991 322 148 125 389 607 95 181 684 720 100 134 550 693 164 148 511 650 155 571 98 612 501 114 64 522 20 482 163 0 786 299 208 92 1036 525 38 106 819 713 564 190 904 117 86 731 91 1080 1060 120 829 50 68 143 43 796 192 261 111 194 366 203 216 378 101 198 214 82 66 539 102 427 924 49 141 317 236 787 601 628 123 824 56 624 663 598 75 320 76 168 1076 166 114 101 403 306 754 1070 68 687 669 44 50 145 354 151 129 203 274 1064 658 1024 816 215 75 542 583 89 370 587 1055 117 88 666 328 57 581 71 704 159 62 298 474 385 757 286 780 423 828 196 236 286 105 102 724 43 115 605 264 83 52 775 138 775 84 387 995 118 231 122 392 88 296 472 796 38 103 186 86 210 632 226 186 138 85 514 752 497 370 25 94 853 187 108 779 896 38 359 410 46 343 347 805 543 92 761 573 790 119 137 1005 411 598 1023 401 262 54 372 813 310 141 1085 360 57
410 655 672 26 813 109 294 15 755 541 844 541 908 290 632 934 899 542 864 874 769 110 99 792 919 502 897 904 732 790 924 936 730 751 923 855 845 724 815 801 326 945 786 0 501 733 813 353 382 817 890 70 964 909 638 155 892 800 131 849 372 384 795 81 836 853 687 749 45 976 526 753 602 457 987 648 525 768 972 986 811 804 823 788 467 340 822 889 551 975 792 453 828 894 43 820 312 810 821 755 558 856 650 385 947 890 887 794 508 151 364 742 137 258 811 737 930 915 763 834 729 819 356 242 334 376 701 805 862 891 845 515 834 356 803 719 130 494 800 876 734 829 720 835 524 312 744 50 516 10 506 42 665 1013 509 752 888 78 743 697 197 1036 856 754 171 923 136 867 472 264 801 957 740 560 699 532 768 78 819 718 653 865 580 881 997 970 693 863 681 903 318 527 775 755 326 972 836 21 130 785 654 971 825 445 747 31 401 735 44 867 37 685 810 410 622 786 338 672 1036 840 533 48 481 801 385 472 753
