NAME : X-n266-k58_SARP
COMMENT : Curated from VRPLIB to SARP
TYPE : SARP
DIMENSION : 265
EDGE_WEIGHT_TYPE : EXPLICIT
EDGE_WEIGHT_FORMAT : FULL_MATRIX
EDGE_WEIGHT_SECTION
0 184 346 473 669 1066 679 375 760 224 509 25 803 623 239 120 422 775 825 132 604 641 336 609 386 615 958 904 318 365 629 425 1008 589 592 747 41 669 467 828 452 917 408 520 772 287 815 712 253 182 474 836 215 1011 394 740 568 137 776 322 943 890 669 660 206 852 1279 334 301 742 1247 643 925 305 221 669 762 169 906 1079 284 211 499 539 414 797 423 1172 276 506 836 921 765 804 439 842 593 813 454 673 695 549 897 726 672 835 996 910 456 823 664 792 843 595 263 138 395 153 811 263 1047 903 567 547 321 915 634 664 599 601 379 598 243 197 555 709 1177 367 681 616 612 474 351 371 961 1043 1073 618 964 808 525 835 587 51 385 1082 884 260 101 200 672 239 706 192 394 286 235 819 329 1217 660 649 201 469 256 588 839 268 643 501 388 427 828 828 798 359 358 1194 183 789 1137 632 133 668 413 139 679 797 324 1098 236 1253 448 481 631 648 339 457 931 620 940 609 519 582 121 318 331 634 643 193 298 642 156 870 701 677 819 123 101 233 729 562 742 74 1130 110 712 544 775 674 391 793 621 410 805 673 355 158 975 540 976 921 729 822 971 991 271 549 568 843 486 887 217 256 826
184 0 237 417 604 968 590 204 598 334 325 173 725 498 120 257 307 687 808 154 515 558 249 532 256 525 884 728 135 260 496 305 863 475 574 601 158 493 284 681 345 738 231 557 623 338 828 587 179 295 392 687 166 866 287 651 491 217 777 236 885 895 511 574 295 695 1146 236 117 599 1107 483 883 359 84 497 615 155 918 978 346 252 346 455 370 651 251 1026 374 445 758 745 583 771 358 732 466 659 271 512 683 384 871 623 598 674 840 806 336 757 526 771 687 437 145 47 290 236 657 131 892 870 403 495 192 747 452 530 496 506 252 531 244 206 529 612 1031 221 581 494 451 296 177 229 811 950 921 554 935 663 573 674 464 187 378 942 877 231 122 268 581 56 560 187 301 334 85 637 366 1088 506 494 307 285 308 528 674 337 483 355 346 409 663 739 678 356 285 1057 45 648 1018 576 182 650 232 82 555 631 221 970 337 1113 331 357 459 555 232 369 869 499 788 465 464 480 63 290 331 576 642 43 116 492 239 711 596 541 635 137 132 243 581 598 593 237 992 212 680 456 650 581 285 620 554 349 631 513 340 279 808 506 822 779 707 658 974 958 214 576 413 785 305 711 116 137 660
346 237 0 195 369 733 353 158 437 340 309 322 487 277 120 332 76 450 591 221 278 321 40 295 56 288 647 611 253 22 284 79 665 245 369 406 305 388 331 487 110 634 333 408 434 267 635 366 96 322 156 497 136 668 51 414 255 264 574 43 650 692 344 336 293 519 934 21 232 399 902 321 652 282 154 375 423 184 721 745 286 224 180 219 167 457 180 828 348 217 520 624 591 547 124 501 248 479 314 351 475 251 649 389 362 508 660 573 110 521 321 554 510 274 93 251 53 270 476 107 710 645 262 270 54 598 462 319 261 269 46 296 173 187 319 376 834 83 346 271 297 242 160 73 621 714 733 321 711 466 435 507 241 312 215 738 666 134 245 260 344 220 367 177 65 261 153 630 263 872 329 320 320 301 253 297 518 289 322 169 150 225 508 502 453 206 75 849 198 445 794 345 236 439 224 215 333 479 22 752 329 908 102 135 340 318 6 133 633 275 600 271 238 244 267 142 197 345 445 196 249 308 269 539 363 333 592 225 245 185 391 443 403 350 784 284 459 218 430 344 48 492 319 132 505 350 181 324 653 292 638 577 491 500 768 730 98 414 243 550 362 592 134 102 506
473 417 195 0 196 601 219 343 475 365 474 447 331 247 298 411 168 308 397 342 151 177 170 142 219 164 485 674 448 176 273 180 626 194 177 400 433 489 512 468 139 707 524 265 432 256 444 311 241 370 70 484 268 626 162 276 104 350 381 182 474 498 391 198 331 526 854 188 427 386 837 381 466 257 334 463 418 308 528 616 276 279 287 93 61 444 351 778 343 34 364 683 740 354 79 397 237 485 497 405 281 360 456 281 200 529 647 454 174 350 314 360 515 345 276 417 156 344 481 294 691 454 361 78 249 630 621 300 175 158 213 126 233 276 127 255 785 266 236 235 372 403 351 253 596 575 704 145 519 447 299 526 217 427 128 681 472 213 381 309 214 411 372 281 132 252 338 770 222 786 368 365 358 478 267 115 549 289 382 258 85 94 541 361 375 147 132 781 373 418 691 162 341 245 405 370 284 520 203 669 347 842 166 185 438 194 198 86 460 233 580 300 47 162 430 157 167 162 256 374 444 342 342 548 260 316 713 355 377 245 394 289 405 448 719 378 265 107 364 220 162 558 149 68 571 401 133 385 674 98 621 537 296 531 573 541 210 256 316 373 544 656 302 283 542
669 604 369 196 0 414 91 491 462 546 587 644 139 241 484 603 313 130 264 538 114 74 355 78 372 113 289 662 613 347 273 321 516 204 172 358 630 535 644 399 273 702 673 342 387 435 364 243 433 557 213 418 463 514 323 110 115 544 292 368 281 389 405 80 518 473 698 368 594 339 693 409 287 431 520 502 373 504 428 431 453 472 383 153 256 385 483 649 515 163 171 666 817 200 246 248 257 439 630 421 202 438 299 157 31 490 561 283 299 155 299 229 462 394 459 609 319 538 433 475 595 288 429 125 421 590 717 278 163 133 370 73 428 472 160 125 656 420 135 230 417 520 506 407 503 385 599 51 354 381 377 486 237 623 304 551 347 410 577 499 95 589 349 478 304 432 521 834 394 627 380 384 543 605 452 82 519 468 410 351 281 260 514 178 259 328 321 636 562 349 522 47 537 172 543 563 236 504 383 517 527 697 297 291 490 106 374 236 266 223 494 326 150 169 623 352 354 42 226 561 612 357 535 496 155 290 759 551 574 440 363 342 370 643 580 573 139 158 267 108 325 560 50 261 572 417 322 574 619 153 533 436 185 503 450 369 405 312 375 181 674 646 492 467 517
1066 968 733 601 414 0 387 805 544 960 833 1041 276 480 853 1011 661 293 465 934 462 426 733 459 713 450 173 671 937 712 493 663 351 493 563 450 1025 690 911 409 624 716 965 733 454 849 602 397 817 969 592 421 852 344 683 326 500 950 550 748 253 565 561 406 930 472 340 740 924 438 371 584 332 845 886 655 450 897 605 22 867 880 658 527 662 426 777 378 929 567 246 664 965 411 627 242 512 469 902 573 525 671 416 345 402 508 440 164 632 288 479 462 467 605 827 984 680 945 465 837 435 385 653 538 776 564 913 465 472 466 716 476 833 873 569 358 385 754 388 480 613 785 827 743 392 39 411 461 402 410 764 504 508 1023 717 310 511 808 968 909 394 939 480 875 676 845 882 955 808 272 546 557 956 870 864 493 541 882 585 634 686 674 544 240 309 741 708 321 931 399 155 459 937 519 834 946 426 559 752 215 941 371 637 612 668 418 739 610 238 474 405 543 559 489 1000 756 765 455 580 928 942 540 943 483 372 461 859 944 966 845 472 720 467 1048 298 977 457 522 343 392 686 630 455 657 635 569 732 985 549 566 420 343 481 537 568 378 795 697 609 299 934 665 867 835 550
679 590 353 219 91 387 0 451 374 583 527 654 138 162 472 627 285 98 345 547 76 43 348 78 342 65 297 572 579 330 193 290 434 139 254 267 638 456 591 309 245 613 629 417 297 474 453 153 431 589 205 328 465 433 303 62 115 564 381 362 315 473 322 21 550 383 639 357 563 249 627 328 340 473 506 421 283 510 513 401 493 496 325 140 279 295 435 575 559 185 170 576 742 277 240 181 184 348 579 338 293 370 369 72 59 399 474 235 262 186 214 313 372 319 446 602 299 560 342 459 511 353 359 171 399 499 648 192 101 84 342 105 447 487 231 40 582 387 45 153 340 463 470 375 417 365 517 104 417 291 453 395 168 636 343 477 428 421 582 527 9 568 261 489 292 470 505 755 437 570 297 302 576 551 485 130 428 507 330 294 302 303 423 150 176 364 321 569 551 259 472 125 551 262 495 561 148 414 370 454 566 631 263 248 413 35 358 224 294 145 407 249 183 115 618 371 386 119 315 548 581 275 558 405 65 203 676 557 580 459 274 422 280 662 510 591 228 136 179 18 305 472 92 271 484 333 352 603 529 214 446 351 273 413 529 426 409 391 305 224 619 557 484 454 427
375 204 158 343 491 805 451 0 394 451 160 358 589 325 155 411 181 544 733 287 384 430 196 413 125 390 747 529 132 171 315 171 664 318 520 406 341 294 173 484 219 543 183 566 425 403 787 410 199 423 289 488 227 669 181 509 378 349 724 193 764 840 309 440 405 493 953 175 121 406 910 281 778 421 158 294 418 260 871 813 420 339 152 339 323 454 47 827 473 359 620 545 444 682 265 563 292 457 156 309 623 180 784 466 476 471 638 641 192 634 338 696 485 236 144 243 187 362 456 130 690 777 199 411 114 544 312 347 350 370 130 423 299 291 470 463 832 78 430 325 248 104 27 90 611 792 719 448 843 467 592 471 297 361 372 746 811 263 285 371 442 155 364 274 212 397 142 488 409 898 306 294 426 144 382 430 470 419 281 171 308 383 459 592 501 361 233 862 192 455 837 477 313 587 66 239 379 427 163 781 446 916 194 203 256 416 158 265 744 332 588 274 381 336 262 292 348 475 598 183 139 295 363 508 440 355 464 280 291 307 385 601 396 409 797 359 599 333 471 438 181 418 443 286 430 310 336 417 604 441 620 583 635 454 914 859 226 572 216 668 204 511 179 146 456
760 598 437 475 462 544 374 394 0 774 337 740 460 235 523 768 374 410 716 650 370 393 467 410 385 363 572 202 506 427 205 365 289 287 602 112 722 155 420 137 368 240 491 737 94 687 826 224 531 759 410 128 570 295 404 391 411 700 754 477 629 845 93 383 729 104 588 456 506 130 534 118 682 698 540 125 103 615 886 543 708 660 262 393 509 118 349 445 774 459 477 209 421 645 424 335 239 81 417 87 663 214 730 323 432 77 246 404 342 525 168 685 100 166 500 634 406 707 84 497 299 708 195 486 443 161 376 188 321 351 394 441 607 624 564 348 449 393 329 249 148 319 421 392 230 550 331 456 766 135 773 77 259 737 587 377 797 569 662 696 368 549 113 614 425 681 527 416 669 544 111 118 756 384 681 466 80 715 117 268 516 566 70 428 265 595 474 492 581 151 515 486 669 630 385 621 226 45 458 439 762 540 353 318 155 358 443 405 605 253 206 178 474 326 653 555 601 481 675 572 519 136 707 115 313 173 324 649 666 620 100 755 96 780 431 718 602 377 234 356 407 100 445 474 110 88 571 762 216 536 232 227 647 63 897 766 535 722 195 567 434 185 545 507 69
224 334 340 365 546 960 583 451 774 0 609 208 685 583 298 104 401 669 646 182 515 541 308 506 395 528 828 950 457 348 599 409 977 536 426 729 209 725 595 806 413 973 557 315 759 111 614 662 256 42 399 819 224 978 371 639 469 117 585 298 796 692 681 562 47 849 1218 319 434 719 1198 659 764 117 309 713 747 195 703 976 94 116 520 453 306 778 492 1134 54 398 716 964 890 638 370 762 560 808 580 689 517 589 722 645 558 842 984 818 433 689 640 617 839 613 308 294 368 98 805 322 1032 733 602 422 351 935 756 633 530 520 385 485 167 161 402 620 1141 404 600 572 636 555 435 400 939 931 1051 499 789 785 313 840 546 178 243 1039 694 206 214 81 578 376 693 178 352 114 326 937 153 1151 664 656 27 582 99 466 854 78 660 508 286 286 844 721 736 219 303 1142 302 760 1056 502 153 497 510 252 631 817 320 1033 19 1203 423 458 678 559 335 391 789 573 921 601 402 514 289 226 198 505 459 313 440 641 96 870 623 648 915 198 204 155 717 355 729 155 1080 127 550 463 721 585 367 832 505 325 845 688 232 66 989 397 960 887 557 836 773 819 242 349 581 700 622 932 276 305 843
509 325 309 474 587 833 527 160 337 609 0 496 659 373 312 561 307 609 844 439 473 517 349 510 263 476 807 417 199 317 350 294 626 389 649 392 479 194 83 458 337 420 156 715 400 563 914 440 359 579 410 456 386 631 318 576 482 503 847 349 839 960 280 521 563 441 924 328 210 400 870 253 866 581 306 213 398 416 994 837 580 498 204 445 466 431 129 781 632 482 687 434 284 786 395 595 345 415 81 271 746 164 886 520 566 411 579 674 303 713 355 808 437 228 303 371 324 518 416 288 631 874 180 532 272 458 153 372 428 455 271 527 459 449 600 527 785 226 495 379 221 71 174 236 566 828 665 552 940 447 744 412 359 504 523 713 925 423 429 530 518 270 356 432 351 557 289 328 568 877 290 278 584 50 543 541 398 579 252 236 455 529 388 650 525 515 382 829 330 446 836 583 466 709 100 382 416 356 318 768 605 877 309 301 182 495 310 389 817 386 543 294 504 419 389 449 505 580 729 319 217 293 519 450 497 373 311 429 437 467 369 748 378 554 767 510 710 435 490 511 320 323 545 427 331 274 490 571 521 569 568 557 751 387 1030 951 386 717 229 751 101 401 334 305 384
25 173 322 447 644 1041 654 358 740 208 496 0 778 599 218 107 399 749 801 107 579 616 311 584 364 590 933 887 308 341 606 401 986 565 567 725 18 652 457 806 428 901 401 498 750 264 793 688 229 166 449 814 191 989 371 715 542 114 753 297 918 867 649 635 186 831 1256 310 290 719 1224 622 900 283 202 651 740 144 883 1054 262 187 478 514 389 775 405 1149 259 481 811 903 756 779 414 817 570 792 444 653 671 531 873 701 646 815 975 885 432 797 641 768 822 575 242 126 371 131 790 243 1026 878 548 521 300 896 625 641 575 576 357 573 218 172 530 684 1155 347 657 593 593 459 334 350 939 1018 1051 593 939 786 504 814 563 30 361 1060 860 234 79 178 647 228 684 166 369 263 217 810 306 1193 639 628 184 457 233 562 819 247 623 479 363 402 808 803 774 334 333 1171 167 767 1112 607 108 644 399 120 655 777 301 1074 219 1230 424 457 613 623 316 432 906 596 918 587 494 557 111 292 306 609 619 177 289 621 134 849 676 654 807 98 77 208 708 540 720 68 1106 88 687 519 751 650 367 775 596 385 787 652 330 142 955 515 954 899 704 802 948 966 246 527 547 817 478 869 196 234 806
803 725 487 331 139 276 138 589 460 685 659 778 0 287 606 741 422 52 275 671 210 166 479 195 479 201 160 645 717 465 313 427 432 274 293 348 763 568 726 361 382 689 766 465 371 574 405 242 561 696 335 380 593 429 438 83 237 681 338 493 181 402 429 151 657 440 574 490 701 330 578 442 222 570 640 531 359 636 445 293 592 609 459 270 392 358 572 545 653 298 33 646 857 203 370 158 314 414 714 445 279 498 272 144 131 465 495 160 400 65 323 253 430 442 580 734 435 675 408 594 519 248 485 264 536 557 772 301 239 221 480 205 565 607 294 132 552 525 164 280 460 597 608 513 435 246 514 188 305 348 498 461 301 758 443 449 350 543 709 637 147 704 356 611 424 571 640 864 533 502 406 414 682 685 591 220 498 607 443 430 417 399 496 52 206 467 449 520 685 320 392 184 672 263 632 691 253 495 504 398 666 581 401 386 530 173 493 356 159 273 432 371 287 253 749 488 492 180 324 683 719 389 673 460 164 308 779 683 706 576 362 458 364 779 470 709 205 269 230 151 440 560 183 393 570 440 460 713 572 290 467 366 242 485 443 307 535 431 432 107 753 632 616 588 500
623 498 277 247 241 480 162 325 235 583 373 599 287 0 391 600 201 236 504 497 137 167 291 178 243 132 435 437 457 259 33 199 395 53 368 153 582 295 443 225 174 474 490 504 185 483 602 90 372 576 189 239 411 397 229 204 176 531 530 305 467 630 166 163 541 278 656 290 445 139 626 168 500 490 420 261 171 459 668 488 505 476 180 159 290 199 298 555 572 227 314 445 580 437 213 238 33 238 433 182 434 212 531 148 213 282 404 316 168 343 68 470 268 158 365 521 229 533 233 371 451 515 199 251 309 384 487 53 86 117 248 207 423 451 328 155 561 278 124 13 179 315 348 269 357 468 468 225 579 204 540 279 37 588 368 462 586 388 522 511 154 464 126 447 237 478 414 594 458 595 140 143 569 402 484 232 305 514 170 155 303 341 297 277 180 381 282 572 466 177 521 257 509 400 357 490 57 280 299 475 568 631 175 143 251 136 284 192 445 18 339 87 240 91 539 357 393 251 442 461 463 116 532 301 124 69 518 502 522 436 147 520 158 624 508 555 379 144 153 144 233 327 214 261 340 177 360 584 426 301 379 306 424 287 689 586 362 487 145 383 470 420 409 373 299
239 120 120 298 484 853 472 155 523 298 312 218 606 391 0 256 194 570 691 133 397 439 129 412 149 407 765 676 179 142 394 193 771 364 460 509 200 443 301 590 229 693 276 461 534 264 718 481 67 268 272 598 77 774 170 534 371 194 664 116 765 782 431 455 252 613 1046 116 154 504 1011 405 763 284 36 438 524 105 807 865 278 189 261 336 254 559 199 934 324 325 639 692 592 652 238 620 360 575 285 435 568 315 753 508 478 597 757 692 225 637 427 654 605 357 27 131 173 207 573 26 809 751 332 376 84 680 458 429 381 389 143 411 159 140 413 496 940 129 466 386 376 260 137 132 722 834 834 434 817 571 481 597 356 214 272 846 762 132 140 219 464 118 468 121 181 259 43 639 280 986 421 411 273 285 239 408 602 274 405 262 230 298 592 622 570 253 166 959 79 552 911 456 158 534 212 100 448 561 102 866 294 1017 219 248 401 438 114 250 749 391 701 371 344 364 148 183 232 456 530 77 167 404 208 631 482 441 619 128 143 164 491 500 503 260 894 205 562 337 545 464 168 562 434 230 574 435 233 261 738 388 737 684 590 585 861 838 104 475 329 665 330 658 24 18 589
120 257 332 411 603 1011 627 411 768 104 561 107 741 600 256 0 404 719 731 124 555 586 309 552 383 567 890 931 389 346 611 410 994 558 503 737 112 699 535 817 425 949 487 411 765 184 709 685 237 64 429 828 198 996 374 686 512 69 675 297 867 786 675 607 96 852 1250 315 368 729 1224 651 841 199 256 693 754 154 799 1027 176 132 507 490 350 788 456 1155 157 445 773 946 834 717 396 800 573 811 520 681 601 568 806 683 610 840 992 862 438 752 650 700 842 603 274 213 373 67 809 282 1042 814 584 478 327 928 700 646 560 555 374 536 181 148 472 661 1161 379 637 591 624 515 390 379 951 986 1064 553 872 797 412 839 563 79 303 1062 784 212 136 105 621 307 699 155 363 185 272 885 229 1185 661 652 83 528 158 521 848 159 651 500 326 347 838 772 765 277 318 1170 235 774 1096 562 100 577 462 182 653 808 311 1066 118 1230 428 464 655 599 326 416 857 593 931 603 454 543 203 256 250 564 545 246 371 640 69 871 659 661 872 132 127 168 722 452 735 51 1106 52 626 498 746 626 370 815 558 357 827 680 281 39 984 462 969 905 638 831 867 901 239 442 573 768 559 913 233 269 836
422 307 76 168 313 661 285 181 374 401 307 399 422 201 194 404 0 382 552 296 212 257 95 236 59 221 582 556 300 58 208 13 591 170 344 334 381 346 346 413 40 583 364 416 362 315 611 290 171 388 108 424 211 593 30 345 198 335 546 107 590 661 281 270 356 450 857 90 282 326 826 261 600 327 225 326 350 259 693 672 336 287 134 160 165 384 184 753 401 179 454 569 577 501 88 426 172 409 331 290 444 209 604 316 301 441 588 499 34 461 246 515 440 216 167 325 33 339 406 177 638 597 216 231 115 535 455 244 189 201 58 243 235 256 294 305 759 107 274 194 241 236 194 94 547 643 660 268 663 393 447 440 165 388 233 662 631 196 321 324 276 283 295 249 54 309 222 611 302 795 263 256 383 311 308 249 454 342 262 112 159 228 444 433 377 233 101 773 271 371 718 296 310 408 239 291 257 417 98 676 388 832 26 60 295 250 83 85 573 198 528 201 201 172 342 183 233 294 424 267 300 240 339 470 289 258 561 301 321 247 319 446 331 425 708 357 418 156 353 275 34 438 264 124 451 288 207 393 588 264 566 503 455 435 734 680 165 414 184 492 377 538 210 175 443
775 687 450 308 130 293 98 544 410 669 609 749 52 236 570 719 382 0 317 643 173 134 446 167 438 163 202 597 674 428 262 386 401 227 299 298 734 516 677 315 343 640 719 471 321 559 442 190 528 677 302 335 562 398 400 36 208 657 373 460 232 445 377 115 638 394 568 454 658 280 565 390 273 556 604 480 310 606 487 308 577 587 411 236 369 310 525 524 641 274 78 598 805 244 337 125 265 366 666 393 303 448 320 92 112 418 457 153 358 115 271 291 384 391 544 699 397 652 360 556 485 298 435 248 497 512 721 250 195 181 439 184 540 581 291 82 531 483 115 230 408 549 564 471 398 268 484 172 356 301 505 414 252 731 427 427 394 516 678 617 106 665 305 584 389 555 602 812 519 497 354 362 664 637 573 204 450 592 391 382 393 384 447 53 161 450 418 507 649 272 392 177 645 282 586 658 202 445 468 387 651 568 360 342 478 132 456 322 209 223 393 320 267 211 715 464 473 172 342 646 676 337 650 415 113 256 728 653 676 552 311 468 314 755 453 685 230 233 182 107 403 510 164 365 520 388 440 693 530 282 429 329 271 437 490 359 505 439 381 157 705 584 581 552 452
825 808 591 397 264 465 345 733 716 646 844 801 275 504 691 731 552 317 0 706 376 337 566 337 609 377 293 910 845 572 536 563 704 468 236 606 791 799 896 632 515 952 916 344 633 547 138 493 629 672 445 651 648 700 554 328 362 689 88 577 217 129 667 341 636 710 802 584 823 588 821 672 147 533 727 764 620 678 171 487 557 614 641 400 437 625 733 803 599 375 277 912 1081 72 470 432 521 680 881 683 130 700 78 394 291 732 769 419 546 215 559 37 700 658 670 801 549 676 674 689 792 98 693 323 645 828 979 537 426 395 605 317 587 634 279 368 810 657 389 493 681 775 744 644 710 427 786 293 143 616 363 728 501 775 442 712 83 584 750 630 352 806 605 646 528 546 733 1098 502 732 641 646 654 858 574 305 764 574 673 609 462 403 760 324 477 468 526 766 763 587 614 261 695 159 791 750 492 755 599 645 627 823 542 544 754 368 595 468 227 486 707 590 354 431 811 522 496 264 187 765 840 619 673 731 403 548 1021 722 744 595 616 313 621 779 724 717 135 410 497 364 555 816 301 463 827 678 476 695 846 302 742 640 101 749 187 176 594 305 638 182 926 896 692 677 764
132 154 221 342 538 934 547 287 650 182 439 107 671 497 133 124 296 643 706 0 472 509 206 477 267 484 827 809 276 238 504 300 887 460 470 627 92 576 417 707 324 826 376 421 654 191 707 584 125 145 342 717 86 889 267 608 436 66 663 192 814 779 558 528 141 737 1152 206 253 620 1122 532 799 212 133 571 643 38 798 947 197 104 388 407 284 677 332 1049 221 375 704 824 714 679 308 711 468 698 402 563 576 447 775 595 540 724 879 778 330 692 542 671 728 485 152 119 268 84 695 159 930 779 463 417 207 809 581 540 469 469 259 467 118 71 430 577 1055 258 550 489 504 391 267 259 841 911 954 487 841 687 433 723 460 91 263 958 768 129 46 115 540 195 587 61 264 188 150 764 226 1089 545 536 155 408 160 457 730 186 533 384 258 303 720 696 669 238 226 1069 121 667 1006 502 29 547 339 71 552 690 199 970 184 1128 322 356 533 516 215 325 801 492 821 490 388 451 120 188 210 504 528 131 259 526 86 756 570 554 749 19 38 111 611 463 623 130 1004 72 587 412 647 543 264 693 490 279 706 562 230 133 867 413 858 799 607 713 860 867 139 445 455 713 442 791 109 146 718
604 515 278 151 114 462 76 384 370 515 473 579 210 137 397 555 212 173 376 472 0 46 273 41 270 13 370 572 510 256 169 218 479 93 233 276 563 427 532 333 172 610 565 380 307 407 466 171 355 519 130 351 390 479 228 137 50 490 395 287 380 499 302 59 480 399 703 281 493 259 686 302 396 409 431 394 293 435 536 476 427 424 269 65 209 313 372 628 494 120 243 578 706 314 165 247 147 361 519 318 298 324 413 130 93 409 508 308 192 250 202 341 388 283 371 526 225 487 356 384 549 401 317 124 326 512 603 183 52 20 270 71 374 413 197 106 635 317 85 124 307 407 401 304 454 440 559 89 467 313 416 406 126 561 279 531 458 347 506 456 68 494 258 414 216 403 430 724 373 635 277 279 507 493 417 96 435 440 304 237 231 242 428 226 225 298 246 629 476 282 542 121 476 263 433 485 151 414 295 518 498 691 192 181 380 44 283 149 361 119 441 218 124 56 542 299 317 116 305 473 511 252 486 422 109 197 652 482 504 386 276 392 285 588 568 518 246 60 217 71 231 464 78 197 476 314 283 532 548 173 481 392 290 418 563 480 333 359 263 284 561 555 408 379 431
641 558 321 177 74 426 43 430 393 541 517 616 166 167 439 586 257 134 337 509 46 0 313 35 315 41 326 594 555 299 200 263 473 131 219 292 600 462 577 340 217 633 610 379 322 431 435 180 395 547 169 359 428 472 272 100 74 524 363 327 334 462 333 21 508 411 682 323 538 274 669 335 351 431 474 428 308 473 501 441 451 455 313 104 237 324 418 616 516 143 199 599 744 273 204 224 183 375 564 349 270 365 370 112 49 425 510 277 238 204 228 303 400 321 414 568 268 519 369 428 548 357 357 129 370 527 644 207 90 62 315 63 407 447 192 82 623 362 75 156 344 451 447 350 454 402 555 67 423 321 415 421 164 597 300 518 420 382 545 485 40 539 280 450 258 427 474 760 394 613 307 311 534 537 443 89 453 465 337 282 261 260 447 187 215 322 284 612 518 290 515 94 512 237 478 526 168 435 337 497 523 674 238 227 416 35 326 190 316 149 443 253 140 98 583 331 343 88 285 516 556 284 518 434 99 220 686 520 542 419 295 386 303 622 552 551 212 103 215 50 274 490 55 231 501 344 310 561 559 173 482 389 257 436 524 435 371 354 302 238 606 578 450 422 450
336 249 40 170 355 733 348 196 467 308 349 311 479 291 129 309 95 446 566 206 273 313 0 285 94 283 638 644 283 41 302 102 684 254 339 428 295 425 368 508 117 669 366 370 457 229 603 379 84 293 145 519 121 686 64 410 243 241 544 14 636 663 373 331 262 545 946 21 260 420 917 352 634 244 165 410 445 169 690 746 249 193 215 210 133 478 220 846 312 197 513 658 631 525 110 506 264 504 352 382 446 287 626 391 351 536 683 575 129 509 341 529 535 306 106 255 63 244 501 124 733 624 298 247 86 628 502 337 264 267 84 282 141 161 290 375 852 123 347 284 330 282 196 113 642 712 754 305 689 487 396 534 255 298 176 754 639 102 236 230 340 240 390 155 58 223 168 670 224 883 357 349 289 340 218 279 547 253 353 200 114 189 537 498 463 166 40 863 207 464 801 327 217 411 262 213 346 509 35 763 296 923 119 155 376 315 39 124 621 287 622 296 216 246 270 102 157 327 413 206 276 335 244 565 365 351 631 213 235 153 414 405 426 332 799 264 435 212 441 342 61 526 305 103 539 380 141 298 682 264 660 596 465 529 740 710 71 376 274 536 399 626 137 113 536
609 532 295 142 78 459 78 413 410 506 510 584 195 178 412 552 236 167 337 477 41 35 285 0 295 47 353 612 536 273 211 243 506 134 194 313 569 468 566 367 196 650 595 348 345 396 425 205 366 512 141 385 398 505 248 134 42 490 354 299 355 458 344 57 473 435 717 296 517 296 704 344 365 395 448 436 331 441 495 475 415 420 306 77 203 349 404 650 481 108 228 618 746 276 175 259 188 398 552 359 257 363 377 146 66 447 539 312 220 226 243 301 425 324 387 540 244 485 393 402 578 366 357 95 346 549 642 223 93 61 294 32 373 415 162 117 657 342 106 166 348 442 428 330 484 435 587 47 432 347 384 444 167 565 265 552 419 350 514 451 75 515 297 418 231 392 448 765 359 648 318 321 499 527 408 59 473 429 345 274 226 224 467 220 248 286 254 647 491 316 550 79 479 222 464 496 188 453 311 532 488 709 219 213 421 63 301 163 338 160 472 259 104 95 555 297 308 75 265 490 535 293 483 458 131 237 694 488 511 385 315 357 323 589 587 518 206 80 245 84 250 505 37 199 517 355 275 527 584 141 512 420 249 457 523 447 340 325 303 256 596 595 422 395 470
386 256 56 219 372 713 342 125 385 395 263 364 479 243 149 383 59 438 609 267 270 315 94 295 0 278 639 555 241 56 244 52 622 220 396 361 346 332 294 442 99 578 307 453 387 322 663 333 146 377 165 451 185 625 57 402 257 315 600 99 649 716 292 328 349 470 897 77 223 356 862 268 658 337 177 319 377 232 747 723 342 279 125 219 204 412 135 786 404 234 512 569 541 559 140 476 211 430 278 298 499 195 662 368 360 457 612 551 81 519 278 572 461 220 123 278 63 322 428 128 663 655 206 287 66 545 415 279 244 258 10 302 229 240 346 360 791 48 328 239 242 193 135 35 575 697 687 327 721 422 482 456 209 356 262 697 687 190 285 315 333 227 321 229 89 316 171 578 317 837 278 269 374 261 309 307 465 345 268 117 192 266 455 489 423 257 121 810 223 403 764 355 285 462 186 250 300 426 75 718 385 868 78 101 284 307 61 141 631 244 554 224 256 228 296 196 250 353 474 218 241 258 322 489 342 292 537 269 287 240 344 486 356 398 745 334 475 214 396 331 58 437 323 165 450 297 231 377 601 317 591 535 511 447 790 739 153 455 189 551 325 537 169 131 453
615 525 288 164 113 450 65 390 363 528 476 590 201 132 407 567 221 163 377 484 13 41 283 47 278 0 361 565 517 265 164 226 467 91 241 267 575 424 536 323 181 603 570 391 298 420 470 160 367 531 141 340 401 467 238 127 63 503 399 298 373 500 298 50 493 390 690 292 500 250 673 299 392 422 441 391 284 447 538 464 440 436 272 77 222 303 377 616 507 133 234 571 705 313 176 234 144 352 523 313 303 325 411 117 90 400 497 296 199 244 196 342 379 281 381 537 235 500 346 394 537 398 316 135 335 503 604 176 50 21 278 78 386 425 207 94 623 324 72 120 305 410 408 312 443 429 548 94 464 302 427 397 124 573 292 518 459 359 518 468 57 503 250 426 227 416 440 722 386 623 272 275 520 496 429 105 427 453 300 240 243 254 420 215 212 311 258 617 486 271 529 125 488 268 438 496 142 406 305 505 511 678 200 187 378 32 293 160 354 113 429 215 136 57 553 311 330 120 312 483 518 248 498 413 96 190 649 493 516 399 268 402 276 600 555 530 249 72 205 59 240 458 82 210 470 309 296 544 538 184 470 380 293 410 563 476 345 369 262 278 565 548 419 389 423
958 884 647 485 289 173 297 747 572 828 807 933 160 435 765 890 582 202 293 827 370 326 638 353 639 361 0 735 876 625 458 587 460 429 413 462 919 698 878 451 542 781 921 576 478 717 430 373 719 842 494 468 750 454 598 238 395 833 378 652 84 396 559 311 803 526 510 649 860 447 535 577 164 711 800 661 469 792 436 195 734 760 613 429 545 458 728 528 791 452 127 733 985 240 529 237 465 510 867 574 360 645 246 287 288 558 540 178 559 138 459 290 519 584 740 893 594 826 505 754 550 215 630 413 696 636 911 440 397 381 639 360 717 761 427 284 535 684 317 430 599 749 766 672 483 134 534 340 242 444 605 554 454 912 589 445 341 699 866 786 306 864 481 767 584 714 800 986 674 441 539 548 827 837 737 371 592 750 578 584 570 544 592 158 308 614 607 482 844 422 323 328 826 359 788 850 393 599 663 365 808 536 561 544 665 332 653 515 66 423 488 514 439 412 908 641 640 326 418 842 878 526 823 543 312 442 896 839 862 728 481 559 480 931 448 862 297 429 340 309 600 668 337 549 676 570 610 860 637 431 515 420 315 583 406 225 692 539 578 134 904 725 775 748 598
904 728 611 674 662 671 572 529 202 950 417 887 645 437 676 931 556 597 910 809 572 594 644 612 555 565 735 0 613 604 406 546 340 488 804 305 869 235 490 286 557 45 567 937 277 871 1024 419 698 931 607 268 735 347 585 582 613 865 952 653 802 1039 283 582 904 209 609 631 620 323 539 297 862 884 685 238 290 777 1080 663 892 834 430 593 703 287 482 447 956 659 657 19 351 838 617 503 439 231 494 270 863 363 917 516 631 180 255 559 528 710 370 880 217 340 657 770 588 874 237 650 291 893 349 688 605 108 375 389 523 553 565 643 784 794 765 543 448 552 527 450 315 432 554 553 285 686 330 657 948 298 972 184 460 889 780 420 990 744 813 870 566 674 314 781 610 865 671 317 858 587 306 309 929 465 862 668 147 897 296 445 707 762 150 606 440 785 658 517 721 325 598 687 831 831 497 768 426 158 630 511 940 547 539 506 275 559 615 599 777 455 268 373 675 528 789 740 789 682 877 711 630 332 874 193 509 375 220 804 818 795 298 956 292 936 469 879 800 578 415 554 588 119 646 666 106 273 761 930 148 738 264 328 845 160 1087 944 708 923 372 751 491 18 700 662 146
318 135 253 448 613 937 579 132 506 457 199 308 717 457 179 389 300 674 845 276 510 555 283 536 241 517 876 613 0 273 446 292 786 449 621 531 293 383 149 608 340 619 100 638 548 440 886 542 245 421 404 610 254 790 292 638 498 342 827 274 890 945 429 567 414 608 1078 263 25 533 1032 399 899 461 154 393 542 265 973 945 453 360 282 460 416 577 165 947 492 470 749 631 448 798 375 695 424 576 137 426 728 296 900 597 601 583 752 773 318 760 468 808 602 359 188 182 297 360 575 168 805 895 316 522 199 645 317 478 479 497 243 542 337 310 572 593 952 193 560 457 365 188 110 206 730 924 836 568 961 592 660 584 429 322 447 870 920 311 253 384 570 82 490 291 317 435 139 502 459 1025 429 417 430 154 413 547 577 447 399 303 395 468 567 723 633 430 323 986 155 582 967 594 305 693 121 208 511 534 248 910 457 1039 318 332 357 544 250 380 871 463 707 404 491 464 197 359 410 593 696 145 19 421 362 621 571 485 504 261 262 340 509 677 520 371 922 341 712 456 602 567 291 513 564 384 522 427 408 407 707 545 737 708 745 563 1021 980 281 651 342 792 170 597 193 184 563
365 260 22 176 347 712 330 171 427 348 317 341 465 259 142 346 58 428 572 238 256 299 41 273 56 265 625 604 273 0 266 63 649 225 351 391 324 385 344 471 89 628 349 398 419 269 617 347 113 333 134 482 153 651 30 392 233 278 556 50 628 674 333 314 302 506 915 32 252 383 884 312 631 283 176 370 408 201 703 723 289 233 174 196 152 441 189 811 353 197 498 617 597 526 103 480 230 465 327 341 456 247 628 367 339 496 645 552 92 499 304 535 496 265 115 272 31 282 463 129 695 624 257 250 75 588 470 302 240 247 47 275 181 199 301 354 817 94 324 252 289 249 176 82 605 693 717 299 690 451 426 495 222 330 206 720 647 142 264 269 322 242 352 191 44 263 175 635 262 852 317 309 329 313 258 276 507 293 312 160 138 212 497 480 434 200 65 831 220 429 773 324 252 420 236 235 314 469 41 733 337 890 83 118 336 296 28 111 611 255 585 257 218 223 289 140 194 323 428 218 269 295 282 526 341 316 593 243 264 193 376 432 388 367 766 299 439 196 410 322 26 485 297 115 498 340 174 336 642 273 623 561 472 489 749 709 109 402 233 528 375 586 155 124 496
629 496 284 273 273 493 193 315 205 599 350 606 313 33 394 611 208 262 536 504 169 200 302 211 244 164 458 406 446 266 0 204 383 82 399 130 588 263 423 207 187 443 473 533 161 503 634 96 379 591 212 220 419 385 238 232 207 543 563 315 494 662 133 195 557 254 653 298 436 119 618 136 529 510 420 229 148 467 701 499 524 490 165 188 313 179 284 545 592 255 339 414 549 469 232 251 39 213 413 149 467 187 562 171 245 255 385 330 174 372 41 502 244 129 367 521 239 546 209 372 433 545 173 282 310 356 459 35 118 150 250 240 437 463 359 183 551 275 153 45 148 295 339 267 341 483 453 258 608 186 568 252 56 595 391 454 619 401 527 526 185 459 99 457 249 497 413 562 479 593 108 111 584 382 502 264 276 533 137 144 324 366 268 300 187 402 297 566 466 163 524 289 518 433 341 494 67 249 306 474 585 624 183 149 220 168 290 212 471 51 322 58 270 122 539 374 413 284 474 460 453 84 545 277 149 49 486 508 528 450 121 551 132 633 501 565 412 173 156 175 242 295 247 282 308 144 380 598 401 332 361 294 456 258 721 615 373 517 121 412 448 389 413 375 269
425 305 79 180 321 663 290 171 365 409 294 401 427 199 193 410 13 386 563 300 218 263 102 243 52 226 587 546 292 63 204 0 586 171 356 328 384 334 335 408 48 572 355 428 356 325 622 288 175 395 119 418 215 589 39 350 207 341 557 113 597 672 272 276 364 443 855 95 275 320 823 251 608 338 224 315 344 263 704 674 346 295 122 168 177 378 172 749 411 190 460 559 565 511 100 427 169 402 320 281 455 197 613 318 308 433 582 501 31 468 241 525 433 206 167 324 42 346 399 175 632 606 204 242 113 526 443 240 193 206 53 252 243 262 306 309 755 99 277 193 231 224 185 86 542 646 654 277 672 388 459 432 163 391 245 658 641 204 323 332 281 278 289 255 66 319 219 598 313 793 255 247 391 299 317 259 445 352 252 101 171 241 435 437 377 245 112 770 270 366 717 306 315 419 229 292 255 408 101 674 397 828 26 56 284 255 86 96 579 197 522 194 213 176 341 194 244 304 435 266 293 232 345 463 291 253 549 304 324 255 313 459 325 429 705 362 428 163 352 279 42 427 273 136 440 279 219 399 580 276 560 498 465 427 745 689 172 427 174 500 366 528 211 175 434
1008 863 665 626 516 351 434 664 289 977 626 986 432 395 771 994 591 401 704 887 479 473 684 506 622 467 460 340 786 649 383 586 0 441 687 262 968 442 709 182 569 382 779 852 240 875 837 316 762 971 579 176 801 8 621 408 530 925 770 697 540 828 357 454 936 186 298 681 782 267 246 387 614 880 794 415 248 849 871 339 896 871 517 533 678 212 623 164 964 598 428 329 672 634 606 276 420 212 706 361 704 490 686 362 487 220 90 290 557 489 345 685 189 429 745 894 621 928 212 748 90 657 470 600 687 232 655 348 451 469 629 536 818 845 665 394 169 645 399 405 421 602 691 640 62 375 83 538 698 200 888 218 432 977 753 89 774 782 907 906 434 819 303 840 631 870 784 649 846 258 358 371 963 673 878 563 243 907 387 510 693 719 251 381 259 769 677 203 839 220 259 557 901 681 666 871 345 279 687 171 961 253 566 531 444 443 672 586 517 403 85 400 603 466 913 751 784 551 740 832 798 371 927 182 375 333 550 890 909 831 281 856 270 1016 142 948 631 520 262 423 624 338 527 653 337 359 750 979 202 647 76 89 671 248 856 685 755 825 450 524 724 338 791 753 257
589 475 245 194 204 493 139 318 287 536 389 565 274 53 364 558 170 227 468 460 93 131 254 134 220 91 429 488 449 225 82 171 441 0 318 205 548 334 453 275 137 525 492 451 237 435 559 127 336 532 139 290 375 442 195 192 125 491 488 268 453 591 212 133 496 331 693 256 434 191 666 210 478 440 395 302 224 423 629 503 456 432 186 106 239 250 298 599 524 174 304 496 613 404 166 257 54 291 440 228 390 234 501 149 180 335 454 330 140 325 121 433 320 190 337 494 194 491 286 346 500 487 225 200 284 437 513 106 42 73 223 161 379 411 277 145 605 261 112 40 214 325 339 250 406 477 516 181 552 254 487 332 33 552 317 504 551 346 488 467 129 446 179 408 197 429 390 631 407 629 187 188 523 412 437 184 357 466 212 156 253 288 350 274 209 330 240 611 441 226 548 213 470 355 359 460 95 332 266 509 521 672 145 119 287 106 252 145 432 39 389 125 188 40 512 311 343 209 394 436 452 162 490 354 122 122 560 467 488 392 200 468 211 585 548 516 339 91 188 123 199 377 171 212 389 223 310 541 479 249 429 351 383 340 654 563 323 435 171 362 481 471 379 345 351
592 574 369 177 172 563 254 520 602 426 649 567 293 368 460 503 344 299 236 470 233 219 339 194 396 241 413 804 621 351 399 356 687 318 0 507 556 645 690 560 313 842 700 172 539 320 267 398 396 447 240 578 413 685 339 282 193 456 206 348 372 324 530 236 409 629 865 358 599 490 864 526 339 309 495 615 525 442 352 583 333 381 456 219 206 542 528 821 384 168 319 811 910 214 256 420 371 592 674 546 108 525 306 325 199 641 728 449 347 277 434 201 618 499 441 566 333 444 587 460 764 312 523 122 422 743 794 415 282 251 390 162 352 399 50 293 828 442 294 355 525 579 527 430 671 530 769 152 372 540 206 638 349 541 207 723 303 349 514 399 255 576 490 411 309 318 502 935 275 794 505 506 430 655 345 136 667 350 528 425 230 168 661 341 429 233 299 806 529 509 685 129 460 77 582 515 383 646 374 686 406 867 340 353 596 253 371 260 367 350 661 441 146 278 576 287 261 135 80 532 615 479 441 652 317 430 871 486 508 360 509 170 517 549 751 485 125 233 433 267 339 695 164 237 707 541 241 468 778 80 700 605 137 650 401 400 360 140 473 280 721 788 459 447 663
747 601 406 400 358 450 267 406 112 729 392 725 348 153 509 737 334 298 606 627 276 292 428 313 361 267 462 305 531 391 130 328 262 205 507 0 707 241 474 81 316 346 537 653 32 633 720 115 503 720 342 90 543 265 364 280 321 669 648 440 518 735 113 279 686 126 548 423 526 18 505 140 569 641 532 205 18 590 776 451 654 619 256 310 443 50 366 426 722 378 365 309 524 535 363 227 169 86 468 124 559 239 618 212 327 134 255 300 300 413 89 576 115 173 484 632 365 673 81 486 304 596 219 397 426 236 463 100 231 259 369 345 566 590 473 239 431 383 222 165 172 355 432 378 214 450 327 357 654 62 689 130 186 717 521 341 687 529 646 655 262 559 42 582 378 627 523 524 609 494 104 117 713 434 632 371 161 663 141 248 454 494 156 316 155 532 426 456 577 53 444 386 642 528 415 610 125 148 428 380 715 511 309 274 219 256 413 342 493 167 194 138 390 240 651 504 543 380 577 570 542 111 672 149 205 84 434 629 648 578 23 667 17 757 392 690 495 295 122 250 368 212 345 412 222 120 511 726 275 447 232 178 540 145 786 654 499 634 190 454 494 290 530 492 159
41 158 305 433 630 1025 638 341 722 209 479 18 763 582 200 112 381 734 791 92 563 600 295 569 346 575 919 869 293 324 588 384 968 548 556 707 0 634 442 788 411 883 387 492 732 258 785 671 212 167 433 797 174 971 353 699 527 108 744 281 905 859 631 619 184 813 1239 293 274 702 1206 604 888 277 184 633 723 128 876 1038 258 178 460 498 375 758 388 1131 259 466 796 885 741 767 398 801 553 774 428 635 661 513 862 685 632 797 957 869 415 784 624 757 804 557 224 111 354 126 772 225 1008 867 530 508 282 878 609 623 558 560 339 558 206 159 519 668 1137 329 640 576 575 441 317 332 921 1002 1033 579 928 768 499 796 546 33 349 1042 851 220 61 172 631 212 667 152 353 257 199 794 299 1176 621 610 184 441 227 548 801 243 605 461 349 391 790 787 757 323 317 1154 150 749 1096 593 96 633 382 102 638 759 283 1057 219 1212 407 440 595 607 299 416 893 579 900 570 480 541 97 279 295 595 610 160 274 603 129 831 660 637 790 82 60 197 690 534 702 80 1089 85 675 503 734 634 350 757 582 370 769 634 318 144 937 503 936 881 694 784 940 955 230 520 529 804 463 852 178 216 788
