NAME : X-n289-k60_SARP
COMMENT : Curated from VRPLIB to SARP
TYPE : SARP
DIMENSION : 289
EDGE_WEIGHT_TYPE : EXPLICIT
EDGE_WEIGHT_FORMAT : FULL_MATRIX
EDGE_WEIGHT_SECTION
0 579 477 1236 399 485 931 1296 1142 806 643 280 426 612 455 628 889 842 1169 211 768 1133 348 310 1068 336 1300 615 554 1119 684 60 463 1173 1222 726 506 772 844 1091 878 939 1034 518 959 902 521 518 758 1255 941 542 440 1253 1247 704 1114 191 1016 509 699 611 551 267 1091 857 315 232 260 860 375 423 1021 686 1121 1165 970 627 420 817 556 405 529 347 175 946 1069 601 731 564 1108 708 652 1300 974 376 754 277 1157 796 1043 1344 817 888 1025 702 568 521 518 991 1094 907 810 1018 678 634 761 192 552 375 710 290 414 1396 985 764 1159 322 975 942 981 1327 369 326 689 173 421 987 1006 610 676 483 979 306 1135 321 1058 1068 718 1130 613 1038 473 792 668 1008 947 409 303 739 164 1183 299 459 581 691 435 926 1028 591 140 768 339 586 490 398 225 233 1277 489 934 70 678 885 726 1071 659 356 921 1237 549 1300 582 737 1165 722 951 1404 811 601 788 849 1155 365 887 482 234 47 751 1036 490 417 975 779 436 254 661 942 766 697 799 978 1069 483 958 1036 1151 352 195 961 287 665 1088 843 745 628 760 684 407 1190 396 871 925 526 326 686 761 1318 761 642 1021 1102 669 616 1004 114 279 599 181 620 901 1058 426 327 1297 99 921 860 1117 864 1283 1314 933 699 588 866 637 479 645 177 420 1091 207 549 985 504 791 939 67
579 0 520 798 200 125 366 871 728 295 145 517 634 573 640 727 654 834 823 562 232 651 543 506 647 481 828 523 48 743 194 524 120 798 753 676 395 825 709 645 307 555 516 557 405 829 615 570 421 837 637 547 149 852 792 199 569 438 884 115 632 608 58 362 756 801 286 478 459 511 540 560 620 382 718 704 700 76 585 522 508 452 148 501 491 611 669 100 415 624 573 129 134 847 471 492 245 401 713 447 471 919 240 879 503 758 506 517 653 533 677 384 580 598 558 632 609 423 671 214 197 289 523 947 408 326 719 265 596 641 942 889 433 500 193 406 583 615 785 341 171 122 680 460 740 304 742 685 156 792 524 776 595 709 154 836 722 275 506 218 425 729 507 138 547 130 628 951 729 407 551 502 240 142 491 192 414 496 826 655 368 509 174 528 153 792 174 592 693 747 31 843 526 240 649 179 740 958 315 423 502 303 683 248 334 625 369 547 340 591 573 585 547 369 602 348 642 370 259 213 640 820 701 605 596 670 826 482 398 485 433 213 677 434 183 165 681 140 355 751 398 296 476 576 464 307 692 870 500 604 856 687 139 645 469 473 377 608 415 733 332 497 374 528 877 527 942 347 634 487 848 841 379 267 200 299 662 613 101 433 201 697 469 635 417 90 857 471 550
477 520 0 840 361 399 726 887 739 555 462 199 153 135 142 214 430 385 727 281 558 783 141 168 678 141 924 150 537 695 469 430 480 745 850 251 139 339 368 716 793 544 735 47 726 431 95 55 381 845 502 66 489 832 863 491 840 308 540 406 222 138 542 284 651 387 326 246 222 460 114 80 624 318 713 793 515 506 107 396 91 89 376 130 303 521 664 608 350 114 822 617 483 909 668 101 520 235 772 413 836 931 677 433 733 265 104 48 134 641 697 641 359 634 211 163 291 320 152 471 501 411 66 996 811 461 772 458 571 502 520 923 129 151 476 417 104 577 536 268 478 525 534 175 721 290 613 653 564 688 148 576 83 316 484 532 481 255 174 526 368 803 179 399 106 547 141 487 578 197 342 343 406 411 37 478 284 243 886 144 732 448 478 485 593 612 455 167 457 884 508 913 112 499 845 540 481 1002 542 195 368 628 793 321 667 113 324 431 433 667 53 109 604 447 112 323 189 754 526 469 328 501 647 90 546 615 702 125 352 633 204 429 689 489 580 429 284 521 173 798 138 773 581 64 155 375 285 922 336 165 545 704 501 155 732 394 253 128 349 217 712 822 149 156 883 378 481 594 768 481 882 938 879 424 365 792 177 101 504 333 338 680 275 118 778 436 367 607 410
1236 798 840 0 874 808 530 76 102 504 661 1010 985 740 964 886 457 772 217 1094 572 174 973 979 168 943 107 697 846 169 610 1177 894 152 90 709 746 849 592 154 749 300 326 827 474 682 875 838 479 59 356 793 925 102 48 600 371 1045 604 785 694 773 856 970 248 702 937 1026 994 383 948 920 217 552 130 103 385 722 945 444 750 867 745 945 1074 323 176 872 509 840 338 738 666 71 340 915 553 962 85 442 524 121 654 781 342 840 737 794 916 265 144 433 497 218 649 771 591 1044 902 973 601 1002 900 160 588 490 80 1010 269 358 758 92 891 962 609 1095 942 263 452 626 630 915 342 957 130 921 287 191 656 235 699 381 904 664 646 533 453 830 984 581 1077 75 988 835 752 676 971 849 324 661 1134 497 956 698 808 958 1011 1033 49 948 534 1179 627 358 679 349 633 1006 455 152 823 77 735 559 250 623 473 168 483 656 471 524 133 889 513 924 1007 1191 493 209 868 947 263 463 946 990 750 561 540 591 572 556 206 904 294 232 259 930 1048 314 962 607 151 395 635 656 671 659 833 48 853 725 326 835 942 555 684 82 504 734 546 136 659 805 389 1124 958 786 1058 902 563 459 819 980 87 1146 841 458 185 373 50 118 821 558 670 767 799 916 697 1059 842 163 1041 866 521 813 873 327 1179
399 200 361 874 0 86 533 941 789 411 244 320 451 448 462 575 619 721 850 362 369 752 354 313 710 292 925 413 195 783 288 341 121 839 847 566 268 693 634 723 507 592 641 405 560 738 454 416 422 903 635 404 128 909 878 307 716 241 818 110 524 476 197 162 775 702 89 279 260 526 356 383 670 357 772 793 684 232 406 507 378 280 134 314 292 624 720 263 402 474 712 326 253 933 584 310 358 202 791 457 645 990 426 768 631 620 381 373 486 616 738 512 537 659 463 501 533 227 510 124 312 128 347 1032 592 386 795 141 632 637 844 967 252 309 292 233 404 648 751 288 278 165 678 267 790 105 751 727 321 814 412 760 426 614 269 783 686 108 312 341 237 814 312 63 418 294 448 833 729 319 354 470 83 189 341 124 215 296 911 482 536 331 280 548 333 785 263 402 657 855 176 931 402 342 774 323 699 1041 418 335 481 450 778 49 488 454 174 362 381 667 411 405 611 412 424 152 519 546 371 303 569 761 735 437 623 702 842 296 207 579 237 275 735 481 347 233 582 285 188 827 225 494 551 424 273 322 590 953 465 483 801 748 270 506 607 287 178 471 224 578 504 659 214 337 944 334 825 466 735 517 924 939 578 318 205 499 526 443 247 239 36 745 270 479 588 112 723 559 361
485 125 399 808 86 0 447 877 727 330 161 393 509 465 515 610 591 733 800 443 284 678 418 381 646 356 853 420 137 728 208 427 104 784 775 575 283 716 625 655 427 536 561 438 475 738 494 451 376 840 594 431 130 848 809 225 632 325 806 24 532 498 143 245 727 706 174 358 336 476 415 435 610 319 712 722 649 146 461 469 396 328 66 376 376 577 660 209 360 507 630 245 168 863 506 367 277 279 723 408 559 925 341 779 550 646 397 401 531 546 676 430 512 596 463 522 524 313 551 166 229 205 398 963 505 318 728 203 577 596 849 900 308 375 211 317 459 594 724 261 195 145 637 335 731 185 706 670 235 765 420 726 472 615 185 765 659 150 381 258 323 744 382 28 437 208 503 848 688 311 438 439 155 111 373 153 298 375 842 532 450 417 198 497 248 747 183 466 630 780 109 861 417 263 694 237 675 973 340 328 445 365 706 129 403 502 260 448 319 599 452 460 546 350 478 238 535 459 290 224 558 746 681 483 570 649 796 357 294 505 309 202 673 419 261 155 585 199 231 760 273 413 482 458 339 267 595 885 435 497 784 685 185 532 524 373 257 495 310 615 418 573 252 403 881 421 840 385 661 461 857 867 503 250 144 421 550 491 161 325 77 687 352 516 501 37 747 487 447
931 366 726 530 533 447 0 605 498 175 295 806 873 710 867 889 618 907 641 871 173 358 807 785 428 751 523 651 405 549 266 873 485 592 459 767 587 938 732 397 219 414 204 745 56 862 808 759 412 583 546 720 515 613 507 243 213 767 863 423 729 753 413 685 599 851 620 787 760 431 794 793 432 436 501 427 618 305 822 490 670 695 411 766 815 500 469 399 431 797 226 255 281 558 204 745 206 707 453 407 114 648 142 942 188 888 661 700 853 307 456 130 579 396 649 768 656 756 859 579 235 646 759 652 94 283 462 629 443 550 974 610 694 773 259 761 819 462 720 462 265 485 578 744 526 624 605 498 214 623 653 679 809 768 268 795 671 557 787 206 770 455 790 472 699 242 863 1020 612 541 879 509 595 354 690 557 738 801 542 869 6 863 264 429 213 677 286 854 649 431 397 550 674 227 318 211 696 664 195 550 490 99 398 572 61 838 705 895 316 362 776 823 356 320 834 684 765 39 200 261 669 795 524 815 462 506 662 746 740 255 728 301 461 331 187 318 752 248 611 490 651 195 292 762 740 357 766 584 511 729 816 464 263 794 142 820 689 759 756 901 38 131 616 800 617 866 1011 154 345 388 575 534 296 303 376 237 803 827 287 769 516 495 787 818 55 428 970 262 893
1296 871 887 76 941 877 605 0 154 578 732 1063 1029 780 1007 918 486 787 209 1147 646 248 1023 1032 231 995 135 741 918 195 681 1238 964 157 155 739 800 870 615 226 824 357 401 871 549 694 916 881 538 42 391 837 996 71 106 672 441 1105 604 854 728 811 928 1031 262 718 1001 1082 1050 437 997 967 275 610 176 178 407 795 991 492 796 919 813 997 1132 366 228 946 566 879 409 813 738 79 415 966 626 1020 159 500 596 49 729 792 417 866 783 840 956 338 203 509 536 282 689 807 626 1104 939 1042 674 1068 949 113 662 559 152 1077 322 392 761 42 945 1014 681 1159 987 312 460 685 702 987 370 1012 166 984 303 234 730 238 743 389 947 689 718 536 471 892 1037 654 1139 150 1041 904 795 750 1015 856 342 714 1190 545 1023 767 856 1028 1071 1088 77 988 609 1241 698 412 754 353 704 1054 478 210 895 91 779 631 318 697 489 117 556 708 521 599 208 954 588 966 1069 1250 560 280 911 993 330 529 990 1052 784 636 612 662 603 562 241 946 343 271 253 982 1110 387 1018 676 208 460 709 726 699 732 891 120 909 801 396 877 996 620 711 64 552 771 547 194 732 841 464 1185 1017 825 1119 934 638 531 875 1031 17 1204 848 532 260 432 34 139 895 627 737 843 833 958 770 1120 908 208 1098 905 595 883 892 399 1237
1142 728 739 102 789 727 498 154 0 441 587 911 884 638 863 785 358 677 162 995 510 173 873 880 82 844 200 595 776 83 536 1084 817 100 147 609 648 752 494 101 715 204 302 725 444 590 773 736 384 114 255 692 849 124 135 529 375 951 521 705 593 672 786 878 164 607 848 929 898 285 848 819 121 457 29 113 289 653 844 343 649 768 662 846 978 222 75 808 412 738 340 681 595 172 295 815 485 867 71 346 513 202 608 689 317 740 636 693 815 202 51 385 396 132 547 670 490 950 800 893 531 916 800 258 568 410 62 927 170 258 673 186 793 863 536 1005 841 162 365 532 558 842 244 859 41 830 199 90 595 164 597 296 802 565 575 448 358 739 886 514 985 99 890 754 651 612 870 759 233 562 1037 396 872 619 707 879 917 936 150 846 502 1087 554 259 621 269 559 906 358 209 751 178 634 488 269 559 380 265 417 557 371 473 141 801 470 822 915 1097 409 142 766 846 182 377 845 899 649 532 472 517 472 468 108 802 193 130 198 831 956 255 865 528 54 309 576 578 571 592 738 68 756 690 252 733 844 468 584 183 403 632 464 42 590 704 363 1032 864 685 966 801 527 451 722 880 155 1051 751 400 175 278 143 213 793 477 586 732 698 814 628 966 756 61 945 765 499 735 777 262 1084
806 295 555 504 411 330 175 578 441 0 170 650 704 535 697 714 467 738 555 721 69 356 644 627 361 591 533 476 343 468 123 747 400 520 457 595 418 765 569 352 323 295 230 571 172 699 634 586 244 546 412 546 432 565 496 105 309 630 714 306 555 578 352 547 498 685 491 638 610 285 629 624 343 262 434 409 483 220 653 332 496 530 278 604 673 372 390 368 260 623 302 241 168 551 178 581 54 561 419 246 281 625 194 775 220 713 487 527 680 241 391 101 417 315 476 593 488 621 685 487 103 535 591 652 266 110 426 530 333 415 813 595 534 614 119 644 650 353 582 288 136 415 449 589 458 488 493 411 154 529 478 552 637 600 149 651 526 410 629 78 642 434 632 359 524 172 693 853 491 367 737 343 485 222 518 469 598 652 531 697 181 741 133 291 181 557 148 690 501 454 322 547 500 69 364 119 550 662 29 376 327 79 388 441 114 666 573 766 144 301 604 654 265 153 664 553 590 208 41 109 504 646 432 644 343 405 567 585 612 191 577 144 392 185 136 178 581 155 453 458 490 297 191 589 582 183 596 575 345 554 672 400 158 619 198 692 546 584 626 726 171 270 454 639 586 731 844 55 339 247 554 546 416 131 223 334 628 655 195 636 386 418 643 643 224 325 797 179 761
643 145 462 661 244 161 295 732 587 170 0 514 597 483 597 652 518 727 679 577 125 522 522 495 506 463 699 427 192 599 51 584 233 654 622 572 324 732 586 507 333 410 400 490 317 711 552 504 282 697 495 472 265 711 658 64 472 473 755 137 528 523 202 391 611 687 328 492 466 367 512 518 476 252 576 571 559 75 547 383 426 414 116 480 520 467 526 238 279 552 468 168 22 713 347 462 116 413 576 305 409 781 216 770 389 670 421 446 595 396 536 269 448 456 450 543 490 463 607 318 68 366 482 813 365 181 581 361 451 498 826 753 408 485 52 477 544 470 647 230 34 255 537 453 597 330 597 541 102 647 428 635 543 596 26 702 585 263 497 97 479 594 499 189 462 87 589 845 585 307 584 369 316 60 428 300 443 507 692 605 299 576 37 383 132 649 29 570 557 622 165 710 439 104 534 85 605 824 182 321 365 206 552 279 245 573 412 604 195 453 514 547 406 225 561 391 549 313 129 70 516 689 556 552 451 525 682 460 449 352 435 70 535 289 121 34 570 60 324 614 366 312 336 509 450 169 583 735 367 510 723 545 39 562 363 530 395 525 465 661 270 417 333 513 738 573 836 224 505 342 711 712 422 123 97 333 576 562 56 476 223 553 492 568 350 155 765 335 601
280 517 199 1010 320 393 806 1063 911 650 514 0 167 334 191 357 624 565 916 85 632 932 71 32 844 67 1086 345 515 876 540 239 435 929 1009 446 264 500 567 875 820 710 859 238 819 623 243 238 534 1021 688 265 431 1013 1028 562 955 140 737 410 420 332 517 170 839 578 244 64 63 627 96 145 792 462 887 952 708 532 146 572 285 144 403 70 113 701 836 582 503 285 942 637 531 1077 794 101 604 119 937 570 920 1109 724 611 853 428 297 246 247 788 866 747 549 797 408 354 489 159 281 387 571 302 135 1169 879 577 937 354 742 688 703 1097 121 50 546 259 146 751 735 394 541 474 723 61 898 217 803 830 611 876 343 772 196 513 540 732 678 252 26 600 203 966 22 378 305 587 172 654 770 349 143 520 322 455 218 404 134 52 1054 223 810 260 542 652 632 807 519 98 654 1035 495 1080 309 584 981 599 680 1176 645 355 543 711 947 271 751 209 191 236 556 822 211 143 760 578 164 203 382 827 614 547 526 700 827 207 720 794 894 81 200 768 84 508 859 633 633 488 481 569 197 965 163 805 723 247 69 491 482 1092 513 363 744 874 550 337 844 212 145 319 189 352 784 919 200 48 1061 183 648 698 916 640 1055 1100 895 523 430 813 358 204 540 165 316 855 94 272 860 426 522 744 212
426 634 153 985 451 509 873 1029 884 704 597 167 0 251 30 203 557 424 859 215 702 935 103 153 827 161 1072 288 642 835 610 395 572 883 999 335 286 347 469 866 923 693 888 158 876 496 120 148 534 987 640 192 573 971 1010 633 993 308 619 520 322 228 646 324 784 450 390 232 225 609 95 80 772 471 857 943 643 633 51 542 236 184 500 139 277 663 809 712 503 164 975 743 617 1055 821 142 666 269 921 565 984 1072 814 467 886 280 250 194 97 794 844 792 494 784 341 243 413 326 130 539 643 460 115 1140 955 613 920 512 718 639 561 1066 201 148 618 426 54 723 647 419 618 614 668 194 863 357 745 796 699 820 286 697 82 402 622 627 599 359 157 669 370 952 160 501 234 680 14 500 709 350 287 490 472 543 190 552 298 218 1032 64 878 420 618 634 726 734 595 71 579 1035 617 1059 250 645 998 679 595 1145 692 348 516 774 944 404 814 68 353 387 585 818 118 50 755 600 41 362 271 899 673 613 445 594 788 84 691 758 831 155 366 786 230 572 836 642 718 566 375 656 280 944 237 905 734 152 181 526 371 1067 483 268 636 851 636 215 885 376 295 214 356 194 857 972 265 126 1025 337 496 745 920 632 1026 1086 1006 573 503 920 233 73 635 332 437 824 261 141 925 545 365 761 361
612 573 135 740 448 465 710 780 638 535 483 334 251 0 227 179 306 272 608 415 555 706 273 303 586 276 831 59 599 586 475 565 559 633 761 122 183 253 233 630 813 456 682 99 700 302 136 105 319 738 390 70 574 721 767 495 792 439 406 464 88 43 606 405 533 261 434 381 355 374 245 202 531 275 611 705 392 542 220 302 71 214 424 265 438 416 565 669 291 102 769 649 505 810 616 236 512 361 680 343 813 823 688 320 682 187 68 92 177 570 601 607 244 547 91 61 163 450 166 568 505 522 199 892 801 429 678 564 476 389 400 818 254 286 483 544 217 479 404 257 491 603 417 308 615 399 494 550 581 569 58 448 170 183 501 397 351 341 309 525 498 712 314 472 33 569 237 385 457 176 478 252 507 444 127 572 413 378 788 208 716 581 490 397 614 485 469 290 330 801 568 815 48 492 778 550 350 897 516 164 279 613 709 417 649 186 447 566 397 585 137 223 524 402 215 443 71 743 515 470 197 366 539 167 448 510 580 260 479 572 335 433 592 427 591 449 150 540 269 701 248 790 516 100 288 354 153 820 246 35 410 607 520 84 690 526 376 51 478 192 703 789 241 290 775 513 377 565 692 404 779 845 904 412 388 815 94 179 534 463 419 578 408 128 758 500 285 547 545
455 640 142 964 462 515 867 1007 863 697 597 191 30 227 0 173 532 393 835 244 698 919 123 174 807 177 1053 268 650 813 607 423 583 860 981 306 280 317 441 848 925 674 876 139 868 466 93 127 519 964 617 172 586 948 990 630 982 331 590 526 295 202 654 342 760 419 405 256 246 591 110 80 752 459 836 924 617 635 56 523 219 187 503 154 303 642 789 721 488 136 963 745 617 1034 809 152 661 287 901 549 977 1049 813 437 874 250 232 178 67 778 824 783 471 765 317 215 388 349 100 554 640 478 117 1118 951 603 900 530 698 616 531 1045 210 167 615 449 57 702 620 410 616 626 644 211 841 371 721 775 699 796 266 670 62 374 620 598 572 366 179 665 394 933 181 510 212 680 20 471 684 338 316 470 487 543 179 567 320 243 1012 34 873 447 616 615 726 708 593 99 553 1018 624 1039 230 640 984 677 568 1123 684 334 496 769 926 416 808 41 373 415 574 800 99 57 738 588 37 381 243 894 667 608 419 565 766 61 671 736 805 169 389 772 248 568 815 628 716 565 347 656 285 924 242 906 719 130 197 517 342 1046 463 242 607 831 635 186 874 403 312 188 379 165 852 964 268 147 1002 365 466 736 904 616 1004 1067 1009 565 501 922 203 49 636 356 446 803 286 112 919 552 336 747 390
628 727 214 886 575 610 889 918 785 714 652 357 203 179 173 0 432 224 729 417 732 871 286 334 742 324 983 238 747 724 649 593 694 764 917 180 333 144 312 790 984 618 857 171 879 305 123 159 495 876 530 181 703 854 918 669 968 492 434 614 193 136 753 487 660 260 537 419 403 540 264 217 687 454 757 863 513 705 211 466 226 299 580 304 470 566 715 818 469 103 944 814 674 957 791 288 689 433 834 517 992 957 861 265 858 79 231 210 110 740 754 786 392 708 254 125 295 508 76 683 680 619 243 1031 979 608 831 668 632 528 360 958 335 322 656 609 210 632 492 432 663 738 548 362 758 501 618 695 752 691 236 552 164 238 672 455 456 469 339 701 555 867 343 611 191 738 193 298 580 351 488 420 618 608 237 692 475 409 935 139 895 616 662 561 784 591 640 271 443 962 718 963 216 669 948 723 445 1035 695 340 446 791 871 535 828 148 523 587 576 749 167 214 691 580 193 526 139 921 692 645 315 420 681 153 603 655 694 312 545 746 397 607 744 602 764 618 220 711 387 851 351 962 689 152 343 532 210 964 414 166 460 759 690 95 868 569 456 130 538 17 881 967 362 310 911 536 293 744 858 574 921 996 1074 589 555 985 91 153 700 517 551 724 449 96 937 646 165 721 562
889 654 430 457 619 591 618 486 358 467 518 624 557 306 532 432 0 328 303 708 521 470 571 592 328 559 558 280 695 292 482 835 695 333 497 253 388 396 140 381 790 229 506 403 585 256 439 411 238 445 105 371 721 423 492 491 615 702 247 578 243 331 705 645 230 260 644 659 629 187 544 505 276 274 329 447 86 593 525 138 340 485 529 554 714 151 293 753 240 399 585 673 536 527 451 523 476 616 413 223 692 525 659 349 513 383 327 381 476 367 333 490 82 305 219 324 144 708 456 741 499 729 495 599 711 366 409 757 226 102 361 527 520 574 487 787 522 218 133 332 505 734 117 584 327 616 190 269 584 264 282 150 476 208 522 186 68 531 598 502 751 446 602 611 327 587 543 426 152 309 764 153 697 513 406 736 671 660 506 510 624 846 503 192 620 183 491 593 39 549 664 534 317 464 561 544 87 603 439 296 153 540 461 609 563 490 688 842 337 353 442 528 308 317 521 677 300 656 471 467 117 179 251 473 195 228 274 544 726 395 601 448 322 287 581 491 214 557 493 425 495 764 341 406 566 349 227 533 156 291 207 336 543 357 540 790 623 345 730 448 628 648 469 584 479 791 417 466 461 230 490 570 883 399 458 800 348 484 574 723 583 297 682 425 650 616 422 376 824
842 834 385 772 721 733 907 787 677 738 727 565 424 272 393 224 328 0 582 633 775 799 494 538 655 520 876 312 864 603 709 803 830 631 821 158 454 97 189 709 1045 554 825 338 884 100 321 333 495 749 433 326 846 718 811 725 936 690 226 730 202 250 871 669 527 70 704 622 602 495 469 420 604 485 648 773 388 794 422 424 343 473 687 503 677 479 618 932 478 280 907 895 749 840 766 480 730 620 737 501 995 819 915 48 830 145 340 356 327 690 658 787 334 634 278 224 251 704 293 840 735 791 436 899 1001 628 732 835 554 429 138 829 514 523 716 802 421 547 329 498 728 874 433 556 642 669 486 591 818 550 312 399 369 139 741 267 319 613 544 749 752 770 548 742 304 811 412 118 448 427 703 398 779 698 391 844 668 615 820 360 913 824 727 508 852 437 708 489 320 876 832 848 319 712 889 782 299 901 714 411 418 817 788 689 847 361 709 800 595 681 356 425 633 588 407 708 203 943 729 699 241 234 569 359 523 551 542 505 737 712 588 668 647 584 823 694 158 781 540 745 515 1020 655 324 536 574 145 842 396 238 265 661 762 231 851 773 638 258 733 236 909 958 512 517 777 747 109 753 789 537 798 888 1138 633 640 1050 209 363 782 715 691 618 652 293 947 767 108 690 776
1169 823 727 217 850 800 641 209 162 555 679 916 859 608 835 729 303 582 0 1001 624 334 868 884 214 849 322 577 870 92 630 1113 898 66 295 549 663 668 418 256 853 269 455 704 590 487 742 712 428 176 228 671 928 138 264 628 535 978 395 781 545 634 881 912 78 513 895 944 913 324 841 805 213 496 146 272 218 750 826 352 637 773 734 847 998 227 172 912 450 702 500 796 690 274 437 816 591 892 231 393 668 237 738 585 469 671 623 679 779 335 189 519 369 246 520 626 447 981 758 964 633 972 792 318 718 498 221 991 228 228 551 251 805 866 632 1049 823 208 253 570 653 928 193 871 123 873 114 145 706 40 580 184 778 493 671 327 273 782 890 621 1021 253 894 825 628 720 845 647 151 578 1051 401 932 699 701 953 945 948 259 812 646 1120 650 303 736 146 649 893 286 360 843 285 616 589 431 667 288 319 528 568 382 602 302 853 605 793 953 1122 486 279 744 829 292 455 823 939 601 677 580 611 418 354 124 775 230 153 44 835 993 388 883 613 182 390 691 663 508 696 764 213 774 827 366 708 854 533 519 269 407 594 338 183 689 659 513 1063 894 648 1000 745 666 607 743 879 197 1073 640 524 336 339 226 331 936 559 656 869 649 787 726 996 815 146 965 728 648 814 689 387 1106
211 562 281 1094 362 443 871 1147 995 721 577 85 215 415 244 417 708 633 1001 0 699 1013 143 117 927 152 1168 428 554 961 607 182 468 1013 1091 523 348 561 648 958 869 793 935 317 888 696 313 315 616 1105 773 345 458 1097 1111 629 1028 136 814 462 500 409 555 201 923 651 278 85 111 711 171 218 876 545 971 1034 792 587 211 657 368 229 462 154 85 785 920 618 586 357 1017 687 592 1161 870 186 673 165 1020 653 985 1193 781 678 929 492 381 328 307 868 950 820 634 880 491 430 572 156 341 406 637 314 216 1253 941 654 1021 365 826 773 771 1181 203 135 613 240 212 835 817 474 606 504 808 138 982 258 888 914 670 961 427 856 265 591 603 811 761 315 111 667 185 1049 107 424 387 645 224 715 854 433 72 605 345 517 302 425 150 70 1138 278 876 209 607 736 688 891 585 145 737 1116 538 1163 392 654 1059 662 763 1260 718 439 627 778 1029 315 818 271 204 172 634 904 286 208 842 657 226 222 458 890 684 615 609 780 912 274 804 879 978 166 196 847 144 577 943 714 694 553 560 630 272 1049 243 856 803 323 151 568 559 1176 598 442 823 958 611 409 917 174 186 396 179 409 847 988 279 125 1146 124 710 771 996 723 1139 1183 940 597 499 861 430 269 597 154 366 939 94 340 926 474 580 823 146
768 232 558 572 369 284 173 646 510 69 125 632 702 555 698 732 521 775 624 699 0 419 634 612 430 578 597 497 279 537 93 709 342 589 522 627 419 794 614 420 272 362 284 580 192 744 643 595 289 615 473 558 374 634 562 70 348 598 767 260 585 597 288 515 565 726 453 614 587 344 621 623 412 291 504 475 543 158 651 384 508 523 241 593 644 435 459 299 299 637 347 172 116 617 240 573 46 535 487 298 287 693 140 814 272 739 501 536 688 310 461 152 465 385 505 615 527 588 696 433 61 489 588 717 253 155 494 479 400 477 858 662 521 600 86 601 649 421 640 300 93 354 512 571 527 455 559 480 84 597 498 614 641 638 100 706 582 384 614 33 605 501 616 312 540 105 693 892 555 381 708 387 438 184 522 413 567 629 598 702 178 700 92 353 112 621 113 682 557 514 260 613 516 64 418 53 605 728 96 392 375 81 453 404 121 671 538 729 186 370 610 652 335 203 664 517 615 197 50 90 546 699 500 648 409 473 635 573 574 259 556 130 462 248 67 145 617 93 438 526 478 246 261 598 567 204 631 641 388 578 727 470 101 639 242 655 518 602 590 743 154 292 443 627 654 698 883 115 403 308 621 610 365 145 203 280 649 659 134 601 348 487 616 655 228 273 827 249 727
1133 651 783 174 752 678 358 248 173 356 522 932 935 706 919 871 470 799 334 1013 419 0 906 903 147 866 178 654 698 250 472 1074 755 272 104 704 670 862 610 92 577 253 154 780 302 721 835 793 403 230 366 748 787 265 149 459 204 946 671 654 680 744 707 867 326 730 823 938 907 331 884 863 195 471 191 72 421 575 890 405 700 793 619 873 982 319 192 716 434 807 170 578 523 202 180 844 408 867 107 370 351 290 486 818 170 838 687 741 880 144 156 272 482 166 619 748 580 942 872 840 457 880 838 300 415 370 118 881 245 370 815 253 811 887 470 981 887 252 512 539 489 771 373 875 212 813 353 226 501 333 656 449 856 673 504 597 490 725 908 434 971 99 911 706 711 524 922 892 379 591 1044 453 831 567 748 822 913 948 185 907 362 1072 486 310 521 428 497 945 482 104 678 196 690 418 99 472 515 311 340 590 427 361 40 774 346 880 900 1090 383 121 820 892 181 356 895 881 732 388 394 455 571 612 254 858 276 258 369 855 940 173 873 477 167 299 478 523 672 510 743 139 770 553 210 791 863 449 686 227 460 708 615 159 514 781 216 1020 859 756 953 886 392 287 733 909 261 1049 883 304 17 303 217 191 647 436 549 595 780 871 550 957 723 205 949 833 347 677 890 194 1081
348 543 141 973 354 418 807 1023 873 644 522 71 103 273 123 286 571 494 868 143 634 906 0 51 809 63 1053 291 548 833 541 309 474 884 978 380 237 429 505 844 840 675 844 174 816 554 173 172 503 981 642 204 474 970 994 564 943 208 671 432 357 266 551 222 791 509 289 133 123 591 28 75 756 435 848 921 656 550 75 531 231 115 417 42 184 658 798 617 472 216 928 658 541 1042 777 63 602 167 903 538 920 1068 736 540 839 357 245 189 176 762 830 738 499 763 352 287 432 225 209 437 574 357 76 1131 885 563 903 409 704 641 633 1058 114 46 548 326 75 712 676 372 546 516 675 91 857 257 754 789 622 828 289 718 125 448 547 669 622 270 55 601 271 933 58 408 246 601 105 583 719 316 210 478 370 465 167 451 196 123 1019 154 812 331 546 616 646 753 523 49 599 1008 525 1045 253 581 961 606 622 1138 636 319 502 710 918 306 750 138 250 305 538 793 143 72 729 557 93 259 315 831 611 546 468 637 784 136 680 752 843 62 265 747 127 506 822 608 643 493 417 580 198 930 156 823 699 180 81 475 416 1055 471 300 680 837 560 268 833 283 192 253 256 281 788 914 191 24 1020 253 577 690 890 608 1017 1068 920 514 432 835 289 133 554 233 344 815 164 202 861 454 451 722 281
310 506 168 979 313 381 785 1032 880 627 495 32 153 303 174 334 592 538 884 117 612 903 51 0 814 37 1056 313 508 845 519 266 431 897 980 416 234 475 536 846 806 679 833 208 797 593 217 208 504 990 656 233 429 981 998 542 930 158 707 397 389 301 510 173 807 548 243 85 72 596 70 118 762 433 856 922 676 517 124 541 252 113 386 38 139 669 805 576 473 258 917 624 513 1047 767 69 582 118 906 540 899 1078 707 584 828 403 265 214 225 759 836 723 517 767 375 324 457 175 258 389 550 308 105 1138 860 551 907 360 711 656 676 1066 94 18 526 276 124 720 703 365 521 471 691 46 867 212 771 798 593 844 311 740 171 482 521 700 646 236 6 579 221 936 11 369 273 571 155 629 738 318 175 489 323 437 186 404 146 78 1024 204 790 286 522 622 616 775 499 91 622 1007 486 1049 277 562 954 580 648 1145 621 324 512 689 918 264 730 187 200 265 529 793 182 121 730 551 143 209 352 807 591 525 494 669 795 182 689 763 862 50 215 741 79 486 829 605 615 468 451 552 174 935 137 791 695 217 45 464 451 1062 482 332 713 843 532 308 819 236 144 289 206 330 764 896 174 27 1030 212 623 674 887 610 1024 1070 884 499 409 801 330 181 524 184 306 824 116 246 839 416 498 716 242
1068 647 678 168 710 646 428 231 82 361 506 844 827 586 807 742 328 655 214 927 430 147 809 814 0 777 246 539 694 122 454 1010 736 165 175 570 580 723 468 55 642 135 242 669 376 576 720 680 312 193 223 635 767 206 184 448 331 878 523 624 550 622 705 803 186 586 770 858 827 219 785 759 56 385 75 121 274 571 785 285 590 701 582 780 907 179 47 727 342 688 296 601 513 233 224 750 404 794 94 275 455 280 532 673 256 704 577 634 763 124 31 310 350 51 496 623 448 876 751 812 450 837 737 328 504 329 94 847 110 226 668 259 724 797 455 928 781 111 365 459 476 760 226 790 99 754 208 81 514 202 542 303 746 534 493 450 344 663 819 433 910 126 823 674 596 531 813 747 232 495 966 337 792 538 645 798 844 866 210 793 433 1012 473 194 541 284 477 844 337 222 670 235 577 407 245 478 368 336 336 491 311 396 133 723 395 767 839 1023 329 66 709 787 100 298 787 822 604 464 391 436 435 464 110 746 140 110 240 764 881 178 795 447 33 229 496 497 536 511 666 122 686 617 171 678 776 389 549 249 344 584 467 40 508 657 299 957 790 634 891 758 455 396 652 815 235 978 738 321 142 205 215 260 724 396 506 659 653 759 546 892 677 69 874 714 434 653 750 182 1011
336 481 141 943 292 356 751 995 844 591 463 67 161 276 177 324 559 520 849 152 578 866 63 37 777 0 1019 281 485 809 485 289 412 861 943 392 197 463 508 809 778 643 797 185 762 571 203 187 467 954 621 207 412 945 961 508 894 170 682 370 363 278 488 166 772 527 229 105 82 559 67 108 725 396 820 885 642 489 122 505 221 76 356 23 162 633 769 555 436 241 880 596 482 1010 731 40 548 111 870 503 865 1041 677 567 791 389 233 185 218 722 799 687 483 730 344 302 426 184 250 378 517 302 84 1101 828 515 870 353 674 622 657 1029 58 22 492 285 121 683 672 328 488 454 657 37 830 196 736 762 562 810 279 708 160 457 489 672 614 208 42 545 232 899 46 345 245 541 160 616 704 282 205 453 311 406 154 391 151 103 987 203 756 307 489 585 586 742 466 111 589 970 462 1012 246 527 917 548 617 1109 585 287 475 655 881 244 695 181 199 290 492 756 164 120 693 514 142 205 329 774 557 491 464 642 760 172 652 727 828 16 221 704 73 451 792 568 584 435 425 520 140 898 101 762 657 196 20 428 426 1025 446 307 685 807 501 289 783 254 136 267 214 322 731 861 138 49 994 238 610 638 850 573 987 1033 858 463 375 773 311 173 494 195 281 788 134 232 806 391 488 679 269
1300 828 924 107 925 853 523 135 200 533 699 1086 1072 831 1053 983 558 876 322 1168 597 178 1053 1056 246 1019 0 785 875 274 648 1241 931 259 78 807 822 952 694 211 738 380 324 914 467 788 965 926 552 151 454 881 964 195 65 635 335 1111 711 830 790 866 885 1033 354 806 994 1097 1066 464 1030 1004 300 624 229 135 488 753 1030 530 836 944 793 1023 1143 417 268 893 583 932 308 753 701 57 357 993 585 1029 152 516 494 153 658 887 339 940 823 879 1008 310 230 448 592 290 741 866 688 1108 995 1016 635 1053 982 130 567 540 153 1056 355 457 865 111 965 1039 646 1152 1027 352 558 696 666 949 444 1031 234 981 393 289 678 341 787 488 991 765 681 639 557 891 1061 611 1139 120 1065 881 841 701 1058 955 429 738 1204 582 1005 742 890 999 1077 1105 64 1038 526 1240 663 439 697 456 673 1089 558 94 855 44 823 595 211 649 578 142 517 735 556 537 147 945 518 1013 1068 1256 549 265 955 1032 327 521 1032 1049 846 549 572 631 670 662 308 992 383 330 365 1007 1108 348 1033 652 239 457 655 698 771 688 902 133 926 716 376 923 1017 614 784 78 589 827 653 224 691 899 383 1187 1023 879 1120 999 559 430 890 1059 152 1213 947 482 194 446 104 14 801 608 721 758 895 1004 728 1123 895 260 1110 958 503 853 977 367 1245
615 523 150 697 413 420 651 741 595 476 427 345 288 59 268 238 280 312 577 428 497 654 291 313 539 281 785 0 552 548 418 564 518 597 713 155 145 305 235 581 756 407 625 130 641 326 181 141 262 699 353 97 536 684 722 437 735 434 417 418 112 102 559 390 501 289 409 383 355 324 264 228 484 216 569 657 365 489 250 255 60 210 376 274 440 375 521 621 234 155 712 594 449 767 559 244 453 351 633 288 754 784 630 359 625 243 48 102 226 516 556 548 209 498 64 118 146 442 220 535 448 497 215 851 742 370 632 536 430 353 432 778 248 295 425 531 247 434 391 199 434 562 385 309 575 375 463 508 524 538 2 428 207 202 445 397 333 307 319 467 489 665 323 430 57 513 275 428 429 120 486 203 477 391 127 537 405 383 744 254 657 578 433 348 558 463 412 316 309 751 521 771 39 433 724 493 336 857 457 106 229 554 660 386 590 228 432 568 338 535 171 253 473 344 250 426 121 684 456 412 184 369 500 207 403 469 552 265 468 516 330 376 547 371 534 393 170 484 244 656 231 733 461 139 289 295 178 778 196 82 412 563 465 143 632 522 363 109 468 251 644 730 216 304 737 516 420 506 640 351 737 799 847 353 334 759 153 219 480 457 381 536 409 180 699 454 337 491 549
554 48 537 846 195 137 405 918 776 343 192 515 642 599 650 747 695 864 870 554 279 698 548 508 694 485 875 552 0 790 241 501 91 845 800 706 418 851 745 692 324 602 561 576 447 863 631 588 465 885 682 568 115 900 839 247 611 426 922 135 662 633 10 354 803 833 277 472 455 556 547 570 667 422 766 752 744 124 595 565 532 464 177 507 479 657 717 72 457 644 616 158 182 894 518 500 293 397 760 492 507 966 273 909 548 782 531 538 667 581 725 430 620 646 590 657 645 409 688 182 245 265 534 994 441 373 767 235 643 685 976 937 441 504 240 382 593 662 827 376 219 80 725 461 787 299 787 732 200 839 552 820 609 742 202 876 763 285 507 265 406 777 507 141 572 175 637 980 774 438 537 543 219 182 510 159 405 490 874 667 407 484 222 573 192 837 221 596 735 793 32 890 551 288 694 226 781 1005 362 454 544 347 731 244 377 638 355 525 386 639 589 594 595 416 613 335 669 406 306 260 676 859 748 619 642 717 873 488 380 533 432 259 724 481 227 210 713 187 367 799 409 316 524 595 467 351 724 917 540 631 896 734 187 668 513 452 372 631 398 752 370 536 389 531 925 509 972 393 681 533 895 888 387 313 238 313 686 627 149 418 205 744 460 653 455 100 882 519 531
1119 743 695 169 783 728 549 195 83 468 599 876 835 586 813 724 292 603 92 961 537 250 833 845 122 809 274 548 790 0 549 1062 823 56 229 545 617 681 424 166 762 192 364 678 497 513 721 687 365 153 196 644 854 137 210 546 447 927 440 707 534 617 801 857 82 533 834 899 868 260 807 775 125 436 59 195 216 669 798 304 605 732 662 809 951 176 80 829 390 684 412 709 609 237 344 778 506 842 153 328 577 237 647 612 377 674 591 648 761 243 98 428 342 155 495 612 431 928 745 893 550 908 758 308 626 418 144 923 151 198 592 234 761 827 551 990 795 135 285 511 572 851 176 827 42 814 119 58 620 83 550 215 754 497 590 367 284 723 850 536 966 181 854 754 602 635 821 681 155 530 1007 356 866 623 666 881 894 904 217 794 554 1067 569 236 649 186 570 863 287 292 764 246 587 506 348 582 304 312 441 523 334 511 221 790 514 772 897 1073 410 187 718 801 203 379 797 881 590 585 495 530 409 388 50 752 162 83 120 795 938 296 836 535 90 311 604 585 506 612 712 147 727 736 277 684 811 462 518 242 363 577 382 93 607 646 421 1010 841 630 946 740 574 516 694 842 189 1025 672 434 250 267 198 286 844 482 584 777 639 764 644 944 749 53 918 711 556 739 705 296 1058
684 194 469 610 288 208 266 681 536 123 51 540 610 475 607 649 482 709 630 607 93 472 541 519 454 485 648 418 241 549 0 625 284 604 571 556 329 720 559 456 339 361 353 492 281 686 556 507 244 646 452 472 316 660 607 23 430 510 722 184 513 516 252 427 564 664 369 523 496 323 529 531 426 225 525 520 518 120 560 345 424 430 155 500 554 422 475 283 246 551 424 193 60 662 298 480 70 444 524 264 380 729 213 750 342 661 417 448 600 345 485 224 416 405 433 535 465 501 609 368 33 413 496 762 345 132 530 410 402 455 801 701 428 507 8 521 557 422 609 218 24 306 494 478 546 367 551 491 109 599 419 592 551 574 42 667 547 293 521 60 520 543 523 236 457 106 601 826 541 299 619 336 363 99 433 351 478 537 641 612 271 618 21 337 144 605 25 589 520 572 215 659 433 54 486 75 568 772 132 311 330 172 501 319 212 581 452 644 150 401 520 560 355 178 572 431 538 290 82 19 489 656 507 559 403 477 634 480 490 301 463 42 484 240 116 56 550 76 345 562 385 315 285 511 474 138 564 684 336 500 688 494 62 557 320 570 428 520 504 659 247 381 350 534 687 611 817 177 455 295 659 662 431 83 110 342 569 569 97 515 264 503 526 569 321 205 753 284 640
60 524 430 1177 341 427 873 1238 1084 747 584 239 395 565 423 593 835 803 1113 182 709 1074 309 266 1010 289 1241 564 501 1062 625 0 410 1116 1162 681 450 737 796 1032 825 881 974 473 901 859 482 474 700 1197 885 496 389 1195 1188 645 1055 135 971 450 652 567 498 207 1035 815 256 184 210 802 334 383 963 628 1063 1106 916 570 383 761 506 355 470 303 127 889 1010 551 673 524 1049 653 594 1241 914 329 695 221 1098 738 985 1285 761 850 965 666 517 473 483 932 1035 848 756 960 628 590 710 134 517 324 651 236 370 1337 929 704 1100 272 917 886 941 1268 317 282 630 120 384 930 955 552 617 432 924 257 1077 261 1003 1010 660 1074 563 985 435 746 609 960 895 349 260 680 105 1124 256 401 533 633 403 891 973 535 111 712 284 527 441 347 168 189 1218 457 877 30 619 828 670 1018 600 324 869 1178 495 1241 533 678 1105 663 900 1346 751 546 731 790 1096 306 828 446 174 26 692 976 449 380 916 720 400 194 617 885 707 638 748 930 1012 445 900 978 1096 305 135 902 235 606 1030 784 687 569 714 626 350 1131 341 817 866 483 277 626 716 1259 706 596 973 1044 611 574 945 55 221 555 121 587 844 999 370 287 1238 58 886 801 1057 806 1225 1255 883 639 528 814 596 442 587 118 361 1033 156 511 928 447 758 879 45
463 120 480 894 121 104 485 964 817 400 233 435 572 559 583 694 695 830 898 468 342 755 474 431 736 412 931 518 91 823 284 410 0 879 855 673 377 807 728 740 416 631 626 523 522 839 574 534 477 929 696 520 32 940 891 296 685 337 910 119 630 589 89 269 826 806 192 388 373 576 476 504 703 423 804 804 752 185 527 572 489 401 167 434 391 677 753 149 463 592 688 246 231 946 577 431 347 316 808 508 591 1013 359 877 614 736 491 489 607 629 766 494 616 686 564 614 627 320 630 94 297 174 468 1046 528 407 814 145 673 698 949 986 373 429 285 291 525 691 828 365 266 45 739 385 824 219 807 765 273 864 518 829 547 716 251 869 763 225 429 322 315 827 429 89 529 246 569 944 789 413 448 543 128 200 458 72 318 406 925 603 487 393 269 596 273 850 260 521 734 853 89 943 512 337 761 290 779 1057 415 430 548 417 785 168 451 575 267 434 413 685 531 526 636 444 546 247 630 490 360 302 661 850 778 558 668 745 896 417 290 585 353 289 764 512 300 239 685 250 307 846 346 408 568 542 393 366 695 968 539 593 888 775 242 622 583 361 290 586 308 698 451 616 332 456 970 418 936 453 738 558 943 945 477 341 244 404 641 564 208 328 142 780 374 598 537 84 838 568 439
1173 798 745 152 839 784 592 157 100 520 654 929 883 633 860 764 333 631 66 1013 589 272 884 897 165 861 259 597 845 56 604 1116 879 0 229 585 670 713 459 199 807 248 400 726 539 538 768 735 421 118 244 693 910 90 199 600 475 982 453 764 576 662 856 913 105 561 890 953 922 316 858 824 179 491 91 208 252 723 847 357 655 785 718 861 1005 229 130 883 446 729 440 761 664 213 388 830 560 896 167 384 612 193 696 637 415 711 641 698 806 289 136 474 389 205 543 656 475 983 789 949 604 964 809 269 665 474 156 979 207 244 609 198 814 879 605 1046 844 191 305 567 627 907 217 881 66 870 147 114 673 83 599 234 802 533 644 383 315 778 903 590 1021 188 907 810 650 688 869 702 186 584 1061 409 922 679 717 937 949 958 197 840 597 1122 624 292 701 199 625 912 323 294 819 224 636 560 367 635 333 272 494 576 387 560 238 846 560 819 952 1127 466 230 766 850 255 435 845 937 632 627 548 585 450 408 105 800 218 139 107 847 993 343 890 591 131 367 656 641 544 666 767 147 781 782 329 731 864 518 556 212 416 621 396 128 661 690 460 1066 896 675 1001 780 619 550 749 894 148 1079 694 484 275 323 168 269 888 538 640 823 681 811 699 999 805 102 972 756 596 795 735 345 1113
