NAME : X-n223-k34_SARP
COMMENT : Curated from VRPLIB to SARP
TYPE : SARP
DIMENSION : 223
EDGE_WEIGHT_TYPE : EXPLICIT
EDGE_WEIGHT_FORMAT : FULL_MATRIX
EDGE_WEIGHT_SECTION
0 238 436 652 754 532 726 202 699 269 522 212 683 413 517 715 239 154 658 576 504 662 621 296 908 285 300 243 155 175 885 221 147 316 467 556 197 450 817 80 753 555 522 426 53 345 718 213 394 617 274 123 520 310 229 827 654 747 704 637 366 118 479 773 193 523 872 611 216 592 591 145 692 201 751 561 665 831 679 759 711 530 986 673 715 283 627 1043 228 669 250 429 631 644 461 251 356 489 561 531 131 578 622 321 721 691 208 371 188 284 704 812 233 758 211 452 68 246 686 590 645 979 100 277 345 640 525 164 787 487 484 258 638 251 429 306 717 370 571 744 347 458 153 496 813 96 740 248 734 530 225 361 183 630 807 530 816 868 682 240 824 202 518 535 700 384 539 462 681 545 234 574 763 697 576 505 719 679 500 860 700 497 493 286 276 484 600 827 847 652 221 1014 357 209 813 599 321 788 528 719 548 182 663 674 161 308 159 663 446 958 429 692 605 846 804 921 805 477 361 568 913 857 448
238 0 671 890 803 764 711 81 937 502 742 130 920 257 738 949 447 203 764 802 660 748 752 146 1059 118 338 138 84 86 1057 132 341 271 705 640 48 683 951 197 666 786 535 660 261 161 931 38 435 692 167 121 615 481 44 766 818 659 784 876 595 218 713 794 91 604 1003 496 85 829 829 253 926 80 682 437 887 778 628 956 607 768 1092 654 619 63 856 1181 74 906 337 406 867 873 657 182 221 718 785 756 150 692 544 136 917 632 103 607 55 121 762 727 18 959 33 690 295 56 918 825 881 1121 225 101 565 584 570 372 875 706 704 61 807 40 665 124 628 596 809 642 298 684 213 646 980 259 682 116 652 764 89 596 119 863 882 633 733 929 881 219 885 43 736 685 937 622 742 338 910 775 465 615 681 933 511 629 897 582 648 764 595 708 729 52 83 697 782 978 1005 890 38 1136 307 438 761 620 144 970 752 635 774 104 877 824 100 201 179 758 680 1116 646 930 839 749 739 1072 787 715 220 805 1034 1020 472
436 671 0 227 767 98 855 618 279 169 152 605 249 780 149 279 255 555 583 167 379 628 506 724 670 687 534 669 587 611 598 613 407 626 70 568 632 27 637 501 981 127 670 13 411 742 337 648 564 621 693 551 526 315 653 1007 440 978 671 220 92 476 46 831 607 556 689 899 628 165 162 511 256 618 955 868 259 999 873 422 969 131 839 821 961 706 201 818 663 238 467 662 198 216 236 663 721 78 164 133 535 520 864 724 393 893 615 167 618 685 713 1029 668 410 641 76 396 667 251 154 211 752 496 711 147 848 622 375 717 141 134 678 413 687 22 711 955 107 154 993 646 87 547 392 551 425 929 678 958 95 635 75 586 196 759 517 1030 832 353 576 799 637 162 407 269 104 239 791 253 120 270 657 984 262 811 460 446 932 399 1084 960 181 60 715 691 167 353 601 604 223 657 828 652 235 981 706 720 487 134 949 140 615 284 491 596 669 533 612 25 698 136 268 170 1074 992 681 922 96 728 136 745 596 612
652 890 227 0 930 161 1048 841 53 393 264 831 58 1007 266 112 482 754 733 206 544 788 651 929 722 913 758 873 806 825 623 839 596 853 185 750 849 226 729 710 1192 165 876 240 632 969 321 865 779 794 894 771 710 531 875 1207 547 1189 827 27 317 701 196 1005 830 744 772 1120 852 62 67 705 105 841 1162 1091 235 1196 1080 435 1185 127 928 1019 1175 929 164 863 875 33 692 882 47 159 404 861 948 219 228 227 759 684 1079 949 424 1100 839 307 838 911 880 1237 885 414 861 201 604 889 123 101 54 801 699 921 368 1058 820 561 854 286 281 901 520 903 228 936 1167 328 82 1207 871 261 745 563 602 650 1133 885 1168 154 859 299 811 113 901 697 1237 973 396 803 946 854 281 565 55 272 357 1017 166 178 451 849 1193 77 1026 638 511 1148 570 1292 1176 322 167 936 915 317 463 670 660 22 873 897 877 460 1178 901 946 519 233 1161 210 826 295 605 809 897 759 768 228 729 324 40 113 1282 1194 730 1109 178 955 94 832 641 824
754 803 767 930 0 777 212 726 979 711 667 674 909 642 666 892 612 892 201 726 390 142 284 946 462 705 473 920 767 829 545 672 877 535 836 210 811 748 337 820 432 767 273 756 703 706 692 820 373 150 954 743 253 504 759 366 412 435 108 940 694 652 767 92 718 237 355 511 719 883 873 898 874 726 377 540 735 342 328 611 479 890 346 237 455 773 779 504 863 918 505 407 884 791 535 952 627 727 703 705 695 248 413 715 589 348 702 880 768 700 54 439 817 633 777 841 795 751 851 830 882 473 850 903 641 348 235 873 144 650 656 752 433 843 784 716 436 672 892 475 512 690 894 375 482 658 340 906 413 788 714 744 693 825 111 255 434 129 589 586 87 811 650 366 938 832 574 566 809 754 854 188 419 906 392 308 494 456 368 486 480 611 806 800 740 618 479 418 455 913 828 423 505 686 332 190 703 548 699 420 721 853 676 358 828 617 650 164 748 525 632 961 819 484 371 470 223 863 633 849 342 488 331
532 764 98 161 777 0 888 709 214 263 113 693 165 859 113 186 335 653 584 85 388 636 503 822 621 775 603 766 680 707 537 700 506 701 114 592 727 82 605 599 1031 32 715 107 503 828 254 743 619 638 791 644 551 373 745 1046 413 1028 676 165 171 563 53 849 697 584 653 962 718 107 97 610 162 708 1001 935 170 1035 919 352 1024 127 808 858 1014 797 104 767 760 161 538 723 120 118 246 761 801 58 95 77 625 530 919 811 329 939 704 250 711 772 726 1076 762 337 734 133 494 757 154 66 127 702 594 808 215 897 659 473 711 128 122 769 385 782 113 798 1006 177 116 1046 718 101 645 406 499 514 972 775 1007 12 724 172 675 99 756 539 1076 828 292 656 799 732 130 411 190 192 212 864 154 33 367 689 1031 174 866 480 398 987 413 1131 1016 167 62 807 781 159 326 558 555 149 752 787 723 326 1018 740 806 426 82 1000 69 712 207 469 692 750 620 617 85 640 163 199 74 1121 1033 631 950 133 808 72 712 542 663
726 711 855 1048 212 888 0 642 1099 761 786 592 1037 502 784 1029 650 841 373 853 509 308 444 857 670 599 426 842 695 757 747 587 866 444 924 301 730 842 543 778 220 884 206 843 682 584 852 735 336 272 874 681 338 553 668 168 580 224 296 1053 771 611 866 134 637 304 565 321 632 994 985 860 1008 643 165 363 880 151 125 787 271 986 552 57 246 668 912 715 780 1041 482 309 1003 926 644 880 505 832 829 823 636 382 223 599 760 141 618 937 688 595 224 230 727 807 691 924 781 655 987 948 1005 685 812 811 714 157 234 871 355 762 767 653 596 751 869 604 226 751 997 264 414 792 846 489 678 634 128 824 201 897 624 816 618 953 322 354 225 318 752 513 287 729 769 496 1065 900 704 415 949 871 878 199 207 1037 221 412 673 252 482 280 274 727 904 695 636 731 630 621 658 1033 742 632 405 719 135 150 587 735 816 210 841 782 827 534 759 511 591 335 841 734 729 1083 941 277 165 679 79 950 509 959 554 690 280
202 81 618 841 726 709 642 0 890 449 678 51 868 226 674 894 382 224 683 740 582 668 671 220 979 86 258 199 65 117 979 56 330 198 658 559 88 627 870 189 615 728 460 607 209 145 862 94 355 613 232 80 535 407 41 708 740 608 704 829 538 148 658 720 12 524 923 452 15 780 778 263 871 1 626 396 823 718 566 883 561 723 1011 585 570 89 797 1100 139 855 257 335 816 814 586 239 177 660 722 694 83 611 488 120 844 573 24 571 46 86 683 676 92 886 52 644 267 49 861 771 829 1041 224 178 503 523 491 356 795 642 640 60 730 119 614 105 577 536 761 596 228 623 232 567 902 195 623 182 599 709 26 544 40 807 802 552 681 851 808 140 807 87 671 606 887 579 672 294 851 717 436 538 629 879 451 548 820 533 569 717 549 641 677 103 75 631 706 899 925 840 102 1055 238 383 701 545 122 895 690 583 713 142 809 745 124 142 101 678 625 1037 582 882 783 702 682 992 720 671 179 754 954 941 395
699 937 279 53 979 214 1099 890 0 443 314 881 78 1058 316 123 534 796 781 253 595 837 698 972 755 962 811 916 853 870 652 889 636 905 232 801 895 279 768 754 1245 216 929 291 681 1019 351 911 832 844 936 818 761 584 923 1259 591 1242 875 61 369 751 248 1054 879 795 810 1173 901 114 120 746 126 890 1214 1144 270 1248 1132 466 1237 169 966 1071 1228 977 205 893 920 62 744 935 96 197 455 902 999 271 276 277 807 734 1132 999 459 1153 888 346 885 960 929 1289 932 444 908 247 649 938 149 152 97 833 742 965 421 1111 872 601 899 338 333 950 564 949 278 986 1220 380 129 1260 923 314 787 613 637 700 1185 929 1220 207 908 349 860 155 947 748 1289 1018 433 854 993 900 331 614 54 316 405 1069 195 229 491 901 1245 90 1079 689 549 1201 620 1344 1229 373 219 983 964 368 508 707 695 67 919 931 929 509 1230 952 995 552 283 1213 259 870 332 649 854 948 809 816 281 759 377 18 160 1335 1246 762 1160 222 1006 147 870 674 877
269 502 169 393 711 263 761 449 443 0 263 438 419 619 258 447 113 398 555 310 356 585 491 561 724 520 392 506 418 444 675 446 267 472 212 502 464 181 660 338 858 286 562 159 241 576 463 480 441 562 533 381 458 211 484 900 471 854 630 382 100 308 211 761 438 480 716 757 460 331 329 360 424 449 839 721 402 895 758 522 837 280 854 719 832 537 359 869 497 406 322 528 367 375 249 505 559 221 298 266 366 480 734 556 487 776 446 177 449 518 657 911 499 517 472 201 236 497 417 323 380 802 337 545 102 728 528 240 694 231 227 509 448 519 165 543 828 109 314 864 495 193 391 360 613 257 817 514 835 262 466 95 418 362 728 457 913 798 446 415 760 469 262 389 438 149 305 638 413 276 162 570 863 431 682 408 510 801 366 964 827 252 228 546 523 237 396 646 658 391 489 861 502 67 877 613 553 568 263 825 282 450 407 509 430 507 366 576 178 763 179 434 337 952 882 736 834 229 566 304 767 659 495
522 742 152 264 667 113 786 678 314 263 0 654 251 804 4 250 296 659 472 71 280 525 390 817 520 735 535 764 659 695 446 660 528 640 205 487 709 125 495 596 939 100 622 150 484 784 200 725 537 530 792 621 448 301 716 947 301 937 564 273 164 529 124 740 666 482 545 883 685 217 206 622 228 678 906 861 145 935 824 272 938 238 698 759 926 767 134 668 748 255 477 644 218 150 143 765 748 77 48 38 595 420 832 769 242 846 669 319 687 732 616 981 742 262 710 219 497 727 210 163 219 602 599 798 177 806 562 498 597 36 37 737 273 764 174 758 917 154 229 958 653 74 653 299 400 484 875 769 915 125 690 195 641 168 643 434 981 715 201 605 686 714 17 301 279 256 98 798 183 88 403 588 938 253 780 375 295 901 306 1036 930 59 158 780 746 57 213 453 454 248 735 682 657 313 918 640 763 335 32 909 55 703 145 356 681 699 582 505 127 546 96 298 155 1027 936 531 845 230 755 183 603 444 576
212 130 605 831 674 693 592 51 881 438 654 0 854 201 650 878 361 263 635 719 542 618 626 272 935 82 209 250 106 165 939 9 352 148 649 510 139 613 824 218 572 711 408 594 207 138 834 146 305 563 283 105 487 373 87 662 700 566 654 820 521 130 644 669 45 475 876 414 45 769 767 298 854 52 581 360 799 671 519 849 521 716 962 535 529 120 777 1054 190 843 214 284 803 794 555 288 146 641 700 673 81 564 444 118 810 526 27 572 96 80 632 633 143 854 103 637 280 85 844 756 815 996 254 229 483 476 440 374 745 618 617 92 691 169 603 105 535 517 752 555 179 604 271 526 861 181 576 234 556 694 43 532 32 790 752 505 638 800 776 89 756 138 646 565 875 575 642 258 830 698 444 487 585 865 405 503 782 492 527 675 509 615 665 141 94 605 670 855 883 828 153 1008 188 371 654 493 115 857 669 539 692 190 782 702 169 102 73 629 610 994 558 872 767 661 636 948 670 664 149 741 906 900 344
683 920 249 58 909 165 1037 868 78 419 251 854 0 1024 253 53 499 793 710 184 529 767 627 966 677 936 768 910 836 858 575 862 637 866 221 736 880 242 691 745 1189 157 872 261 660 991 273 896 781 777 933 800 698 537 903 1198 515 1187 804 85 334 724 211 986 856 733 732 1125 878 97 94 745 49 867 1156 1100 192 1186 1075 388 1185 173 888 1010 1174 956 130 815 909 26 704 886 53 121 394 900 965 222 208 215 784 666 1080 972 380 1096 864 353 867 934 860 1232 916 366 890 239 639 916 71 100 39 755 736 956 380 1055 813 603 825 278 275 928 489 935 255 959 1166 341 126 1206 883 264 784 548 558 674 1126 921 1164 162 884 324 835 84 873 684 1231 944 355 820 920 885 267 546 29 311 336 1029 117 171 492 839 1189 18 1027 625 471 1148 555 1287 1177 310 191 964 941 307 435 629 617 41 905 853 888 484 1168 891 968 474 222 1158 196 860 254 574 842 915 781 745 245 681 325 60 97 1278 1187 684 1095 220 973 115 792 596 823
413 257 780 1007 642 859 502 226 1058 619 804 201 1024 0 800 1042 525 447 665 872 632 629 680 389 990 144 277 394 290 333 1016 192 552 166 830 531 296 783 867 415 417 873 372 767 403 97 965 292 329 568 419 302 524 504 225 525 782 410 655 999 691 318 814 609 230 499 913 242 211 945 941 489 1018 227 440 182 944 541 399 959 354 898 969 447 368 197 934 1090 331 1016 328 242 975 951 685 438 60 805 851 828 282 608 304 121 922 398 211 766 265 142 612 477 275 968 254 820 481 206 1005 924 985 1038 450 344 644 356 432 575 745 768 769 197 780 290 781 133 379 683 931 389 164 764 456 612 937 369 447 371 406 862 200 710 232 954 738 546 484 771 892 204 729 291 793 647 1047 762 772 90 986 860 643 467 433 1033 284 566 875 332 611 511 342 756 840 220 174 750 773 915 947 1001 294 1029 165 553 525 452 113 951 823 388 848 356 917 770 343 112 261 647 780 1053 711 1047 932 496 497 1002 572 848 54 915 930 970 336
517 738 149 266 666 113 784 674 316 258 4 650 253 800 0 253 292 655 471 74 279 524 390 813 522 731 532 760 655 691 449 656 524 637 204 485 705 122 496 592 937 101 619 147 480 780 204 721 534 528 788 617 446 298 712 945 302 935 564 274 160 525 122 739 662 480 546 880 681 218 207 618 231 674 903 858 150 933 822 276 935 237 700 757 923 762 137 670 744 257 473 641 220 154 141 761 744 76 52 39 591 419 830 766 245 843 665 316 683 728 615 979 738 266 706 217 493 723 213 165 221 604 594 794 173 803 560 495 597 32 33 733 274 760 172 754 914 150 229 955 649 70 649 297 402 480 873 765 912 125 686 192 637 170 642 432 978 715 204 601 686 710 16 300 281 253 99 795 187 89 399 586 936 256 777 373 297 898 304 1034 927 57 157 776 742 55 214 455 456 249 731 684 653 309 916 638 759 337 33 906 57 699 149 357 677 695 578 505 124 548 92 299 157 1025 933 533 844 228 752 184 604 447 573
715 949 279 112 892 186 1029 894 123 447 250 878 53 1042 253 0 519 830 692 180 520 751 609 1002 637 960 780 946 865 890 532 885 677 882 261 728 911 267 659 780 1189 169 871 289 689 1013 234 927 787 765 970 829 691 547 930 1192 491 1187 786 139 357 749 236 972 883 727 698 1133 904 143 137 784 24 894 1154 1110 161 1179 1073 348 1188 220 854 1005 1176 983 118 773 942 79 718 894 97 103 392 938 984 238 204 219 811 653 1083 996 344 1094 889 397 896 958 845 1229 947 325 919 280 674 943 42 125 79 714 773 990 398 1055 809 643 802 282 280 955 465 966 288 983 1167 361 174 1208 897 278 822 540 521 699 1123 956 1164 185 910 354 861 88 851 675 1229 921 324 840 899 916 265 535 69 351 325 1043 84 182 533 833 1187 36 1031 617 439 1152 547 1285 1181 308 224 992 966 308 414 593 579 93 936 814 901 512 1162 886 991 434 225 1159 198 894 224 549 875 934 805 728 270 638 334 107 111 1276 1182 644 1084 264 992 153 757 556 827
239 447 255 482 612 335 650 382 534 113 296 361 499 525 292 519 0 389 471 358 286 493 417 532 681 442 283 481 365 405 650 367 298 371 312 402 416 257 601 318 746 351 450 243 194 494 485 432 328 463 512 327 359 108 421 787 425 742 538 475 165 234 289 656 370 377 657 649 390 420 416 364 495 382 727 615 441 783 646 521 726 380 785 607 721 471 416 821 458 490 214 417 449 433 223 489 467 282 340 312 300 392 623 478 483 663 374 289 392 440 558 798 448 520 415 304 236 431 484 399 460 755 330 508 122 615 418 282 609 260 258 442 406 471 259 466 716 158 408 752 391 243 385 284 580 188 704 483 723 337 395 190 346 431 639 361 800 707 444 322 667 420 289 319 521 260 301 536 470 338 242 462 751 508 570 318 483 689 290 852 716 262 315 484 451 251 364 600 618 476 442 802 397 74 764 503 472 550 308 713 332 416 431 452 393 416 288 487 255 728 200 523 408 840 769 694 724 332 474 389 704 624 382
154 203 555 754 892 653 841 224 796 398 659 263 793 447 655 830 389 0 808 707 658 808 774 177 1062 304 423 121 159 118 1038 271 162 404 572 700 156 572 970 75 835 679 644 546 206 357 858 165 523 760 140 162 666 465 223 923 808 829 849 736 497 240 600 902 222 666 1026 676 238 697 699 55 808 223 843 619 799 931 778 906 784 628 1137 786 792 265 754 1197 147 775 387 534 740 769 611 108 400 617 695 663 206 729 707 331 870 787 244 452 182 305 843 896 188 904 195 554 161 243 805 706 756 1133 60 179 486 736 658 197 934 626 622 254 791 189 543 317 798 505 672 818 436 591 11 650 967 241 837 138 819 650 249 482 233 750 952 679 901 1010 829 330 966 161 657 689 806 483 686 518 806 671 305 708 848 808 667 657 871 755 654 939 772 640 606 254 277 626 753 981 1001 758 168 1167 446 348 913 726 337 939 661 803 679 100 803 828 105 363 251 811 569 1112 570 792 724 924 898 1075 920 576 402 679 1066 1010 573
658 764 583 733 201 584 373 683 781 555 472 635 710 665 471 692 471 808 0 528 206 65 83 897 331 687 428 860 709 769 384 635 760 522 652 133 760 563 203 733 577 571 312 574 605 705 492 772 342 111 895 679 149 365 722 540 212 579 94 744 520 575 579 286 673 166 248 605 681 689 678 802 674 684 528 615 534 520 460 417 607 701 331 372 586 750 580 425 812 719 432 425 686 591 348 886 633 536 506 510 632 80 517 707 392 483 662 712 720 683 158 600 775 437 734 659 685 719 651 634 684 374 758 858 471 463 239 749 139 459 465 724 233 802 603 703 570 497 700 613 509 503 808 197 310 566 492 851 555 595 678 571 646 627 176 132 596 248 389 548 216 761 455 177 739 659 376 608 608 559 710 222 569 707 479 155 301 576 190 652 604 417 618 774 717 427 278 264 300 715 781 372 505 544 506 266 695 363 504 557 525 791 475 162 764 607 591 39 563 396 448 763 621 647 538 342 409 679 640 655 271 330 329
576 802 167 206 726 85 853 740 253 310 71 719 184 872 74 180 358 707 528 0 344 584 445 871 539 800 606 816 718 751 453 725 568 710 198 552 767 142 530 648 1009 56 692 170 542 850 171 783 608 593 843 681 514 372 778 1015 343 1007 622 219 211 592 124 802 728 549 576 954 748 168 157 667 158 740 975 932 94 1002 894 267 1008 209 732 828 997 829 63 684 804 192 546 716 159 79 212 815 816 92 24 46 657 482 903 835 245 915 732 330 747 797 677 1050 801 252 770 216 546 789 139 108 156 620 647 853 237 876 631 537 648 105 104 800 315 823 186 823 987 207 188 1028 723 118 700 364 417 545 944 823 985 96 753 229 704 100 695 499 1050 767 208 673 741 772 86 362 213 269 153 868 113 52 435 655 1008 185 851 441 318 972 371 1106 1001 128 146 841 810 129 258 479 474 187 793 708 727 367 985 708 829 342 50 979 28 758 122 400 737 767 646 563 145 556 162 235 93 1097 1004 548 910 218 824 139 636 460 647
504 660 379 544 390 388 509 582 595 356 280 542 529 632 279 520 286 658 206 344 0 250 136 776 405 610 358 732 591 645 397 545 584 469 448 208 644 359 315 584 677 380 364 369 453 644 360 658 314 250 766 556 172 194 623 673 158 676 293 552 314 449 377 461 571 209 371 650 584 495 485 643 499 583 639 641 374 659 560 330 686 500 500 487 671 662 403 539 694 535 328 423 498 416 145 749 586 337 321 318 514 142 584 638 294 582 565 507 610 606 338 714 668 342 628 454 518 626 478 443 499 475 603 743 267 547 295 568 343 261 267 634 150 694 397 631 659 291 502 702 469 300 657 22 320 424 606 728 653 399 585 365 542 445 382 156 713 454 270 465 420 647 263 33 558 453 194 600 441 367 515 314 674 529 535 98 244 651 27 769 680 222 416 683 633 229 144 323 346 528 668 516 469 355 643 367 629 319 311 650 335 662 325 170 637 547 482 234 359 458 243 578 435 761 664 417 566 475 594 460 418 360 336
662 748 628 788 142 636 308 668 837 585 525 618 767 629 524 751 493 808 65 584 250 0 144 885 382 663 410 852 699 761 444 617 773 495 698 109 748 609 252 734 515 625 265 618 609 677 555 759 317 61 887 671 142 385 705 475 277 517 45 798 560 571 627 223 659 144 289 551 664 742 731 807 733 669 465 566 594 455 399 482 547 750 345 310 526 729 638 463 801 776 424 387 742 650 395 880 602 586 561 563 623 109 461 681 457 421 646 749 707 659 95 536 760 502 719 703 695 701 710 688 740 416 761 845 508 405 197 765 127 509 515 704 296 787 647 678 509 537 751 552 479 550 809 237 372 568 429 841 493 647 661 610 632 683 147 133 532 214 453 530 175 749 508 225 796 698 432 566 668 613 735 171 506 765 426 177 366 518 229 587 545 469 666 754 696 477 338 321 358 771 768 399 474 567 441 209 669 427 557 496 579 783 537 227 757 580 581 27 609 447 493 819 677 583 473 393 345 725 609 707 301 388 294
621 752 506 651 284 503 444 671 698 491 390 626 627 680 390 609 417 774 83 445 136 144 0 877 312 685 424 837 690 748 340 627 712 527 575 166 742 485 199 699 640 489 352 497 569 710 412 755 352 173 872 657 158 316 711 612 136 640 177 662 448 551 499 366 660 189 253 648 670 607 596 764 591 672 593 652 451 593 521 344 663 622 369 436 644 744 497 429 794 637 414 448 604 508 271 859 642 456 423 428 612 75 568 708 316 543 651 642 704 681 238 666 761 363 720 582 642 711 568 551 602 370 721 841 402 519 277 698 211 378 385 717 153 788 526 703 629 425 619 672 519 424 774 133 262 535 558 831 616 514 669 499 632 544 253 135 663 326 310 542 296 744 373 104 656 586 294 632 526 477 650 273 633 624 525 123 231 630 127 720 659 337 538 767 713 347 195 235 267 632 764 393 517 487 579 323 698 299 422 616 442 767 393 97 741 611 575 120 485 373 371 680 538 714 608 324 486 601 650 573 292 291 352
296 146 724 929 946 822 857 220 972 561 817 272 966 389 813 1002 532 177 897 871 776 885 877 0 1179 260 477 56 187 131 1168 275 339 416 745 776 137 740 1077 223 805 847 679 715 338 292 1014 127 575 831 45 220 749 587 189 908 932 797 922 911 660 328 769 939 228 741 1130 631 228 871 873 230 979 220 824 571 961 921 772 1052 743 803 1226 799 757 194 920 1306 84 949 465 552 913 936 752 82 362 782 857 825 265 822 685 270 1014 775 244 628 178 264 903 865 130 1052 169 728 328 201 975 877 928 1245 230 46 641 728 711 374 1012 783 780 204 918 106 714 261 767 665 847 778 444 753 186 764 1093 354 825 49 792 819 234 650 254 920 1021 765 872 1071 975 360 1027 136 814 803 980 657 833 475 973 837 482 758 820 981 655 755 1004 720 766 900 731 792 778 169 224 780 887 1098 1122 932 119 1266 453 505 904 765 280 1075 823 775 842 116 959 943 141 346 305 893 737 1234 725 967 894 885 881 1192 933 751 360 851 1165 1135 615
908 1059 670 722 462 621 670 979 755 724 520 935 677 990 522 637 681 1062 331 539 405 382 312 1179 0 996 736 1136 993 1049 117 937 976 839 725 462 1046 644 130 988 888 594 643 666 857 1022 404 1060 662 439 1170 959 466 598 1020 828 256 890 378 742 649 852 643 552 968 492 110 933 979 702 690 1044 629 980 835 946 487 803 776 289 926 748 233 684 904 1054 561 148 1097 696 722 753 678 563 474 1154 953 598 526 549 916 382 843 1020 298 797 960 833 1010 992 448 900 1067 312 1027 739 917 1020 606 641 668 82 1006 1145 622 785 570 956 318 531 537 1027 277 1094 693 1015 886 628 725 928 830 585 1060 416 122 829 797 1132 867 633 979 695 940 610 361 444 895 403 331 853 409 1048 508 376 703 771 434 937 560 588 885 551 876 666 808 433 225 898 413 947 925 493 676 1077 1023 508 328 81 67 700 1069 178 827 741 793 591 1009 203 545 872 552 1067 428 236 1041 923 881 358 645 65 558 737 619 946 832 13 683 749 961 676 151 81 657
285 118 687 913 705 775 599 86 962 520 735 82 936 144 731 960 442 304 687 800 610 663 685 260 996 0 261 256 148 189 1006 75 416 170 731 557 153 695 881 275 548 792 432 676 286 60 912 151 347 605 285 165 538 449 82 648 767 541 696 902 603 212 726 689 93 522 931 379 71 851 849 347 936 86 564 320 879 661 511 923 490 797 1008 541 501 70 858 1110 192 925 282 300 885 876 632 299 103 723 781 754 158 619 426 37 885 515 77 651 121 4 667 609 136 929 111 718 351 64 926 838 897 1053 309 215 564 468 476 441 787 699 698 57 760 155 685 23 510 599 834 525 193 685 313 593 928 263 565 234 534 776 61 614 104 872 790 558 615 833 851 145 789 149 726 631 957 655 720 220 912 780 519 519 563 947 395 563 852 464 594 647 478 694 747 97 37 685 742 917 946 910 154 1059 200 453 644 518 36 928 750 517 774 212 861 765 200 89 155 676 692 1056 639 953 849 632 621 1009 674 745 102 823 958 965 376
300 338 534 758 473 603 426 258 811 392 535 209 768 277 532 780 283 423 428 606 358 410 424 477 736 261 0 447 294 356 749 208 442 111 594 301 340 532 620 355 474 613 223 522 257 288 689 350 101 355 482 270 279 234 296 534 512 470 446 754 443 186 563 479 249 266 671 366 254 697 691 436 757 259 463 333 672 536 387 682 447 662 754 373 444 322 668 849 393 763 70 140 722 685 410 479 228 546 583 563 222 359 346 285 645 401 236 562 298 257 428 530 351 691 310 587 356 292 742 669 730 793 388 435 390 351 238 449 536 501 502 296 507 377 540 279 442 430 688 475 118 504 426 339 671 209 447 434 453 608 251 473 222 693 545 298 533 596 615 120 552 340 523 376 793 541 497 263 718 599 472 287 482 775 295 303 602 411 339 582 437 485 593 346 290 480 497 657 687 750 358 800 121 333 517 303 274 678 557 440 583 380 642 506 355 189 177 420 530 796 446 798 673 569 512 748 505 615 236 664 699 706 150
243 138 669 873 920 766 842 199 916 506 764 250 910 394 760 946 481 121 860 816 732 852 837 56 1136 256 447 0 153 91 1121 255 283 398 689 743 111 685 1036 168 804 792 657 660 288 297 961 107 547 799 35 181 714 541 177 903 887 797 891 855 605 286 713 918 205 708 1090 634 210 815 817 175 924 198 819 575 907 914 763 1001 746 747 1191 785 757 197 865 1265 64 893 429 534 857 881 703 45 359 727 803 771 229 784 681 273 964 768 224 572 154 259 875 865 120 1001 151 672 272 193 919 821 873 1203 174 66 588 720 684 318 979 730 727 199 872 105 658 261 766 611 791 780 428 699 131 721 1048 308 819 25 790 764 218 595 228 864 991 729 871 1043 925 335 999 113 761 760 924 601 782 476 918 782 426 732 819 925 647 716 957 720 724 902 734 740 722 176 222 727 839 1055 1078 876 102 1228 437 451 897 742 282 1027 769 773 788 70 906 900 96 336 272 859 682 1189 672 911 838 888 876 1149 919 695 358 796 1126 1090 591
155 84 587 806 767 680 695 65 853 418 659 106 836 290 655 865 365 159 709 718 591 699 690 187 993 148 294 153 0 63 986 113 271 252 621 590 53 598 889 127 677 702 506 576 177 206 850 68 394 646 188 38 562 407 76 768 748 671 738 792 511 143 629 767 63 555 943 516 80 745 744 199 842 64 687 460 804 777 625 878 625 685 1040 639 633 129 773 1119 103 822 278 387 783 789 579 187 241 634 702 672 78 634 550 180 840 632 85 526 33 149 722 738 83 880 56 606 215 95 834 741 797 1058 161 152 482 582 531 299 827 624 622 107 736 106 581 165 640 512 725 659 283 600 168 578 910 178 682 142 661 680 90 512 78 779 838 578 744 890 803 184 846 56 653 618 853 539 663 358 827 691 386 579 691 848 511 568 824 596 581 780 613 627 645 131 129 616 707 912 937 806 78 1079 293 354 759 591 183 896 669 645 691 87 796 758 64 204 119 707 595 1049 564 846 755 765 742 1006 774 632 243 721 977 951 438
175 86 611 825 829 707 757 117 870 444 695 165 858 333 691 890 405 118 769 751 645 761 748 131 1049 189 356 91 63 0 1037 171 259 313 639 652 38 625 947 118 731 730 569 601 211 241 889 48 457 708 126 91 623 457 107 825 801 725 799 809 541 197 655 829 120 616 1001 566 130 765 765 168 867 116 743 509 839 835 683 923 676 701 1100 700 686 147 803 1176 53 842 338 448 805 819 624 124 289 664 736 705 137 694 605 214 885 690 140 534 71 191 784 792 72 924 79 623 222 127 861 765 819 1115 142 103 517 640 594 291 888 660 657 137 787 81 603 201 694 544 743 711 343 632 128 633 962 224 740 83 716 705 139 536 139 806 900 638 798 952 847 246 908 44 690 672 874 554 706 408 856 720 389 642 745 871 568 626 874 649 636 833 664 667 667 137 161 654 756 967 991 826 53 1138 353 384 818 653 221 945 702 699 723 25 834 813 16 258 180 768 622 1103 601 864 781 818 799 1061 834 648 290 742 1036 1004 501
885 1057 598 623 545 537 747 979 652 675 446 939 575 1016 449 532 650 1038 384 453 397 444 340 1168 117 1006 749 1121 986 1037 0 941 937 857 647 504 1039 571 211 965 959 508 690 596 836 1038 302 1053 688 495 1154 950 498 580 1020 909 239 961 451 645 591 843 566 637 967 530 215 986 981 609 597 1014 526 979 908 992 389 887 843 189 991 661 350 753 970 1059 466 241 1087 595 725 787 581 466 431 1135 974 522 443 470 909 415 901 1033 208 865 962 765 1005 1002 523 976 1063 209 1024 662 885 1023 504 549 570 185 979 1137 573 847 615 914 407 463 470 1030 250 1089 621 1026 953 572 635 996 853 516 1034 413 79 814 871 1119 937 549 981 633 939 514 454 475 972 505 246 861 504 1042 437 375 599 702 373 972 458 504 833 605 949 562 861 450 167 960 412 1026 988 430 596 1080 1030 446 285 127 91 601 1063 292 852 702 875 650 1023 112 467 940 470 1053 334 247 1028 939 878 418 573 106 500 634 525 1023 911 120 769 669 982 586 264 57 692
221 132 613 839 672 700 587 56 889 446 660 9 862 192 656 885 367 271 635 725 545 617 627 275 937 75 208 255 113 171 941 0 361 143 657 509 144 620 825 227 564 717 404 601 215 130 839 150 303 561 288 114 486 378 88 655 702 558 653 828 529 138 651 665 51 474 877 406 47 777 774 306 862 57 573 351 805 665 512 853 513 724 962 530 521 118 784 1055 194 851 217 279 811 801 560 294 136 648 706 679 91 565 436 111 815 519 31 581 102 72 630 625 146 858 106 645 289 84 851 763 823 997 263 231 489 470 438 383 743 624 624 90 694 172 611 98 527 524 760 547 173 610 279 529 864 189 569 238 548 701 43 540 41 797 750 505 630 798 780 88 753 142 652 567 882 583 647 250 837 705 453 484 578 872 398 504 786 484 530 667 501 620 673 140 89 611 673 857 885 836 157 1008 182 379 647 490 107 860 675 532 699 196 788 704 176 93 80 628 617 995 565 879 774 653 629 950 664 672 140 749 906 902 341
147 341 407 596 877 506 866 330 636 267 528 352 637 552 524 677 298 162 760 568 584 773 712 339 976 416 442 283 271 259 937 361 0 464 416 672 294 428 899 145 900 534 661 401 185 475 728 307 531 734 301 251 633 397 347 973 721 895 817 577 364 264 453 904 324 642 955 758 345 541 544 110 656 330 898 706 661 976 825 789 859 469 1081 814 862 398 609 1118 301 619 385 575 584 624 507 266 497 476 559 526 273 680 769 450 754 837 343 291 303 416 825 960 330 784 323 398 85 366 654 554 601 1052 118 340 366 786 656 35 895 498 493 378 700 339 393 435 865 376 515 891 495 456 153 581 871 233 885 300 881 501 355 339 321 600 920 640 963 985 712 387 942 299 529 616 649 326 570 607 660 527 145 705 911 653 723 606 770 826 586 1007 847 519 455 393 400 504 654 896 912 601 312 1099 505 235 957 734 452 832 525 866 539 251 673 750 243 451 306 771 425 1021 446 633 574 993 950 989 945 418 501 525 1001 916 587
316 271 626 853 535 701 444 198 905 472 640 148 866 166 637 882 371 404 522 710 469 495 527 416 839 170 111 398 252 313 857 143 464 0 681 390 286 627 720 348 438 713 264 614 288 184 799 292 180 436 431 242 375 340 227 520 621 432 527 846 536 201 658 524 193 356 768 298 189 791 786 431 858 199 440 253 779 527 374 794 395 750 840 387 399 238 771 947 337 860 164 136 819 788 519 436 117 645 688 666 201 458 307 186 756 383 174 632 244 166 497 498 286 803 248 673 382 217 844 767 828 892 384 371 486 332 306 478 618 605 606 217 617 311 630 183 402 526 779 428 32 604 410 449 778 244 433 380 419 705 182 560 174 794 620 396 502 663 726 77 619 285 629 485 890 620 606 166 823 700 525 349 449 875 264 408 712 362 449 544 384 592 686 264 204 586 608 761 792 846 299 892 42 409 509 350 174 788 661 404 686 338 751 613 316 85 160 509 625 900 549 893 773 530 495 851 522 701 125 759 792 813 206
467 705 70 185 836 114 924 658 232 212 205 649 221 830 204 261 312 572 652 198 448 698 575 745 725 731 594 689 621 639 647 657 416 681 0 638 664 90 698 525 1047 146 738 81 448 787 368 679 628 691 712 586 596 380 691 1075 503 1044 741 171 155 520 82 901 647 625 749 960 669 126 128 524 241 657 1022 927 283 1067 940 464 1032 68 901 889 1025 744 213 872 690 204 525 725 168 225 305 679 771 128 204 177 575 589 928 768 439 959 656 140 653 729 783 1096 700 450 676 20 419 705 242 142 185 807 515 736 213 914 691 382 785 202 195 717 475 718 56 754 1020 174 104 1057 702 151 563 461 604 468 996 701 1023 104 676 122 628 191 827 587 1097 900 400 627 868 669 219 476 235 90 299 847 257 146 272 726 1050 237 875 530 500 996 469 1150 1023 244 52 751 732 231 415 659 659 187 688 887 709 279 1049 775 764 535 181 1015 177 641 321 555 624 719 578 682 89 748 205 225 165 1140 1060 735 992 27 778 109 807 648 678
556 640 568 750 210 592 301 559 801 502 487 510 736 531 485 728 402 700 133 552 208 109 166 776 462 557 301 743 590 652 504 509 672 390 638 0 639 552 336 627 480 585 186 557 504 573 556 650 210 62 778 562 44 294 597 466 297 480 149 756 491 463 574 263 550 35 381 483 555 698 689 701 707 560 437 488 579 452 361 502 499 696 453 282 481 621 610 559 692 742 315 292 705 624 346 771 500 537 528 524 514 92 402 576 472 384 537 673 598 553 156 512 651 520 611 641 592 593 686 649 706 507 655 736 436 355 111 666 236 464 470 596 307 678 585 573 467 469 703 510 376 498 702 188 427 461 403 732 456 601 552 539 523 652 252 53 510 313 458 421 270 640 470 195 765 627 402 475 648 572 644 111 475 736 359 112 394 465 181 566 495 428 613 646 589 433 333 391 425 734 659 502 372 476 435 163 564 464 517 455 542 674 527 263 648 475 472 119 552 526 437 784 642 560 458 474 359 665 507 663 402 452 196
197 48 632 849 811 727 730 88 895 464 709 139 880 296 705 911 416 156 760 767 644 748 742 137 1046 153 340 111 53 38 1039 144 294 286 664 639 0 645 941 150 698 750 547 622 226 203 901 16 439 694 145 90 612 460 71 794 801 691 785 834 559 196 675 807 94 603 995 531 99 789 788 205 888 87 711 473 854 805 653 931 642 726 1089 673 652 109 821 1171 53 866 329 423 827 838 632 151 254 682 751 722 130 685 573 177 893 659 112 562 43 155 767 759 37 933 42 648 250 90 881 786 842 1111 177 99 532 610 576 324 875 674 672 99 789 55 625 163 660 561 767 677 316 649 166 631 963 230 709 95 683 726 107 557 118 826 885 628 765 935 855 225 891 6 704 671 897 580 715 372 875 739 419 623 712 893 538 619 877 615 634 798 630 679 689 100 123 667 760 965 990 849 25 1130 326 402 787 632 183 950 718 666 740 60 847 810 52 226 168 756 642 1102 614 888 801 784 768 1059 808 673 255 765 1028 1004 481
450 683 27 226 748 82 842 627 279 181 125 613 242 783 122 267 257 572 563 142 359 609 485 740 644 695 532 685 598 625 571 620 428 627 90 552 645 0 611 517 973 107 660 28 422 749 311 661 557 603 711 562 510 308 663 996 415 970 651 222 92 483 31 814 616 541 663 895 637 165 159 530 244 627 946 866 235 987 864 395 962 144 814 809 954 716 181 791 678 233 466 657 192 197 215 680 724 52 138 106 544 501 857 731 366 883 623 194 629 692 695 1020 680 383 652 99 413 676 236 144 203 725 513 726 142 839 610 396 695 115 108 688 387 700 50 718 947 102 158 986 645 62 565 373 524 433 919 694 949 82 643 90 594 181 738 501 1021 810 326 579 778 650 135 386 264 131 212 791 234 99 293 643 975 253 804 443 419 925 380 1075 954 156 63 725 700 142 328 575 577 219 670 802 651 245 969 693 726 459 107 941 115 630 258 466 610 673 540 592 3 670 116 266 156 1065 981 654 908 117 731 132 720 569 604
817 951 637 729 337 605 543 870 768 660 495 824 691 867 496 659 601 970 203 530 315 252 199 1077 130 881 620 1036 889 947 211 825 899 720 698 336 941 611 0 896 759 583 514 630 764 904 430 954 541 310 1071 857 345 508 910 702 197 761 249 746 599 750 617 428 859 368 56 804 869 698 686 957 647 871 706 817 500 679 646 324 796 732 203 555 774 942 565 230 993 707 613 628 683 572 416 1057 833 571 513 529 811 262 713 903 317 668 850 790 903 877 319 772 960 348 919 710 833 909 623 638 675 172 916 1040 562 655 442 882 196 497 504 915 224 987 659 899 757 576 717 798 709 550 969 321 160 732 669 1030 738 617 868 648 831 616 243 324 768 296 336 739 293 943 481 284 719 730 399 811 577 574 823 422 748 683 678 322 220 768 317 821 795 456 654 965 910 470 284 85 120 708 964 201 706 668 668 461 892 243 524 742 537 966 437 152 940 805 774 229 613 195 511 750 619 819 706 141 559 724 841 669 109 155 532
80 197 501 710 820 599 778 189 754 338 596 218 745 415 592 780 318 75 733 648 584 734 699 223 988 275 355 168 127 118 965 227 145 348 525 627 150 517 896 0 785 624 578 492 132 333 794 164 453 687 196 113 592 390 202 867 735 778 776 694 437 169 546 833 184 593 951 632 204 651 652 83 757 188 788 578 738 874 721 838 737 585 1062 723 743 253 697 1122 166 729 315 473 692 713 541 171 362 559 634 603 147 654 655 307 801 731 204 416 158 275 771 845 187 837 178 509 106 222 752 655 707 1059 36 211 421 680 588 174 860 562 559 234 718 199 492 292 748 443 628 771 380 530 75 575 894 166 780 177 767 596 215 427 186 697 878 604 850 937 761 272 893 156 593 614 760 438 618 477 750 614 271 637 797 759 612 582 799 706 579 890 725 574 556 249 256 560 681 907 928 712 170 1092 390 283 855 658 310 868 600 751 619 116 739 754 102 320 190 737 514 1039 505 749 671 875 842 1001 857 533 365 630 991 937 505
753 666 981 1192 432 1031 220 615 1245 858 939 572 1189 417 937 1189 746 835 577 1009 677 515 640 805 888 548 474 804 677 731 959 564 900 438 1047 480 698 973 759 785 0 1032 317 969 720 513 1034 698 419 469 832 675 507 667 628 122 775 8 510 1192 892 636 1001 351 614 470 784 178 601 1134 1126 867 1167 616 57 237 1050 147 119 982 73 1113 771 206 51 611 1071 936 740 1190 543 334 1150 1086 797 847 445 973 985 974 637 570 131 535 952 97 593 1033 660 545 440 61 684 1000 656 1043 817 611 1147 1094 1155 905 821 759 835 134 382 913 575 910 914 605 787 702 991 544 38 875 1131 49 406 931 843 655 888 673 93 782 24 1038 592 930 603 1107 542 527 67 535 938 515 506 695 924 672 1216 1006 868 330 1114 1019 946 369 20 1192 180 580 871 85 650 107 83 881 1036 635 583 882 812 834 871 1179 702 852 396 805 139 318 525 938 967 34 993 756 1002 734 739 473 597 542 972 952 868 1229 1092 95 96 897 240 1070 446 1099 774 903 369
555 786 127 165 767 32 884 728 216 286 100 711 157 873 101 169 351 679 571 56 380 625 489 847 594 792 613 792 702 730 508 717 534 713 146 585 750 107 583 624 1032 0 715 133 525 845 223 766 624 629 817 665 546 380 765 1044 393 1030 664 173 191 582 81 840 716 580 630 968 737 118 107 637 145 728 1000 943 138 1032 919 322 1028 154 785 856 1017 817 75 740 783 158 550 729 119 90 240 787 815 69 70 62 645 520 922 828 301 940 722 282 732 790 716 1076 784 306 755 164 520 777 133 64 122 676 620 832 229 898 658 502 695 122 118 789 365 805 143 816 1009 193 134 1049 729 109 672 398 472 533 971 800 1008 42 743 197 694 81 741 533 1075 813 264 671 785 754 117 401 184 223 195 875 127 14 396 686 1032 163 870 474 372 991 405 1131 1020 158 94 828 800 153 307 533 529 149 775 762 733 348 1015 737 823 398 68 1002 47 736 177 450 716 765 638 605 110 612 168 199 61 1122 1032 604 944 164 823 86 689 515 666
522 535 670 876 273 715 206 460 929 562 622 408 872 372 619 871 450 644 312 692 364 265 352 679 643 432 223 657 506 569 690 404 661 264 738 186 547 660 514 578 317 715 0 658 477 433 724 554 130 205 691 488 201 359 491 339 479 315 285 878 582 409 687 261 453 165 554 297 451 819 811 659 849 460 286 303 735 334 204 681 322 802 598 158 307 501 753 727 598 873 276 134 834 769 479 693 354 658 668 657 440 277 220 442 649 224 435 738 504 428 240 361 550 697 511 736 576 481 830 778 838 681 611 635 525 184 75 665 374 594 597 482 487 575 682 443 296 564 818 338 240 615 649 342 613 429 259 642 293 723 445 624 430 790 366 223 361 403 631 322 359 546 606 362 900 705 552 303 797 702 673 96 317 875 174 269 576 287 337 416 316 564 723 528 468 565 503 575 610 863 561 661 232 516 315 86 430 649 650 288 676 593 689 448 570 344 395 286 659 707 552 913 775 406 322 654 284 762 360 784 565 638 74
426 660 13 240 756 107 843 607 291 159 150 594 261 767 147 289 243 546 574 170 369 618 497 715 666 676 522 660 576 601 596 601 401 614 81 557 622 28 630 492 969 133 658 0 400 731 339 638 551 610 685 540 514 302 642 995 434 966 661 232 79 464 53 819 595 544 682 886 617 177 174 504 266 607 943 855 263 987 861 421 956 144 832 808 948 695 208 814 654 250 454 650 209 223 227 654 708 79 166 134 524 509 851 712 392 880 603 169 607 674 703 1017 658 410 630 85 388 656 260 164 222 748 488 702 134 835 610 369 708 136 129 667 406 677 29 699 942 94 166 980 633 82 539 381 547 413 916 669 945 104 624 65 575 205 749 506 1018 822 351 563 789 627 159 397 281 106 233 779 260 126 265 645 971 273 798 449 442 919 389 1072 947 175 72 704 680 161 347 596 599 235 647 823 639 224 968 694 708 484 134 937 143 606 286 484 587 657 521 602 25 694 126 280 179 1061 980 677 910 108 715 148 739 592 599
