NAME : X-n214-k11_SARP
COMMENT : Curated from VRPLIB to SARP
TYPE : SARP
DIMENSION : 213
EDGE_WEIGHT_TYPE : EXPLICIT
EDGE_WEIGHT_FORMAT : FULL_MATRIX
EDGE_WEIGHT_SECTION
0 274 153 368 282 318 480 315 162 172 76 98 468 265 412 333 238 132 521 291 498 449 169 506 440 66 83 311 386 344 404 230 430 411 602 143 175 516 372 122 52 272 413 259 195 157 251 368 534 236 273 82 273 511 444 324 290 337 190 391 292 217 330 226 383 155 308 321 311 453 179 240 382 143 198 290 114 362 208 378 418 233 104 410 486 447 58 357 384 83 445 32 203 177 176 398 311 323 304 158 264 180 35 186 308 301 467 294 307 281 343 362 403 356 83 293 493 301 123 431 266 235 227 267 490 206 150 298 164 116 474 382 264 359 414 385 428 427 430 325 513 281 445 218 105 572 457 278 449 179 359 432 160 187 243 337 244 365 218 76 212 249 331 365 383 177 354 346 428 268 328 79 268 468 534 300 359 448 113 24 437 313 343 202 322 218 425 407 334 166 233 476 322 517 73 370 313 325 69 165 132 83 221 259 223 110 153 307 73 153 111 543 410
274 0 308 376 113 240 344 147 128 109 234 235 295 207 407 190 337 284 284 49 224 404 441 326 456 223 274 240 215 353 200 402 399 166 410 289 282 648 246 345 222 298 205 92 93 131 52 387 323 60 305 193 302 272 415 313 194 201 108 325 290 164 192 259 114 279 215 100 261 247 99 203 350 138 205 273 177 310 392 269 234 41 236 412 224 415 219 273 330 227 219 242 140 220 247 350 215 292 276 192 171 182 257 302 287 310 195 317 245 282 369 279 223 208 223 228 243 320 182 192 227 293 290 180 260 82 140 380 277 247 362 251 280 330 299 383 356 210 387 267 294 104 174 458 369 419 238 304 192 393 269 159 409 102 50 256 237 122 310 249 298 351 194 99 387 203 384 232 318 265 238 222 138 336 338 255 209 222 229 284 184 297 274 167 87 140 370 437 145 192 230 292 248 276 269 385 274 444 281 274 258 326 292 78 191 215 245 189 242 371 193 332 439
153 308 0 226 256 224 382 271 249 203 102 85 390 183 270 269 87 27 479 299 512 316 212 428 292 125 71 215 323 205 355 97 294 389 522 19 43 374 287 74 152 140 365 246 268 181 311 223 472 250 138 161 140 472 306 195 217 268 199 274 167 168 264 111 421 305 226 305 205 398 216 161 252 227 125 174 143 243 84 283 355 276 80 267 473 310 176 255 263 103 403 159 177 100 75 272 230 204 189 117 204 134 183 40 188 170 496 158 209 158 199 258 340 288 108 201 466 165 131 402 172 100 92 201 446 226 242 146 39 65 366 298 140 232 316 245 308 382 298 219 459 259 450 345 141 473 409 145 434 93 259 440 137 207 261 238 143 351 72 90 361 96 264 371 241 114 208 262 325 152 237 112 227 369 462 195 290 406 84 176 420 189 237 157 314 186 298 257 296 119 137 403 225 480 225 226 200 174 84 43 51 97 85 254 154 100 66 240 98 81 124 480 260
368 376 226 0 269 144 215 250 393 318 297 273 260 169 44 214 143 239 390 339 503 97 429 289 82 316 286 141 241 25 287 225 72 353 365 229 194 309 182 296 345 98 296 284 392 302 408 17 352 320 96 337 96 390 81 63 185 204 294 101 90 221 209 148 461 503 168 309 117 305 329 178 54 377 198 104 299 86 241 159 262 366 267 43 430 86 368 132 84 292 332 362 250 205 195 76 170 85 100 238 204 227 390 187 89 72 511 75 134 100 29 128 253 214 295 149 403 68 281 351 150 133 141 196 360 315 393 102 205 253 183 188 111 57 168 20 114 312 82 116 355 277 438 571 365 291 326 91 396 284 137 437 345 308 330 136 149 339 155 292 554 140 208 381 15 214 30 173 163 117 152 300 238 204 327 122 215 334 260 392 382 78 117 226 326 243 93 62 269 230 159 280 137 398 432 11 103 158 303 203 235 323 147 298 194 270 217 198 297 289 285 356 65
282 113 256 269 0 128 240 40 190 121 218 207 203 105 297 80 257 238 239 70 261 291 433 238 347 218 248 129 118 248 123 339 287 135 331 239 219 556 136 312 232 203 132 29 167 128 157 282 255 74 211 204 207 230 303 207 84 90 95 212 189 87 81 175 194 342 104 50 152 174 122 111 239 186 132 169 168 198 334 157 144 120 206 303 218 303 240 160 218 210 162 255 83 156 182 238 103 184 170 144 68 123 279 236 181 209 254 218 135 182 265 166 130 101 208 120 215 220 162 151 126 208 208 76 207 92 197 289 218 209 253 142 185 220 189 274 243 145 275 156 232 8 196 493 356 323 175 208 179 348 157 189 380 104 78 143 145 95 234 229 375 270 83 122 279 142 281 120 208 168 126 209 33 231 260 147 102 165 196 300 165 192 162 99 63 71 258 331 53 139 141 205 137 236 305 278 166 359 261 214 212 306 212 40 107 187 190 76 226 332 175 263 333
318 240 224 144 128 0 163 106 286 208 242 221 167 53 169 71 182 220 271 198 361 166 432 204 220 254 253 8 111 126 155 278 160 213 298 214 180 446 64 296 278 108 164 148 275 200 279 159 253 190 115 259 111 268 176 86 46 63 179 89 81 111 66 113 318 422 25 165 30 186 216 78 110 275 120 63 216 70 282 61 140 238 216 175 294 176 296 42 91 234 203 300 138 142 155 111 26 60 54 160 73 139 328 188 64 98 367 111 16 81 147 47 127 78 235 25 273 111 201 215 54 135 140 66 239 194 290 191 186 210 158 75 95 92 97 147 124 182 148 28 244 137 296 535 357 256 202 109 257 312 42 293 360 193 198 20 81 195 170 245 465 191 65 237 153 141 161 41 111 77 14 238 102 151 239 34 79 205 206 340 244 73 35 123 182 125 133 206 125 152 89 181 8 277 365 154 45 263 270 182 201 306 147 162 96 208 175 54 246 304 211 259 209
480 344 382 215 240 163 0 200 427 352 404 384 70 214 203 162 324 381 204 295 365 148 593 80 247 415 416 171 129 216 158 419 167 228 150 374 339 510 110 455 438 248 159 268 407 349 393 232 148 314 253 417 250 209 174 198 192 153 323 119 218 267 162 271 378 573 172 244 176 138 356 240 162 420 282 208 374 146 429 102 119 359 379 213 276 170 454 126 134 396 178 460 288 305 317 139 169 181 193 322 220 300 488 344 197 224 394 238 175 225 238 123 124 139 397 188 236 234 360 211 216 285 292 216 184 329 433 308 346 373 40 101 243 169 66 202 103 168 148 162 162 246 312 698 518 93 161 246 254 464 124 318 517 335 317 145 242 244 319 408 612 328 161 291 212 303 245 135 58 229 152 400 232 13 117 187 138 178 369 502 245 198 145 281 260 273 128 258 199 313 251 88 160 217 523 225 182 372 433 342 363 468 300 280 257 370 337 179 409 460 371 150 258
315 147 271 250 40 106 200 0 230 160 247 234 163 100 274 43 260 257 211 100 261 261 459 199 325 250 273 109 78 231 90 348 260 120 292 256 232 547 99 333 266 197 99 69 208 164 194 264 220 114 205 239 201 203 275 190 69 54 132 182 178 106 46 178 213 382 82 59 133 139 162 114 214 226 146 158 201 173 346 122 106 159 231 280 205 274 276 131 190 238 134 289 112 172 196 209 79 165 155 168 68 145 314 247 166 197 262 208 116 173 251 136 91 61 237 105 194 209 192 131 120 210 211 73 178 132 237 284 233 232 215 104 180 197 152 252 211 114 246 134 199 47 195 528 382 283 143 201 166 364 126 191 401 142 117 117 144 92 240 257 415 272 48 131 258 160 266 87 170 161 99 239 48 191 222 132 63 137 221 334 152 176 136 120 77 97 227 312 25 161 144 166 113 210 342 260 148 355 288 229 232 331 217 80 117 214 208 52 254 350 205 228 314
162 128 249 393 190 286 427 230 0 79 151 164 392 237 433 265 308 222 406 162 347 448 330 427 475 132 192 282 307 369 307 345 437 289 518 231 241 619 318 260 117 299 314 161 36 91 92 401 437 118 304 94 303 395 453 334 243 274 107 374 304 177 264 250 226 155 266 208 296 357 71 220 385 22 196 292 108 351 328 335 333 89 169 435 352 454 105 327 374 148 336 130 149 195 215 392 268 321 302 160 214 167 138 260 310 322 310 322 284 293 377 333 320 288 143 266 368 328 124 313 250 277 271 221 379 98 13 363 232 184 435 326 283 362 370 406 410 323 430 307 410 184 301 330 266 512 353 306 319 316 325 286 315 94 119 306 245 242 281 167 186 322 266 227 407 182 392 297 388 276 291 139 195 417 447 286 290 339 167 167 310 319 320 169 201 161 417 448 239 166 234 394 294 399 143 400 305 414 193 230 201 231 270 152 201 150 202 250 158 291 127 446 451
172 109 203 318 121 208 352 160 79 0 125 127 322 159 356 191 246 178 354 119 330 370 335 359 400 115 165 204 237 293 244 300 359 240 452 184 184 561 242 236 120 227 252 94 75 23 108 326 376 64 232 90 230 343 375 257 165 199 29 296 228 99 189 179 223 223 188 152 218 294 13 142 307 68 123 215 68 273 287 257 265 73 128 359 314 376 123 248 296 118 279 141 71 128 152 314 189 243 224 95 136 94 162 204 233 247 303 248 205 218 304 254 251 214 114 187 323 254 74 262 172 209 204 142 324 34 82 297 177 140 358 250 209 284 293 330 332 263 351 228 351 118 274 374 262 439 294 233 277 285 247 261 299 18 71 227 169 194 219 140 260 261 191 193 331 113 319 220 310 201 213 113 120 341 381 208 216 282 122 186 266 242 241 92 151 83 339 374 174 98 159 326 215 349 185 325 226 354 172 174 153 217 204 90 124 107 144 173 133 263 84 384 377
76 234 102 297 218 242 404 247 151 125 0 24 395 190 341 261 177 76 456 240 454 375 215 433 372 23 42 235 315 273 337 196 356 351 529 86 109 476 297 112 51 200 346 198 175 105 225 298 465 185 201 59 201 447 371 250 216 265 134 315 217 144 257 152 348 209 233 262 236 385 136 164 307 129 122 215 57 286 178 302 347 197 30 340 431 374 75 282 309 9 380 65 135 101 102 323 236 248 229 83 192 107 93 124 233 228 429 222 231 206 273 286 332 284 11 217 433 229 57 369 190 164 157 193 424 156 143 237 98 45 398 308 190 285 339 314 352 361 356 249 446 219 396 293 139 497 390 206 392 165 283 384 174 135 194 261 168 307 153 16 264 190 258 315 312 101 286 271 352 193 253 13 199 392 463 224 286 383 38 99 380 238 267 130 265 150 350 340 268 92 158 404 246 454 135 300 237 275 47 98 64 92 151 201 148 34 80 234 8 141 44 473 343
98 235 85 273 207 221 384 234 164 127 24 0 377 170 317 244 155 58 444 236 450 351 226 416 348 45 41 214 299 249 323 181 333 342 512 67 86 458 278 110 74 176 332 190 185 104 231 274 450 182 177 77 177 436 347 226 197 247 130 293 194 129 241 128 349 233 214 253 213 370 138 144 284 143 102 191 61 263 165 282 331 199 6 316 423 350 98 260 286 20 367 89 124 79 78 299 217 225 206 66 175 90 117 102 209 204 428 198 210 183 249 264 316 267 24 196 423 205 53 359 168 140 133 176 412 154 157 214 75 22 377 289 166 261 318 290 329 348 332 227 431 209 391 315 148 477 377 182 384 159 262 380 176 134 192 240 146 299 130 24 287 168 242 310 288 81 262 252 331 169 232 29 186 372 446 202 269 370 15 122 371 214 245 114 258 137 327 316 256 74 135 387 225 443 159 276 214 255 54 75 41 98 128 195 129 21 56 217 26 136 43 458 319
468 295 390 260 203 167 70 163 392 322 395 377 0 210 257 135 345 384 137 246 296 209 596 38 305 402 413 175 85 255 98 442 224 163 134 380 347 565 103 461 422 269 96 232 368 325 347 277 92 275 276 397 272 141 234 228 180 130 294 159 239 251 138 280 316 545 165 195 190 69 325 235 206 389 277 225 357 178 448 112 61 316 373 267 206 230 435 143 176 386 109 445 267 302 319 187 162 205 212 311 203 288 471 355 218 250 326 265 182 243 278 143 73 111 386 189 167 262 345 144 218 301 306 202 114 295 400 341 352 369 108 92 260 207 92 250 157 101 205 178 97 208 244 685 520 124 92 268 186 478 138 250 527 305 277 155 247 185 336 401 578 353 137 231 260 297 288 128 99 243 153 389 204 72 73 198 109 109 363 489 177 223 163 266 209 251 183 310 154 304 253 20 167 149 503 270 200 410 429 348 363 469 314 241 248 361 337 161 401 470 357 97 311
265 207 183 169 105 53 214 100 237 159 190 170 210 0 203 86 161 175 297 172 360 211 386 248 250 201 204 47 139 146 174 251 201 219 343 171 141 452 109 252 225 99 184 115 229 148 240 180 289 152 107 206 103 291 217 106 34 85 131 138 84 60 81 80 299 369 44 151 59 215 168 26 149 224 68 66 163 114 252 112 171 198 166 207 304 218 242 95 137 182 223 247 88 93 110 155 48 87 70 108 37 86 275 153 80 105 358 113 47 77 162 100 156 104 182 30 289 116 148 227 21 111 113 29 264 149 239 186 145 160 211 119 81 127 149 177 175 202 193 70 276 112 294 483 310 307 227 103 265 275 95 289 319 145 161 73 45 191 142 194 413 172 81 225 181 89 178 82 164 63 63 186 72 202 281 50 107 226 155 288 251 90 84 71 166 77 180 230 124 99 47 221 59 300 312 178 69 256 221 141 154 259 118 130 43 156 128 57 195 264 158 296 233
412 407 270 44 297 169 203 274 433 356 341 317 257 203 0 234 186 283 392 367 519 64 471 281 52 360 331 168 252 68 299 263 39 368 349 273 238 308 194 339 389 141 306 315 430 342 443 49 347 354 139 380 139 393 42 99 214 224 331 103 129 258 230 190 487 546 194 333 146 310 367 215 60 417 239 141 341 102 281 168 269 401 311 10 441 47 411 147 89 335 341 406 287 247 239 73 196 116 133 279 236 267 434 231 124 114 531 118 163 141 72 142 263 230 338 179 410 112 323 363 185 177 185 228 364 351 433 140 249 297 167 198 153 77 168 27 101 322 56 141 354 305 455 615 409 269 332 134 409 325 152 455 386 345 363 157 188 359 199 336 597 182 228 403 30 256 66 191 158 157 174 343 269 193 319 153 231 342 304 436 396 114 137 264 351 278 75 54 291 272 199 277 161 402 475 44 134 185 348 247 280 367 192 329 232 314 261 223 341 331 328 351 55
333 190 269 214 80 71 162 43 265 191 261 244 135 86 234 0 244 258 211 143 290 219 467 173 286 267 282 77 55 197 89 336 218 142 269 255 227 517 56 336 286 174 99 107 245 191 236 229 206 153 182 262 178 206 233 157 52 11 162 140 150 116 5 166 253 413 51 101 101 129 195 108 174 259 147 131 221 133 337 79 87 199 241 242 224 233 300 89 149 252 138 310 132 174 194 168 48 131 125 178 69 155 336 239 135 168 297 181 85 148 218 95 72 24 252 79 205 181 210 146 102 194 197 69 178 167 271 259 230 239 174 62 158 159 109 214 168 116 204 98 191 87 225 549 390 249 141 176 187 361 84 223 403 173 157 78 130 125 227 268 450 254 6 169 221 165 232 45 128 139 62 254 71 152 202 102 26 140 230 354 173 145 97 131 119 116 184 275 56 170 133 143 78 214 368 224 116 331 298 226 235 339 203 119 118 227 210 29 267 349 222 214 278
238 337 87 143 257 182 324 260 308 246 177 155 345 161 186 244 0 106 452 315 518 237 286 381 205 200 155 174 292 125 332 97 214 380 471 95 69 315 245 153 228 77 342 257 319 225 352 138 434 277 71 230 74 448 224 126 194 240 232 208 107 176 238 83 443 386 193 307 156 367 259 147 177 288 132 121 201 179 105 234 322 313 149 182 464 228 252 203 195 175 381 240 197 119 94 199 197 143 134 152 193 156 266 53 128 100 510 86 166 102 114 204 309 257 179 166 449 91 184 388 142 50 49 187 420 259 303 60 80 133 302 255 87 161 261 163 238 360 220 168 426 263 453 431 223 411 383 78 425 144 208 446 203 243 287 191 116 349 27 168 441 14 238 379 157 135 122 223 266 105 196 184 224 311 418 149 259 384 147 262 412 125 183 170 320 199 224 170 285 148 117 362 180 457 308 142 146 108 170 80 114 182 46 269 151 161 107 216 175 146 183 440 173
132 284 27 239 238 220 381 257 222 178 76 58 384 175 283 258 106 0 467 278 492 326 212 422 309 99 49 212 313 216 343 123 305 373 517 11 46 401 282 77 126 147 353 226 241 156 286 237 464 228 146 134 148 459 317 202 207 259 176 278 172 152 254 110 398 281 219 287 204 388 191 151 260 201 112 176 117 247 109 280 345 251 54 280 456 321 150 254 268 76 390 135 158 85 65 278 223 207 191 96 192 115 160 54 191 177 474 168 206 162 213 257 330 279 81 196 451 174 105 387 167 108 100 190 434 202 215 166 36 39 368 293 144 239 314 257 313 370 307 219 449 241 431 333 138 473 397 153 417 111 257 420 145 183 238 236 139 333 86 64 337 117 254 351 254 97 223 256 324 153 233 85 211 368 456 194 281 393 57 156 404 194 236 140 295 168 305 275 281 100 131 397 221 467 202 240 201 200 65 39 27 89 92 234 141 74 49 230 72 93 98 471 278
521 284 479 390 239 271 204 211 406 354 456 444 137 297 392 211 452 467 0 244 185 346 670 128 441 457 484 279 161 381 123 547 360 118 156 465 437 698 213 543 470 379 113 262 374 365 335 407 70 293 387 441 382 13 370 348 263 214 331 291 352 317 216 376 253 561 259 202 300 86 351 318 338 410 355 334 407 304 548 232 132 319 442 401 96 367 476 262 306 448 77 493 321 381 404 320 255 323 324 378 275 356 515 450 333 366 229 381 287 353 404 264 144 195 446 287 53 379 400 93 313 404 407 278 33 321 417 460 440 443 243 204 366 334 224 382 294 97 341 291 43 239 155 728 592 216 70 380 102 571 256 168 611 337 289 266 341 164 437 467 582 462 216 190 391 371 416 231 234 347 258 447 258 209 104 305 193 74 431 538 104 340 281 331 206 307 319 444 188 372 344 117 275 16 538 400 313 531 498 436 442 542 414 264 325 424 417 240 464 559 413 75 445
291 49 299 339 70 198 295 100 162 119 240 236 246 172 367 143 315 278 244 0 215 360 453 277 417 233 276 199 166 317 152 390 357 127 363 281 268 621 199 345 238 268 158 59 130 136 100 351 278 55 276 208 273 233 373 276 154 154 106 281 257 140 146 234 128 317 174 51 222 200 113 173 309 167 184 238 183 268 382 223 185 75 236 373 196 372 240 229 287 232 175 260 123 204 231 307 172 254 239 182 135 167 279 287 251 277 197 285 205 249 334 235 174 160 229 190 208 288 183 151 193 268 267 144 217 85 173 353 265 243 313 203 250 290 251 344 310 164 344 226 250 62 156 487 378 370 193 274 160 389 225 144 412 105 48 213 208 80 291 253 341 329 148 75 349 188 350 187 270 234 195 228 100 287 291 217 161 178 227 304 149 261 232 146 40 117 326 400 96 180 202 244 207 237 297 348 236 420 286 261 251 332 270 47 165 214 234 145 248 369 196 287 403
498 224 512 503 261 361 365 261 347 330 454 450 296 360 519 290 518 492 185 215 0 488 664 302 570 445 491 366 267 487 221 599 495 150 341 494 478 807 325 560 446 458 215 267 311 349 256 519 254 268 466 416 462 174 508 447 330 299 320 417 438 347 295 435 126 485 340 211 391 227 321 370 459 360 392 418 396 419 594 351 256 265 451 527 92 506 443 373 430 446 188 466 335 414 442 447 337 421 414 396 325 379 481 496 425 457 55 468 374 434 508 377 259 289 443 365 136 469 398 158 380 468 468 332 189 298 360 545 476 458 401 321 440 447 360 501 433 202 478 388 223 256 65 675 591 398 204 462 112 603 367 72 626 318 260 366 403 169 495 468 489 530 296 142 509 399 522 330 376 422 351 442 293 366 287 391 289 187 442 508 123 434 385 356 199 327 456 564 238 393 400 279 368 169 489 514 406 616 501 473 465 546 473 259 368 429 447 311 462 584 410 260 566
449 404 316 97 291 166 148 261 448 370 375 351 209 211 64 219 237 326 346 360 488 0 524 228 100 392 371 168 223 113 267 322 26 340 289 316 280 364 168 388 420 178 273 313 440 359 445 108 296 356 179 407 178 349 26 125 212 208 343 79 157 271 215 223 471 574 190 320 152 269 379 230 68 435 262 162 366 97 337 142 233 404 345 74 405 22 441 131 75 369 304 439 299 276 273 56 190 130 150 305 239 289 467 276 143 148 506 158 165 169 126 125 229 208 371 183 371 151 348 331 199 218 226 231 321 359 450 199 290 333 109 169 185 90 128 77 55 287 19 142 306 300 427 659 457 206 292 173 376 380 135 429 440 357 364 149 211 338 245 373 621 236 213 385 85 282 125 174 114 183 166 375 268 140 265 162 208 305 337 473 365 137 131 280 337 288 34 116 274 296 222 229 158 358 508 102 145 249 388 288 318 412 233 328 249 345 296 215 377 383 355 298 116
169 441 212 429 433 432 593 459 330 335 215 226 596 386 471 467 286 212 670 453 664 524 0 634 483 220 186 424 522 411 548 217 500 566 730 218 254 465 494 138 219 351 558 414 364 317 420 423 673 398 348 248 351 661 511 406 417 469 348 486 379 354 463 321 551 273 431 477 416 595 344 361 461 312 320 386 270 455 195 492 554 401 228 466 646 515 226 466 475 224 593 201 349 294 277 482 434 416 401 292 398 314 194 251 400 380 635 368 418 370 400 469 539 489 226 408 648 374 272 584 379 311 304 398 637 368 318 334 247 228 578 505 352 443 526 449 519 573 506 430 656 433 609 181 77 684 602 356 607 149 469 596 87 348 406 448 351 522 280 204 324 289 464 528 443 302 406 468 536 364 445 226 411 580 667 406 491 596 239 165 595 401 448 339 480 363 508 447 481 298 344 608 434 668 208 427 412 322 171 250 233 128 296 416 349 246 259 439 208 141 259 681 449
506 326 428 289 238 204 80 199 427 359 433 416 38 248 281 173 381 422 128 277 302 228 634 0 327 440 451 213 122 286 125 478 246 181 96 418 385 589 141 499 460 305 121 267 402 362 377 306 68 309 311 435 307 135 254 261 218 169 331 188 275 289 176 318 336 580 204 226 226 84 361 273 235 425 315 261 394 210 485 148 94 349 412 291 210 250 472 178 205 425 123 483 305 341 357 213 200 240 247 350 242 327 509 393 253 284 337 299 220 279 308 178 108 150 424 227 167 296 383 159 256 338 343 240 114 330 435 374 390 408 120 130 296 237 123 277 180 122 227 214 85 243 255 723 558 100 103 304 196 516 174 264 564 341 310 191 285 211 372 440 612 388 175 254 287 335 317 166 126 280 191 427 242 89 39 235 147 122 401 527 190 258 198 304 239 289 206 335 188 342 291 34 204 142 540 299 235 442 468 386 402 507 351 275 287 399 376 199 439 508 395 70 336
440 456 292 82 347 220 247 325 475 400 372 348 305 250 52 286 205 309 441 417 570 100 483 327 0 393 357 218 304 107 351 268 81 420 388 298 265 264 246 356 422 177 358 364 474 384 490 75 394 402 173 416 174 443 74 144 263 276 376 154 172 303 282 227 538 581 245 385 196 360 411 260 112 458 279 186 378 153 288 220 320 448 342 45 492 78 445 199 141 368 392 437 332 284 272 124 246 164 180 318 285 308 465 255 170 153 583 154 212 182 100 194 314 282 371 228 461 148 360 415 232 208 216 276 414 397 474 150 277 327 208 250 192 128 218 74 147 373 100 192 402 356 507 636 426 303 382 170 460 334 204 507 396 390 411 209 230 411 223 366 633 198 280 455 69 295 87 243 207 199 226 376 318 238 364 201 283 393 337 464 448 160 189 308 402 324 122 36 343 311 241 325 212 451 507 75 182 175 373 276 309 387 221 378 276 348 293 274 372 343 364 396 33
66 223 125 316 218 254 415 250 132 115 23 45 402 201 360 267 200 99 457 233 445 392 220 440 393 0 61 247 321 292 339 217 374 349 536 109 131 499 307 129 29 219 348 196 158 97 210 318 469 178 221 38 221 448 389 267 224 272 129 330 235 151 264 170 336 188 243 259 250 388 125 176 325 110 135 231 51 302 199 313 352 184 51 359 427 392 53 294 325 25 380 47 138 117 121 339 246 264 244 93 199 115 76 147 249 247 418 242 244 224 294 299 337 291 22 229 431 248 58 368 203 185 177 201 425 148 122 259 120 67 411 317 208 302 350 333 367 362 373 263 448 218 389 283 146 507 392 225 389 184 295 376 187 128 186 273 183 304 175 36 242 212 265 308 331 114 306 281 364 209 264 17 202 403 468 238 293 384 56 87 377 255 280 136 261 153 366 361 269 102 172 410 259 454 116 320 252 298 62 120 86 103 172 197 158 47 100 242 28 159 45 477 364
83 274 71 286 248 253 416 273 192 165 42 41 413 204 331 282 155 49 484 276 491 371 186 451 357 61 0 245 337 263 362 158 351 383 547 60 93 442 312 71 84 193 372 231 217 143 267 286 488 223 193 99 194 476 364 246 233 284 171 318 215 168 278 150 388 234 248 294 242 409 176 178 304 170 136 216 97 288 138 314 369 237 42 328 464 367 107 290 310 47 407 89 165 111 100 322 252 249 231 106 213 128 112 103 233 222 468 214 240 204 261 294 354 304 51 228 463 221 93 399 199 154 146 213 451 194 183 215 82 43 406 323 186 283 349 305 354 387 352 256 470 249 432 289 109 508 416 199 425 124 292 420 136 174 232 271 174 340 134 26 290 166 279 351 301 116 271 286 361 193 265 54 225 403 483 230 306 410 53 107 412 236 274 153 299 178 349 324 296 112 165 423 256 483 154 288 240 245 18 84 54 58 139 235 165 62 79 254 34 100 81 495 327
311 240 215 141 129 8 171 109 282 204 235 214 175 47 168 77 174 212 279 199 366 168 424 213 218 247 245 0 118 122 161 270 160 219 306 206 172 441 72 288 272 100 171 148 272 195 278 155 261 189 108 253 104 275 176 81 46 69 176 92 74 107 71 105 320 416 27 168 25 193 212 71 110 271 112 55 210 71 274 69 148 237 209 174 300 177 290 47 93 227 210 293 134 135 147 112 30 56 48 154 71 133 322 180 59 92 371 105 9 74 142 52 135 85 228 18 279 105 195 221 46 127 132 63 247 191 285 184 178 202 164 83 87 91 104 145 128 188 150 27 252 137 301 528 349 263 209 102 263 303 48 298 352 190 197 26 73 199 162 238 460 183 70 240 150 134 157 49 117 69 22 232 101 158 248 26 86 212 199 333 250 68 38 118 184 121 136 203 129 145 81 190 12 284 359 151 40 256 262 174 193 298 139 162 90 201 167 57 239 295 205 267 206
386 215 323 241 118 111 129 78 307 237 315 299 85 139 252 55 292 313 161 166 267 223 522 122 304 321 337 118 0 228 47 387 229 117 216 310 280 549 59 391 339 219 55 146 284 240 266 257 151 191 226 314 222 157 242 191 106 54 209 150 192 171 59 217 255 459 99 116 140 76 239 162 193 304 202 174 274 155 389 84 32 233 296 261 189 240 351 109 163 307 93 362 184 229 249 181 95 166 164 233 124 209 388 292 174 208 284 222 127 192 250 113 17 35 306 126 163 221 263 111 153 244 247 124 128 210 315 301 284 294 151 55 205 184 97 237 168 72 211 133 137 123 205 602 445 206 91 220 156 414 103 206 458 219 193 108 182 120 277 323 493 302 59 167 245 220 263 71 114 187 98 308 120 122 148 145 33 95 285 407 144 182 125 186 132 168 190 299 71 225 186 90 115 165 418 251 154 373 353 280 290 394 254 156 173 281 265 84 322 403 276 159 301
344 353 205 25 248 126 216 231 369 293 273 249 255 146 68 197 125 216 381 317 487 113 411 286 107 292 263 122 228 0 274 212 89 338 366 206 171 321 170 276 321 73 283 261 367 278 385 34 347 297 72 312 71 380 101 41 164 188 269 98 65 197 192 123 441 478 149 289 97 295 304 154 56 352 173 81 274 77 226 149 251 343 243 68 416 105 343 119 82 267 320 338 226 180 171 80 152 66 78 213 182 202 366 165 66 47 493 50 114 75 23 117 241 199 270 128 391 44 256 337 127 110 118 174 351 291 368 93 182 229 187 177 86 49 163 41 119 300 96 98 347 256 422 550 345 297 315 66 381 268 125 419 327 283 306 121 124 321 133 269 529 124 190 362 39 189 36 158 161 93 135 275 217 204 324 100 200 322 236 368 368 56 103 201 306 219 102 84 251 205 134 274 119 389 407 32 83 156 280 180 212 302 124 276 170 246 193 179 273 271 260 352 87
404 200 355 287 123 155 158 90 307 244 337 323 98 174 299 89 332 343 123 152 221 267 548 125 351 339 362 161 47 274 0 425 274 73 212 341 314 595 106 420 354 261 10 150 279 251 252 304 132 189 269 327 265 117 288 237 140 93 218 197 236 195 94 254 220 462 139 102 184 51 244 195 240 307 232 217 290 201 426 131 39 225 320 308 143 285 363 156 210 328 49 378 201 258 281 227 135 211 209 257 152 234 402 327 219 252 241 266 170 235 297 159 38 77 327 167 118 265 282 64 191 283 286 154 90 213 316 345 316 320 187 101 246 231 139 284 212 27 257 178 109 126 160 616 471 221 54 263 110 448 150 163 488 226 188 154 219 88 316 346 491 343 94 134 292 248 310 116 156 228 142 328 138 155 140 188 75 52 310 423 97 227 171 209 114 187 235 346 70 250 221 92 159 125 429 298 198 417 377 312 319 420 292 156 202 304 294 117 343 435 295 140 348
230 402 97 225 339 278 419 348 345 300 196 181 442 251 263 336 97 123 547 390 599 322 217 478 268 217 158 270 387 212 425 0 297 468 567 116 122 286 341 112 241 174 435 334 365 277 408 215 531 344 167 255 171 542 305 221 285 333 294 302 203 253 331 171 514 385 288 390 253 462 312 234 267 323 208 218 240 274 24 330 417 372 177 257 553 309 264 300 288 198 474 244 267 186 158 290 292 239 231 210 280 223 264 103 225 196 587 181 262 199 196 301 403 352 203 260 540 185 228 478 234 143 140 275 514 321 337 123 125 162 396 352 183 253 358 245 330 453 306 264 522 344 536 384 172 506 477 175 514 69 304 527 131 302 354 288 206 434 110 181 442 91 331 458 237 202 198 319 362 201 292 207 308 406 515 245 354 477 180 249 500 222 280 244 400 273 314 232 373 211 205 458 276 550 303 221 243 107 165 129 147 152 133 343 233 197 158 308 190 87 221 537 234
430 399 294 72 287 160 167 260 437 359 356 333 224 201 39 218 214 305 360 357 495 26 500 246 81 374 351 160 229 89 274 297 0 346 311 295 259 344 172 365 403 158 281 308 430 346 438 82 313 349 158 391 157 362 16 107 206 207 332 79 140 259 214 204 472 558 184 319 142 280 368 217 52 422 247 147 350 89 313 145 242 397 327 49 414 17 424 129 70 350 313 421 288 259 255 50 185 116 135 289 231 274 449 254 128 128 511 137 157 151 101 124 237 210 353 174 382 130 333 338 187 197 205 223 334 350 438 174 269 314 129 174 167 75 138 52 67 296 19 134 321 296 433 638 435 230 303 152 384 355 134 434 416 346 357 144 195 341 223 354 607 211 213 386 60 266 99 174 126 166 162 358 262 157 284 151 210 315 319 454 372 120 125 268 337 278 41 93 274 281 207 244 151 371 490 76 132 223 368 267 298 391 212 322 236 327 277 212 358 359 339 315 93
411 166 389 353 135 213 228 120 289 240 351 342 163 219 368 142 380 373 118 127 150 340 566 181 420 349 383 219 117 338 73 468 346 0 252 373 351 659 175 447 359 314 69 153 256 253 217 369 162 178 322 329 318 106 359 299 187 150 220 267 292 221 148 298 155 443 193 90 243 97 236 235 309 294 264 272 298 269 466 201 111 201 340 377 85 357 363 223 280 343 59 381 218 289 315 297 190 273 267 279 188 258 402 366 278 310 168 323 227 289 359 227 111 139 340 220 82 323 294 26 239 330 331 194 94 207 300 401 351 344 259 172 298 297 212 351 285 61 328 240 130 133 88 613 490 281 80 318 46 482 217 91 515 224 173 217 264 47 360 363 464 392 149 76 359 276 374 180 229 279 203 341 162 226 183 244 139 61 330 426 32 287 236 233 90 206 307 414 96 274 264 151 220 110 423 364 258 473 396 347 346 440 337 152 236 321 324 166 359 466 307 170 416
602 410 522 365 331 298 150 292 518 452 529 512 134 343 349 269 471 517 156 363 341 289 730 96 388 536 547 306 216 366 212 567 311 252 0 512 478 652 235 594 555 394 206 359 491 456 462 381 92 400 400 530 396 169 315 347 314 265 425 269 364 385 272 411 402 673 299 313 318 163 453 369 312 517 411 352 490 295 575 239 187 437 508 359 252 310 567 269 285 521 193 578 400 436 452 289 296 328 338 446 338 423 605 486 343 372 386 387 313 370 388 267 201 245 520 321 208 383 479 227 351 429 435 336 163 423 527 458 484 504 183 225 387 319 210 351 251 200 293 305 125 335 309 818 653 92 173 393 252 608 265 321 658 434 400 284 379 290 464 536 702 476 271 328 361 431 395 261 207 372 285 523 337 162 72 327 243 191 497 623 251 346 288 400 324 385 275 403 279 438 386 127 297 172 635 374 326 522 564 481 497 602 443 367 383 495 471 295 535 602 491 84 404
143 289 19 229 239 214 374 256 231 184 86 67 380 171 273 255 95 11 465 281 494 316 218 418 298 109 60 206 310 206 341 116 295 373 512 0 37 391 277 82 136 138 351 228 249 161 292 227 460 232 137 143 139 458 308 193 204 256 180 270 163 152 251 103 402 292 214 288 198 385 197 147 250 209 110 168 124 239 103 274 342 257 62 270 457 311 161 248 260 86 389 146 159 84 61 270 218 199 183 99 189 116 171 43 183 168 477 158 200 154 202 251 327 275 91 191 450 165 112 386 161 98 90 187 432 207 224 155 28 47 360 288 135 230 308 247 304 368 298 212 446 242 432 343 145 466 395 144 417 109 251 422 148 188 242 230 133 334 75 75 348 106 251 353 243 97 212 251 318 146 227 95 211 361 451 187 278 392 65 167 404 185 229 140 297 169 297 264 280 101 126 392 216 466 213 230 194 189 76 32 31 97 83 236 139 81 49 226 82 94 105 468 267
175 282 43 194 219 180 339 232 241 184 109 86 347 141 238 227 69 46 437 268 478 280 254 385 265 131 93 172 280 171 314 122 259 351 478 37 0 379 244 116 160 102 324 212 254 162 292 193 430 223 101 161 102 431 272 156 175 226 174 233 127 132 222 68 393 318 183 269 162 356 197 119 214 220 87 132 133 202 116 240 312 254 80 236 435 275 184 212 223 106 362 173 145 64 37 233 187 163 147 91 164 101 200 20 146 132 465 122 166 117 168 215 297 245 110 158 426 129 117 362 129 62 54 160 404 201 235 128 11 64 324 255 99 193 273 212 268 341 261 176 417 223 415 379 181 430 367 107 396 134 216 406 180 184 233 195 100 314 44 101 373 82 222 337 208 80 179 219 282 110 194 115 189 326 419 152 247 365 77 199 382 149 194 122 279 152 260 232 256 90 94 360 181 439 242 196 158 174 110 11 45 134 47 222 114 92 40 197 108 124 115 437 235
516 648 374 309 556 446 510 547 619 561 476 458 565 452 308 517 315 401 698 621 807 364 465 589 264 499 442 441 549 321 595 286 344 659 652 391 379 0 491 396 525 354 604 563 633 539 667 292 655 588 346 534 349 698 338 360 478 509 546 407 370 484 512 389 749 671 467 603 416 614 573 448 360 598 444 390 512 395 309 468 571 627 453 298 738 342 548 440 391 477 641 530 508 433 408 378 470 386 393 466 489 469 550 360 382 350 809 340 432 375 299 437 562 520 482 442 711 338 496 659 431 356 359 481 669 573 614 269 388 437 472 497 372 366 474 316 409 621 363 419 661 564 741 646 447 566 635 349 702 344 446 738 391 558 599 442 413 639 342 463 728 300 510 676 306 449 286 480 466 389 456 486 523 501 627 416 522 643 454 535 689 372 424 482 618 508 383 255 569 463 420 585 439 707 589 298 401 206 450 390 419 436 358 576 458 470 419 496 471 367 493 659 253
372 246 287 182 136 64 110 99 318 242 297 278 103 109 194 56 245 282 213 199 325 168 494 141 246 307 312 72 59 170 106 341 172 175 235 277 244 491 0 359 329 169 114 163 300 239 293 199 189 209 176 307 172 211 186 135 83 46 213 93 141 157 55 177 303 463 64 154 89 127 247 134 134 310 177 124 265 96 346 26 81 255 274 202 248 184 344 51 105 289 150 351 178 202 217 123 61 110 113 214 110 192 379 253 121 154 339 169 80 143 193 54 71 40 289 86 221 167 251 170 116 199 204 106 182 221 324 247 249 269 118 11 158 125 53 178 115 130 155 79 183 144 262 590 418 201 146 170 215 376 45 262 424 225 214 54 144 170 234 303 502 253 53 217 186 197 205 26 72 141 50 293 123 99 175 96 40 152 263 394 202 127 68 171 171 163 135 241 107 206 151 117 65 220 413 193 101 319 329 245 262 367 211 176 149 263 236 69 303 367 262 196 243
122 345 74 296 312 296 455 333 260 236 112 110 461 252 339 336 153 77 543 345 560 388 138 499 356 129 71 288 391 276 420 112 365 447 594 82 116 396 359 0 146 214 430 298 287 214 337 291 541 293 211 167 214 536 377 269 285 336 240 348 241 227 331 184 459 275 296 360 279 465 247 228 325 239 189 248 168 317 88 356 423 308 110 335 530 381 166 329 337 118 467 142 229 162 142 345 300 278 263 168 268 189 157 114 262 243 538 231 281 232 268 332 408 356 123 273 526 238 163 462 243 174 166 267 510 264 250 207 110 103 440 369 214 306 389 315 382 446 371 293 526 314 500 280 70 547 474 218 490 58 332 489 68 244 302 311 215 406 144 97 333 159 332 420 310 173 275 333 398 226 309 125 286 442 533 268 358 470 119 139 477 263 310 214 366 241 372 321 357 173 208 474 297 543 194 295 274 215 68 113 102 40 158 303 219 131 126 307 104 32 152 549 323
52 222 152 345 232 278 438 266 117 120 51 74 422 225 389 286 228 126 470 238 446 420 219 460 422 29 84 272 339 321 354 241 403 359 555 136 160 525 329 146 0 247 363 208 148 105 202 348 485 183 250 30 250 460 417 295 246 292 139 357 263 172 284 199 333 159 266 269 276 404 126 200 352 97 161 258 65 328 222 337 370 182 80 388 434 420 24 319 352 54 394 23 155 144 150 366 269 291 271 118 219 139 50 175 277 275 416 270 269 252 323 324 355 310 51 254 441 277 78 379 228 214 206 223 439 153 106 288 149 96 436 339 236 330 374 362 394 376 400 289 463 230 393 263 150 530 407 254 397 203 320 379 198 135 190 298 210 313 204 62 213 241 285 312 360 140 335 303 388 237 288 46 219 426 486 264 313 397 85 68 385 283 306 158 269 171 394 390 284 127 199 429 283 466 88 349 279 326 79 149 115 114 201 207 182 75 129 262 54 177 67 494 393
272 298 140 98 203 108 248 197 299 227 200 176 269 99 141 174 77 147 379 268 458 178 351 305 177 219 193 100 219 73 261 174 158 314 394 138 102 354 169 214 247 0 271 210 301 209 324 102 358 240 8 239 4 375 172 55 128 168 205 135 30 136 168 50 396 405 122 250 80 293 238 95 112 282 104 45 201 105 181 157 248 282 170 141 398 175 270 126 123 194 310 265 163 107 98 132 126 67 57 141 135 133 293 100 52 30 456 23 92 26 78 127 235 185 197 95 379 30 183 319 78 40 48 128 347 229 298 87 112 156 228 179 19 92 185 114 168 288 160 91 351 210 392 481 282 337 310 7 360 216 131 387 272 219 250 115 61 289 72 196 457 84 168 324 113 118 93 148 190 36 121 202 170 235 342 74 187 312 163 296 346 50 106 137 265 159 158 149 221 134 69 285 105 384 334 102 69 159 210 109 140 235 56 224 108 172 120 148 201 214 187 364 152
413 205 365 296 132 164 159 99 314 252 346 332 96 184 306 99 342 353 113 158 215 273 558 121 358 348 372 171 55 283 10 435 281 69 206 351 324 604 114 430 363 271 0 158 286 259 257 312 124 196 278 336 274 107 294 246 150 103 227 204 245 204 104 264 220 469 149 107 193 43 251 205 248 314 242 226 299 209 436 138 42 231 330 315 135 291 372 164 217 337 39 386 211 268 291 234 145 220 218 266 162 244 411 337 228 261 237 275 179 245 305 167 44 86 336 176 109 274 291 58 201 293 296 164 80 221 323 354 326 330 190 108 256 239 145 291 218 18 263 187 100 134 156 624 480 219 44 273 103 458 158 160 498 234 195 163 229 89 325 356 497 352 104 135 300 258 318 125 161 237 151 338 147 157 134 197 85 42 319 432 92 236 180 219 119 196 241 354 79 260 231 89 169 115 437 306 207 426 387 322 329 430 302 163 212 313 304 127 353 445 304 132 356
259 92 246 284 29 148 268 69 161 94 198 190 232 115 315 107 257 226 262 59 267 313 414 267 364 196 231 148 146 261 150 334 308 153 359 228 212 563 163 298 208 210 158 0 139 103 132 296 282 46 218 179 214 252 324 221 102 117 69 234 199 82 107 176 187 314 124 63 169 201 94 115 258 158 127 181 146 218 327 183 173 93 189 320 233 324 215 183 239 190 187 231 69 148 175 258 123 200 184 130 79 112 254 230 195 220 254 227 152 192 277 189 159 129 188 136 235 230 141 172 136 210 208 88 231 64 169 294 210 194 280 169 191 238 216 290 267 170 296 174 258 24 204 467 337 352 200 216 194 337 180 194 365 76 51 165 150 109 233 210 346 271 109 125 295 133 293 145 234 176 147 188 46 259 288 162 130 190 179 276 182 205 183 90 69 60 280 345 80 127 144 234 156 258 279 293 182 362 243 206 199 288 212 15 106 169 180 99 206 319 154 290 348
195 93 268 392 167 275 407 208 36 75 175 185 368 229 430 245 319 241 374 130 311 440 364 402 474 158 217 272 284 367 279 365 430 256 491 249 254 633 300 287 148 301 286 139 0 94 56 400 408 93 307 121 305 362 446 331 230 255 98 363 302 171 245 254 190 187 253 178 288 329 63 215 378 52 198 288 125 342 349 319 308 55 188 432 317 447 138 314 365 171 306 163 142 202 225 384 254 315 296 167 202 169 173 273 306 321 274 323 274 292 378 320 295 267 166 256 335 328 138 281 244 283 278 209 348 81 49 371 246 202 418 307 284 356 353 403 398 294 421 297 380 161 265 366 297 490 323 308 285 341 312 250 344 84 92 294 244 210 291 191 211 333 247 192 405 187 393 281 371 275 278 163 178 398 419 279 269 309 184 201 276 315 310 166 170 152 408 449 214 172 233 368 283 366 179 399 298 426 220 244 218 260 277 128 198 168 214 234 183 316 144 417 452
157 131 181 302 128 200 349 164 91 23 105 104 325 148 342 191 225 156 365 136 349 359 317 362 384 97 143 195 240 278 251 277 346 253 456 161 162 539 239 214 105 209 259 103 94 0 131 310 383 81 214 77 213 355 362 243 159 198 33 286 213 89 189 161 245 224 182 164 207 301 35 129 294 76 105 201 47 262 264 252 269 96 106 344 330 364 113 241 285 97 289 128 62 108 131 303 184 231 211 73 130 76 151 181 219 231 324 231 196 202 287 247 255 215 94 178 336 237 51 274 160 189 184 136 334 51 92 277 154 117 353 248 193 272 289 315 323 272 340 218 359 126 292 365 242 439 302 216 292 263 240 280 278 31 90 220 154 208 198 119 266 239 190 211 316 93 302 216 306 185 206 93 120 339 386 197 217 292 99 173 280 228 232 79 165 77 328 358 180 78 143 330 207 361 179 309 215 333 152 152 130 197 183 102 111 84 122 170 113 240 62 391 361
251 52 311 408 157 279 393 194 92 108 225 231 347 240 443 236 352 286 335 100 256 445 420 377 490 210 267 278 266 385 252 408 438 217 462 292 292 667 293 337 202 324 257 132 56 131 0 419 375 89 331 175 328 322 454 346 233 247 121 366 320 189 238 281 134 233 255 152 297 299 95 231 387 108 224 304 171 349 394 314 285 42 234 447 269 455 194 315 370 220 271 219 162 234 259 390 255 327 310 202 207 197 229 312 320 340 218 344 282 311 398 321 274 256 215 264 291 349 181 243 258 312 309 216 311 95 105 401 285 247 409 298 306 367 345 417 399 262 428 305 345 149 214 419 352 471 290 331 240 389 312 199 397 109 81 296 264 174 325 241 248 367 240 146 421 218 414 277 364 294 279 213 177 385 390 290 257 274 228 258 233 330 314 188 139 166 411 468 194 204 255 344 287 325 234 417 309 461 271 282 261 313 309 118 217 213 253 231 233 366 189 384 471
368 387 223 17 282 159 232 264 401 326 298 274 277 180 49 229 138 237 407 351 519 108 423 306 75 318 286 155 257 34 304 215 82 369 381 227 193 292 199 291 348 102 312 296 400 310 419 0 369 331 99 341 99 407 90 75 198 220 303 118 98 230 224 152 475 506 182 323 131 322 337 187 71 384 205 115 303 103 232 176 279 377 268 44 446 94 371 148 102 294 349 364 259 209 198 93 185 99 112 243 216 234 391 184 101 79 526 79 148 108 25 145 270 230 297 162 419 73 285 368 161 134 142 208 377 325 400 92 204 254 199 205 117 74 185 32 130 329 95 131 372 290 454 568 361 306 343 95 412 276 154 452 337 317 341 152 157 354 152 293 558 133 223 395 22 220 17 189 180 126 168 302 251 220 344 135 231 351 262 392 399 90 133 234 340 252 108 49 284 236 167 297 152 415 433 7 116 143 302 203 236 320 147 310 203 273 219 212 298 282 289 373 52
