NAME : X-n256-k16_SARP
COMMENT : Curated from VRPLIB to SARP
TYPE : SARP
DIMENSION : 255
EDGE_WEIGHT_TYPE : EXPLICIT
EDGE_WEIGHT_FORMAT : FULL_MATRIX
EDGE_WEIGHT_SECTION
0 397 341 467 445 443 497 418 461 484 451 468 403 259 513 418 379 361 358 409 354 246 405 408 517 200 469 469 168 422 463 406 509 281 353 482 439 410 275 290 457 363 490 371 207 363 361 494 466 472 175 390 250 478 456 276 296 399 364 298 363 308 344 461 448 255 282 443 442 414 452 467 416 454 418 324 350 405 357 425 362 213 512 443 276 324 329 347 245 207 438 255 393 409 442 203 357 297 458 224 269 255 387 205 437 446 242 416 333 316 246 437 350 426 311 233 234 369 602 442 228 555 524 254 404 515 344 343 415 557 366 365 427 382 484 281 384 272 364 347 342 327 440 415 300 368 461 293 407 470 369 426 348 297 405 509 477 280 445 355 233 419 505 475 348 375 332 422 406 477 498 383 457 291 527 309 420 482 529 328 432 331 353 414 365 232 459 298 339 388 294 317 398 429 400 334 495 272 501 423 319 399 590 467 407 590 542 441 210 219 240 433 394 405 370 383 496 474 472 323 411 267 480 341 324 439 324 218 406 389 571 407 220 438 231 323 304 445 532 465 315 258 325 340 278 468 444 321 486 319 541 353 280 565 460
397 0 614 675 527 496 122 673 581 758 601 497 292 571 222 668 141 324 447 585 683 586 22 121 438 461 742 714 494 557 72 568 554 550 748 485 156 74 448 276 519 705 381 697 558 385 445 177 844 173 572 658 603 610 425 387 579 187 500 694 699 658 280 556 600 628 181 808 447 673 359 523 128 578 224 127 679 189 325 326 693 434 862 139 298 613 268 664 551 539 638 596 659 568 790 579 698 594 695 532 603 612 635 598 168 297 609 83 107 237 284 623 638 726 606 579 561 235 882 435 596 302 470 647 513 887 661 370 791 246 393 247 581 154 760 558 268 544 308 727 632 491 362 98 674 485 159 593 700 590 605 252 57 541 680 799 689 579 634 453 233 762 484 586 581 641 582 692 176 104 541 525 645 662 467 673 383 631 813 683 770 80 666 304 237 609 665 374 644 654 463 657 518 809 701 88 635 587 664 470 646 691 448 415 739 497 435 493 434 523 479 274 768 257 747 723 626 637 592 492 379 434 156 659 78 681 248 547 183 638 872 608 414 253 451 545 491 622 257 806 576 254 657 617 641 514 435 676 448 663 367 683 609 372 390
341 614 0 770 258 287 735 78 793 149 776 320 727 88 796 79 661 694 240 731 591 130 631 679 853 161 133 129 174 753 659 732 322 66 354 822 717 661 177 618 282 580 821 114 163 309 246 765 585 748 322 50 151 806 795 244 45 695 699 371 589 531 670 251 773 202 580 259 334 74 783 293 688 785 723 601 109 701 690 753 594 181 682 713 609 606 653 597 97 143 132 127 52 736 214 212 139 579 121 117 112 159 53 281 720 766 460 669 601 404 577 752 626 676 40 144 120 683 843 345 188 855 420 283 220 636 595 682 277 835 304 430 754 669 150 61 705 576 694 491 618 161 773 675 211 209 735 56 87 228 57 737 589 76 68 754 150 65 146 231 547 620 845 807 63 34 636 698 697 716 318 179 770 199 865 507 757 805 201 535 639 581 77 739 679 436 140 270 56 47 170 123 206 548 91 528 224 546 205 289 94 661 920 394 625 490 876 287 181 122 135 749 544 721 518 597 232 794 229 156 748 189 746 80 538 102 644 132 700 55 797 114 201 748 163 87 143 763 823 658 39 365 567 5 173 808 783 530 389 546 863 113 101 883 795
467 675 770 0 912 909 702 846 142 890 100 933 436 682 619 849 557 376 824 91 228 646 667 594 395 660 878 896 607 137 743 112 975 724 552 295 593 633 741 400 923 261 427 751 608 821 827 639 418 615 457 815 633 120 339 740 729 531 178 481 245 278 412 927 99 599 494 742 902 841 410 934 595 138 514 548 732 534 373 419 234 678 340 612 377 169 417 207 675 628 888 651 818 114 774 567 722 194 891 659 668 630 823 507 581 469 328 631 568 735 392 55 156 170 733 631 651 468 231 900 595 595 979 533 870 425 206 318 692 659 825 782 108 549 889 720 446 197 393 383 163 792 395 619 624 835 614 716 811 934 812 494 619 747 823 181 919 705 898 821 448 276 325 153 796 803 136 109 546 690 964 848 38 626 374 316 353 94 921 293 264 597 751 433 464 354 905 759 747 814 760 694 864 413 799 669 956 228 956 887 712 153 485 918 244 1039 432 906 675 657 700 479 367 472 373 259 958 73 936 788 351 733 639 738 641 872 436 639 541 825 248 859 687 504 696 778 768 62 610 290 756 688 237 768 634 243 316 292 942 264 506 733 680 534 385
445 527 258 912 0 39 645 254 895 329 891 66 735 307 743 245 624 724 93 851 776 356 548 627 881 262 317 266 331 857 546 845 69 246 600 880 667 593 172 645 24 774 836 371 370 142 92 701 815 692 516 265 383 916 837 179 266 668 796 600 779 720 689 29 888 437 572 516 102 259 802 35 636 888 703 569 368 673 722 768 781 236 899 656 647 764 670 774 298 337 170 359 264 849 467 425 398 736 243 301 349 394 230 493 675 764 646 602 560 290 614 880 789 856 288 365 331 680 1031 116 412 817 169 512 45 867 772 733 535 772 134 285 867 635 333 257 710 716 718 708 780 128 796 614 459 77 678 293 321 70 205 725 526 213 285 938 214 291 157 93 566 822 895 908 196 257 777 862 664 629 61 82 901 445 902 705 794 922 380 731 840 528 335 749 678 626 192 172 314 261 155 378 56 777 333 443 116 708 154 60 350 833 927 163 820 235 894 41 239 297 226 742 763 716 736 793 104 916 71 134 785 178 681 339 466 241 655 332 669 232 993 160 225 733 221 182 156 888 776 865 235 291 748 264 417 881 833 725 146 733 855 371 343 869 823
443 496 287 909 39 0 614 289 886 366 883 34 714 327 714 280 598 706 85 845 781 375 518 600 862 270 353 303 342 849 512 839 68 267 620 865 640 564 177 628 23 781 815 401 386 114 82 672 831 664 527 298 403 907 820 169 289 643 787 616 785 727 669 66 881 456 551 546 63 294 782 28 609 879 679 544 396 648 704 747 787 240 911 628 631 765 651 779 317 352 208 379 297 842 498 440 426 737 280 317 371 414 263 507 648 742 653 573 535 262 598 875 790 860 314 383 349 658 1036 77 430 790 135 529 67 882 776 718 563 742 106 252 859 609 370 279 688 715 699 721 782 142 777 585 482 87 649 317 354 108 236 702 498 234 318 943 252 313 194 89 548 831 878 898 224 289 775 863 639 597 56 107 896 467 883 714 776 915 418 739 848 502 364 728 656 634 230 155 342 293 163 404 81 792 365 414 154 710 193 27 376 836 905 124 827 203 874 3 244 313 238 720 775 694 748 801 141 910 110 149 768 181 651 367 439 278 635 349 644 265 999 195 225 709 228 206 170 883 748 874 260 268 753 292 439 868 817 733 108 740 832 399 366 844 804
497 122 735 702 645 614 0 795 590 880 617 612 277 689 134 790 148 328 568 611 747 702 104 110 400 580 864 837 609 573 110 591 668 671 850 469 112 87 570 308 637 773 342 816 672 504 566 87 923 101 670 780 718 620 407 509 699 172 524 791 765 730 290 674 616 739 236 922 561 795 331 640 108 588 196 181 797 169 331 305 757 555 928 91 335 668 285 726 670 655 760 711 781 590 907 689 815 653 817 650 720 726 758 701 125 262 690 83 167 357 332 648 692 778 726 694 678 234 922 549 708 215 575 751 633 963 723 384 902 140 512 362 600 154 882 679 260 601 311 810 687 613 340 89 785 606 95 712 821 710 728 222 152 662 802 845 811 699 756 574 296 828 459 591 703 763 629 737 157 20 656 647 669 774 432 750 371 644 935 756 833 166 785 285 238 693 788 496 764 775 585 774 639 891 822 210 755 652 785 587 764 743 385 525 802 594 386 611 555 642 600 243 846 238 827 789 746 654 712 615 369 557 74 778 198 803 268 664 162 760 919 731 535 216 572 667 613 644 169 870 697 377 723 738 754 507 422 749 558 733 304 801 726 299 363
418 673 78 846 254 289 795 0 871 86 854 320 800 165 862 9 729 769 264 808 662 202 691 744 928 232 71 51 251 830 713 809 308 139 405 899 783 723 226 693 278 649 895 139 238 338 269 829 642 814 394 32 219 884 871 291 122 764 776 431 659 602 744 238 851 265 650 274 345 7 858 288 754 862 794 668 146 770 765 827 664 245 744 778 684 681 727 669 175 220 91 197 29 813 219 283 173 654 46 195 181 225 37 351 787 839 532 732 667 452 652 829 700 748 113 217 196 755 912 358 258 924 423 346 225 691 668 758 304 900 331 472 831 737 89 137 778 652 769 554 692 193 848 739 265 227 800 131 72 205 68 809 651 135 36 824 83 142 107 255 620 686 922 885 92 44 712 771 765 776 307 188 846 254 941 576 833 882 142 604 706 645 113 813 751 507 84 312 105 32 213 174 211 606 87 585 186 620 156 298 147 733 994 407 694 488 951 290 247 199 201 821 606 793 581 666 197 871 205 189 824 239 810 124 598 28 717 209 769 35 864 94 262 819 226 128 184 840 891 723 106 420 638 79 233 885 860 600 397 617 935 148 169 955 870
461 581 793 142 895 886 590 871 0 925 42 907 315 706 494 872 451 263 804 81 333 677 570 486 254 662 912 921 621 40 645 68 955 738 632 154 479 530 732 308 903 369 290 794 638 788 806 520 538 497 504 840 670 30 203 718 749 419 99 557 353 367 304 915 44 646 407 809 870 866 278 913 486 9 395 455 773 421 261 293 341 672 474 499 289 249 314 307 695 651 899 684 843 63 833 605 769 263 913 677 701 669 843 556 466 341 397 526 475 682 313 95 250 297 759 662 676 357 370 866 635 462 939 591 858 552 305 212 763 532 794 726 50 442 925 737 330 235 280 480 253 786 264 512 678 821 498 740 846 928 827 373 529 757 852 322 935 728 906 803 372 397 184 16 808 826 191 235 433 580 942 841 104 677 232 406 225 56 963 390 389 508 787 309 353 420 919 732 779 839 751 736 853 526 836 591 956 293 962 863 749 272 344 877 364 993 291 884 669 673 702 355 477 353 477 372 955 72 930 782 224 722 523 774 561 894 334 662 428 845 389 868 675 382 692 784 764 83 481 419 772 642 331 791 679 102 181 386 904 357 369 775 713 396 250
484 758 149 890 329 366 880 86 925 0 906 395 875 224 944 93 810 840 348 859 693 248 776 827 999 310 16 64 316 885 799 862 375 215 407 964 865 807 312 766 352 676 968 143 288 423 354 912 646 896 433 101 257 936 940 377 192 843 834 447 687 633 818 309 903 293 729 242 424 85 931 361 836 917 872 749 160 850 837 901 694 327 755 861 755 722 801 703 239 278 159 241 99 866 183 323 176 696 86 260 224 260 123 385 868 915 567 815 749 539 724 877 740 779 173 263 252 832 936 438 295 1004 498 369 305 694 702 826 283 983 416 558 884 817 4 210 853 700 841 571 731 279 920 822 279 310 882 191 80 271 154 886 735 218 81 852 123 204 173 340 696 708 988 941 178 118 758 808 846 860 376 270 893 272 1010 604 902 933 56 631 728 728 139 888 828 542 139 398 147 105 300 197 292 614 91 671 241 662 203 377 178 768 1068 487 719 560 1022 367 328 266 282 898 620 869 596 692 255 920 271 275 894 325 893 152 683 89 792 267 849 120 885 173 345 897 308 214 271 889 972 741 185 506 672 148 258 947 927 628 474 648 1011 160 212 1032 941
451 601 776 100 891 883 617 854 42 906 0 905 345 689 526 855 475 289 800 48 294 658 591 511 294 651 893 904 606 44 666 45 951 724 600 195 506 553 724 326 900 330 328 772 619 788 802 550 498 527 480 823 649 32 241 715 733 446 104 526 314 332 328 909 3 622 424 781 870 849 313 910 511 37 425 474 751 448 286 325 303 664 432 526 305 213 336 269 679 634 886 665 826 42 807 584 746 230 897 661 682 648 827 532 494 374 366 550 494 688 326 53 213 255 741 643 658 383 330 867 613 498 941 564 852 510 268 234 734 565 793 733 24 466 905 722 358 208 306 444 216 778 299 537 653 815 527 723 826 920 813 403 547 744 834 280 921 712 894 798 384 357 225 56 795 810 159 193 460 606 939 833 62 653 273 371 258 32 942 353 348 526 767 341 379 391 905 730 760 822 744 714 847 487 816 606 947 262 951 861 728 231 385 880 323 998 332 881 660 658 691 387 438 382 439 332 947 37 922 774 256 715 551 754 576 878 356 645 455 829 348 856 668 413 683 772 755 40 515 377 757 646 294 775 656 143 217 350 906 321 407 753 694 435 286
468 497 320 933 66 34 612 320 907 395 905 0 725 361 717 311 604 720 113 868 810 409 518 604 874 301 383 332 374 870 508 860 57 301 653 880 644 566 207 642 43 811 826 434 418 123 108 673 863 666 558 330 436 929 834 192 323 650 808 648 814 756 682 88 903 489 562 579 51 325 793 36 613 900 687 552 429 654 718 758 816 270 942 631 647 792 664 807 350 385 236 413 329 863 531 473 459 764 309 350 405 447 295 539 652 751 683 575 541 266 614 898 817 888 347 416 382 668 1065 64 463 793 103 562 100 915 804 734 596 743 116 250 881 616 399 312 699 740 712 752 808 175 789 588 515 120 652 350 386 130 269 710 502 268 350 971 279 347 222 118 562 861 893 918 258 321 800 890 645 596 44 141 920 501 896 744 790 937 446 769 878 508 397 739 666 664 258 175 376 325 194 437 114 824 397 417 174 737 214 46 409 863 913 103 857 170 884 34 273 345 270 728 807 703 780 830 160 932 131 182 782 210 653 400 443 308 647 382 650 297 1028 226 253 716 259 240 203 905 751 905 294 279 782 326 472 885 832 763 81 769 839 433 399 851 816
403 292 727 436 735 714 277 800 315 875 345 725 0 655 183 798 151 65 643 345 527 647 276 180 152 568 859 849 562 302 345 324 780 661 717 196 165 228 602 113 735 559 101 773 609 602 644 205 725 182 542 776 653 345 134 562 683 109 260 646 547 527 59 760 345 654 163 842 679 798 70 742 177 314 81 181 751 110 69 35 538 560 704 186 131 438 74 502 638 606 796 657 778 322 845 603 760 430 834 616 670 658 765 588 152 46 509 222 198 464 157 381 458 538 704 635 633 59 663 671 629 177 726 636 707 757 499 123 809 226 609 497 330 139 876 665 26 378 50 627 454 656 70 207 698 673 184 686 802 786 740 59 251 667 794 594 843 672 798 646 180 608 192 315 717 759 388 488 123 269 767 705 400 691 178 556 95 370 924 554 609 235 752 14 60 521 822 564 736 773 622 720 708 699 797 332 824 441 843 688 720 504 195 666 578 766 160 711 558 610 602 45 650 38 637 571 819 381 788 655 93 589 208 741 301 817 83 617 117 768 668 764 551 69 581 684 644 376 179 645 694 446 508 727 680 230 146 548 697 525 138 755 680 163 98
259 571 88 682 307 327 689 165 706 224 689 361 655 0 738 167 602 618 262 643 505 50 586 623 775 112 209 215 93 666 622 644 375 61 293 740 659 610 175 544 328 495 746 127 76 319 268 710 513 692 235 134 76 719 716 235 49 632 613 297 503 446 597 306 686 130 515 250 363 160 708 340 632 698 658 542 108 638 614 680 508 146 605 658 533 518 580 510 19 55 213 52 137 648 222 128 130 490 209 40 45 87 141 198 661 696 374 617 544 382 501 664 538 590 53 61 32 614 759 372 109 792 453 208 263 564 509 602 250 779 315 416 666 608 225 50 634 487 619 412 530 186 697 622 155 241 678 34 148 292 135 670 538 94 147 669 237 23 226 253 477 537 764 721 126 121 547 610 635 669 368 225 682 141 786 423 679 717 270 450 556 529 98 667 610 350 226 265 81 133 177 92 250 475 143 487 298 458 286 322 76 574 846 416 541 525 800 327 145 48 110 680 466 652 440 513 304 706 294 179 670 181 692 89 493 190 573 44 638 143 714 189 171 681 137 125 159 675 763 577 81 335 480 86 112 724 703 446 419 460 792 112 44 814 718
513 222 796 619 743 714 134 862 494 944 526 717 183 738 0 858 136 246 659 528 701 742 200 118 277 636 928 907 650 484 239 507 774 730 855 358 79 151 644 259 737 731 221 863 707 601 657 48 893 51 675 843 753 524 297 590 756 116 444 789 720 695 220 771 526 766 230 954 667 861 219 741 109 494 112 196 843 110 250 201 712 617 881 87 285 615 224 677 719 696 839 752 845 505 947 714 856 605 890 698 763 760 825 714 76 153 667 141 195 453 296 564 636 719 781 732 722 167 847 656 737 82 692 763 725 928 674 305 927 47 609 468 512 131 946 736 178 552 230 788 632 692 231 129 812 695 65 765 879 804 797 126 218 727 864 777 890 751 837 664 283 783 343 492 772 826 568 670 107 139 761 732 583 802 309 720 269 550 997 722 785 219 836 186 172 675 866 581 817 839 661 815 729 864 877 300 847 611 873 688 810 684 251 637 754 717 259 711 616 690 662 140 816 150 801 745 839 563 805 693 270 630 67 827 277 874 214 706 107 828 851 808 601 115 636 737 688 558 36 822 759 458 680 798 786 402 316 715 670 695 172 846 771 165 251
418 668 79 849 245 280 790 9 872 93 855 311 798 167 858 0 725 767 256 810 666 205 686 740 927 230 78 51 252 832 707 811 299 138 412 899 779 719 221 691 269 654 894 147 241 331 262 825 648 810 398 37 223 885 870 285 123 761 777 437 663 606 743 229 852 270 647 283 336 16 856 279 750 864 790 665 153 767 764 825 668 242 750 774 683 684 725 673 176 222 82 201 34 815 228 287 180 657 42 195 185 230 33 355 783 836 536 727 663 446 650 831 704 752 116 220 198 752 917 349 262 921 414 352 216 698 672 758 312 896 324 465 833 733 96 137 775 655 767 560 695 186 846 735 272 218 796 133 81 196 62 806 647 132 45 829 77 144 98 247 618 692 921 886 87 46 714 775 762 771 298 179 849 261 940 581 831 884 149 608 711 641 120 811 749 512 76 305 111 36 207 180 203 613 95 580 177 624 147 289 153 737 992 399 699 479 949 281 243 199 198 818 612 790 586 671 188 873 196 182 823 234 806 130 593 23 715 211 765 31 869 85 257 816 222 123 178 842 887 728 104 414 642 81 239 886 859 604 388 621 933 155 173 952 869
379 141 661 557 624 598 148 729 451 810 475 604 151 602 136 725 0 189 536 466 600 606 125 38 297 501 794 775 514 431 196 447 661 595 726 346 60 79 513 160 620 628 241 727 572 485 535 116 781 93 545 709 618 481 285 463 621 47 379 662 619 586 147 651 475 631 98 819 556 728 218 626 42 449 86 60 707 51 191 185 611 483 782 67 187 521 140 579 583 560 710 616 711 446 811 580 720 506 757 562 627 625 692 582 60 157 550 75 64 339 186 503 544 630 645 596 586 96 775 546 602 196 593 632 602 820 576 241 793 179 493 363 457 12 811 601 128 454 173 671 539 564 221 62 677 570 83 630 744 681 664 112 106 593 729 697 759 615 709 540 157 682 343 454 640 692 481 589 41 134 648 607 524 667 326 608 244 503 863 613 687 97 700 163 99 556 736 457 681 705 531 679 605 750 741 193 723 507 747 571 674 596 314 535 656 627 296 595 482 554 528 134 704 116 687 644 716 512 683 564 240 500 104 691 163 742 121 570 46 695 771 678 468 115 503 605 557 501 162 724 625 334 577 663 651 377 295 606 567 588 236 710 635 246 248
361 324 694 376 724 706 328 769 263 840 289 720 65 618 246 767 189 0 631 285 461 606 311 224 161 538 825 819 525 245 384 264 773 630 661 167 218 268 581 79 726 494 129 732 567 597 632 263 661 239 489 743 610 292 115 547 649 157 199 589 482 463 44 748 288 607 164 794 676 766 92 734 223 260 138 201 710 159 4 69 473 534 639 237 85 373 59 437 602 567 772 616 746 263 799 557 717 365 805 580 630 614 735 536 206 109 447 264 220 467 117 321 392 473 668 594 594 94 602 669 584 242 730 583 693 692 434 59 758 290 603 504 272 179 841 633 70 313 17 565 389 636 80 250 650 658 239 650 766 771 712 121 275 638 760 531 817 636 775 633 158 543 174 265 689 727 323 424 172 318 760 687 341 644 178 493 70 316 888 490 543 256 713 69 91 461 796 552 698 740 601 677 693 635 760 349 807 376 823 680 680 439 229 669 513 775 182 703 532 574 574 110 586 97 574 506 803 325 772 634 63 569 264 702 317 787 79 578 166 737 605 739 528 132 555 658 622 317 244 580 663 441 443 694 634 190 116 484 699 461 190 713 640 217 102
358 447 240 824 93 85 568 264 804 348 800 113 643 262 659 256 536 631 0 761 697 307 468 542 789 190 334 292 263 766 474 755 152 204 551 787 582 510 96 553 100 698 745 353 312 75 6 619 753 608 446 264 335 824 744 86 231 579 704 541 702 643 596 117 797 387 481 497 102 267 710 110 551 797 614 480 344 584 629 676 703 157 830 572 554 680 578 695 249 279 201 312 264 758 454 365 373 652 269 245 307 346 231 430 589 674 570 519 472 211 521 791 706 776 259 313 279 589 952 110 358 731 193 455 66 805 692 640 507 690 68 217 776 547 352 217 618 630 625 642 697 79 704 530 416 40 594 258 319 145 200 635 441 174 286 859 252 251 193 9 473 749 802 816 181 251 690 778 577 551 140 82 812 402 809 632 701 832 404 656 766 442 315 657 587 552 228 80 292 259 86 346 71 714 327 361 188 625 217 67 320 751 836 156 744 265 803 83 161 239 162 652 696 626 669 718 180 826 147 85 693 98 599 316 382 261 563 277 581 233 916 178 141 643 148 153 103 798 692 793 206 202 669 245 373 788 740 650 157 656 766 348 303 780 730
409 585 731 91 851 845 611 808 81 859 48 868 345 643 528 810 466 285 761 0 251 611 577 503 316 608 846 859 562 55 653 22 913 680 553 219 502 542 684 310 861 288 342 725 573 753 764 548 457 524 432 778 602 80 256 676 688 440 87 479 272 286 321 869 45 575 406 733 834 803 323 871 504 74 422 458 704 443 282 330 260 622 398 520 287 167 326 226 634 588 842 618 781 25 759 537 699 183 852 616 635 601 782 484 490 379 318 540 478 658 304 37 169 221 696 597 613 377 319 832 566 507 907 517 812 473 224 227 686 570 757 704 32 458 859 677 355 161 302 399 172 736 307 528 605 775 523 677 780 879 769 404 530 700 788 258 876 666 851 760 361 318 251 97 751 764 112 160 455 598 901 792 60 605 298 325 265 74 895 308 311 508 720 343 373 343 861 693 714 776 703 667 806 445 769 583 904 215 908 823 682 193 409 846 285 965 354 843 619 613 648 389 396 381 395 291 905 65 881 732 262 675 548 707 554 833 345 599 449 784 329 812 628 414 641 729 714 39 521 342 712 613 249 729 609 169 231 305 871 276 422 706 647 451 299
354 683 591 228 776 781 747 662 333 693 294 810 527 505 701 666 600 461 697 251 0 462 682 638 547 514 683 709 447 304 754 268 844 556 327 459 652 664 605 445 791 36 559 551 430 714 702 706 209 681 270 630 443 325 480 623 554 592 296 260 21 60 481 786 291 401 512 522 789 656 530 803 642 325 589 569 533 597 457 525 11 541 182 665 418 92 477 26 503 456 718 465 633 273 559 380 519 96 708 491 482 438 645 311 643 570 132 665 586 666 415 245 82 86 552 447 474 534 256 791 405 703 875 325 732 232 29 406 471 747 716 715 283 596 692 550 525 149 476 155 81 649 514 657 417 699 675 536 616 784 640 579 626 585 634 164 741 528 730 693 453 82 491 348 628 620 150 124 605 730 833 702 249 422 536 92 473 307 717 67 87 604 557 530 529 155 731 648 558 630 621 497 723 193 603 648 798 95 790 764 519 79 641 819 57 942 584 779 538 491 551 571 144 553 146 45 802 287 785 643 467 601 700 545 627 690 489 465 602 646 219 693 557 591 554 617 622 259 704 124 584 610 29 588 435 413 456 67 837 45 637 534 493 665 515
246 586 130 646 356 375 702 202 677 248 658 409 647 50 742 205 606 606 307 611 462 0 600 629 761 140 235 250 92 637 641 614 424 110 245 721 664 620 217 535 377 450 735 126 40 361 313 716 463 697 193 170 28 688 699 273 97 632 586 247 459 402 589 356 655 81 515 224 409 196 698 389 638 669 656 546 104 639 602 670 464 178 556 664 522 479 573 468 59 47 259 10 173 618 206 82 115 453 247 65 24 39 183 152 665 690 331 627 550 412 492 630 499 547 90 15 29 610 714 417 60 792 500 159 312 515 466 586 215 784 358 449 636 611 248 100 628 453 609 364 490 234 686 630 110 289 684 75 169 342 182 667 550 143 177 625 279 70 273 299 473 491 745 692 174 159 512 569 637 681 417 274 647 96 770 378 665 685 288 405 510 538 110 659 606 306 270 304 102 170 222 74 299 426 159 505 346 419 332 369 74 532 835 461 496 571 787 375 176 73 150 675 417 647 391 468 353 673 343 227 656 222 699 98 508 229 567 39 639 184 668 237 204 678 173 175 206 642 765 529 129 360 437 126 67 701 686 401 464 417 785 107 36 808 705
405 22 631 667 548 518 104 691 570 776 591 518 276 586 200 686 125 311 468 577 682 600 0 102 421 477 759 733 508 547 75 559 575 567 757 471 136 54 466 267 540 706 363 713 571 406 466 155 847 151 580 676 617 600 410 406 595 170 492 702 699 659 267 576 590 640 175 822 468 691 342 544 108 567 206 119 694 171 312 310 693 451 863 118 290 610 257 663 567 553 657 610 677 559 805 591 712 592 713 547 618 625 653 608 147 279 612 62 100 258 279 615 636 723 623 593 576 221 877 457 609 281 492 657 533 890 660 359 803 225 414 269 572 137 778 575 253 542 295 731 629 510 346 78 686 505 138 609 717 611 624 234 58 558 697 795 708 595 653 474 230 762 468 574 599 659 578 688 158 85 563 545 637 675 450 676 368 621 831 685 769 79 682 288 223 613 685 393 660 671 482 672 539 813 718 107 655 587 685 491 661 688 428 437 739 518 416 514 451 539 496 256 770 241 750 723 647 628 613 512 364 453 135 674 94 699 236 562 165 656 868 628 431 234 468 563 510 614 236 806 593 273 657 634 654 500 420 678 470 663 347 698 624 351 373
408 121 679 594 627 600 110 744 486 827 511 604 180 623 118 740 38 224 542 503 638 629 102 0 320 519 810 789 537 467 166 483 660 613 757 375 40 49 525 198 622 665 262 749 596 486 540 87 818 69 577 726 642 516 314 471 639 71 416 695 656 623 183 655 510 658 132 845 555 744 243 627 9 484 105 84 729 71 226 212 649 499 820 35 225 559 177 617 604 583 721 639 727 483 835 607 744 544 771 583 649 650 707 612 49 178 586 43 79 338 223 540 582 668 665 620 608 129 813 544 628 190 586 662 608 857 614 277 821 156 494 358 493 45 828 620 159 492 207 707 577 574 248 27 704 577 56 649 762 687 679 133 102 609 746 735 771 635 719 546 192 720 370 488 654 709 519 627 57 96 648 615 561 694 350 645 274 539 880 650 725 100 721 190 133 591 748 464 701 722 543 702 612 786 761 187 729 544 755 573 696 634 327 529 694 616 314 596 498 575 544 155 741 142 723 681 722 548 689 574 271 512 72 712 161 756 159 593 64 710 809 690 483 133 519 619 569 537 150 762 642 340 615 681 676 409 326 643 562 625 246 732 657 252 274
517 438 853 395 881 862 400 928 254 999 294 874 152 775 277 927 297 161 789 316 547 761 421 320 0 698 983 978 683 261 485 294 928 789 792 100 295 369 742 239 883 582 59 887 722 751 790 316 755 299 629 902 763 280 69 706 808 251 251 718 568 563 193 906 295 756 312 939 829 926 82 890 315 257 215 333 865 249 164 117 557 695 710 316 244 455 211 521 760 723 932 770 905 290 949 707 870 457 965 739 785 766 895 679 281 142 565 362 349 616 277 343 468 534 826 748 750 211 624 821 735 223 878 724 852 778 518 176 901 304 758 648 289 285 1000 792 178 410 164 673 467 796 85 346 797 817 306 808 923 930 872 187 401 798 919 572 977 795 935 791 317 623 73 246 849 886 397 475 263 397 915 847 357 792 32 598 97 308 1045 590 619 386 869 138 211 583 957 710 856 900 761 831 852 735 917 484 967 477 983 836 835 504 94 817 590 918 38 859 692 733 734 165 685 182 678 591 962 326 932 795 106 729 326 858 452 947 227 735 256 897 642 900 688 188 716 818 782 333 254 653 823 595 535 853 785 152 91 585 848 558 120 868 796 145 59
200 461 161 660 262 270 580 232 662 310 651 301 568 112 636 230 501 538 190 608 514 140 477 519 698 0 294 281 73 622 511 605 331 95 370 675 557 503 94 461 279 512 664 237 131 229 195 605 564 588 257 209 165 678 643 137 120 534 564 353 516 458 513 272 648 210 419 360 290 230 627 290 528 654 562 440 220 540 535 596 519 39 641 554 454 506 495 513 93 99 239 149 211 609 334 180 241 478 267 76 151 176 197 240 560 607 384 511 441 272 421 634 530 595 146 140 111 523 770 295 178 694 381 270 218 616 511 531 355 675 228 309 627 508 311 101 546 463 537 452 521 136 617 517 248 186 575 132 243 275 174 577 431 100 229 677 280 119 245 184 388 561 695 675 151 193 524 603 536 560 321 190 653 233 712 444 603 681 362 469 578 423 205 581 519 364 261 167 184 206 108 203 209 525 242 376 297 448 300 257 187 572 762 334 558 452 719 269 36 68 40 589 506 561 479 531 298 673 276 130 594 93 587 198 383 249 485 102 539 200 731 207 64 588 43 123 109 643 663 604 126 223 486 162 206 665 633 463 343 471 703 224 154 723 640
469 742 133 878 317 353 864 71 912 16 893 383 859 209 928 78 794 825 334 846 683 235 759 810 983 294 0 55 301 872 783 849 365 199 401 950 849 791 296 750 341 666 953 134 274 409 339 896 640 880 421 85 245 923 924 361 176 827 820 439 677 623 803 298 890 282 713 242 411 69 915 349 820 903 856 733 150 833 821 885 684 311 748 844 740 710 785 693 224 264 147 228 83 853 183 311 168 684 76 245 211 248 107 373 852 899 556 799 733 523 708 865 728 769 157 250 237 816 927 425 283 988 486 359 291 688 691 811 281 966 401 542 871 801 19 194 837 687 826 563 720 263 904 806 270 296 866 176 67 261 138 870 718 202 65 842 115 189 162 325 680 699 973 927 162 102 746 797 829 844 365 256 881 263 995 594 887 920 72 621 719 712 127 872 812 531 129 383 133 89 284 186 278 607 80 654 233 650 195 364 166 757 1052 474 710 549 1007 355 312 251 266 882 613 853 589 682 246 908 261 260 878 309 877 140 666 76 776 252 832 105 877 159 329 881 292 198 255 876 956 733 168 489 661 132 248 933 912 618 461 638 995 150 199 1016 926
469 714 129 896 266 303 837 51 921 64 904 332 849 215 907 51 775 819 292 859 709 250 733 789 978 281 55 0 302 881 752 860 311 189 441 950 828 767 267 742 289 694 945 171 287 367 297 873 680 858 442 81 266 934 922 329 173 811 827 472 704 648 794 246 901 309 698 293 363 55 907 297 799 913 841 714 183 817 815 877 710 292 785 823 734 730 776 717 226 271 96 245 78 864 235 331 206 703 23 245 228 271 84 397 833 887 580 776 712 489 701 879 749 794 163 265 246 803 957 376 304 970 434 389 244 728 715 809 329 944 359 505 882 783 68 188 826 702 818 596 740 227 898 783 305 252 845 181 100 207 110 856 695 183 75 870 60 193 110 283 669 730 972 936 135 95 761 819 812 818 312 211 896 295 991 622 883 933 115 649 750 690 153 862 800 554 75 348 150 82 252 215 231 645 115 626 177 669 140 316 190 781 1043 426 739 496 1000 305 293 250 248 869 647 841 622 711 191 921 207 224 874 280 854 165 641 33 766 259 815 81 908 114 306 867 272 171 223 890 936 766 156 460 685 130 276 936 911 645 411 663 984 184 216 1003 920
168 494 174 607 331 342 609 251 621 316 606 374 562 93 650 252 514 525 263 562 447 92 508 537 683 73 301 302 0 581 550 561 400 118 300 649 573 527 167 452 349 443 654 213 67 302 268 624 490 606 185 223 110 635 623 208 129 542 526 279 449 390 505 339 603 145 425 315 363 247 616 361 546 613 567 455 192 549 522 587 452 110 569 572 440 447 488 449 77 46 282 102 225 565 298 108 207 419 293 57 112 120 222 167 574 604 316 535 458 329 409 585 470 530 144 86 71 523 704 369 112 702 454 198 287 542 447 510 301 692 301 370 583 520 317 116 542 410 527 379 461 204 605 538 187 256 593 126 241 336 207 579 457 141 237 611 315 112 291 257 385 491 672 635 190 208 471 543 547 589 391 255 603 174 694 374 586 635 363 400 509 446 189 575 519 295 300 238 173 221 180 165 277 451 235 414 353 388 350 330 160 510 753 407 490 525 707 341 107 52 105 588 433 560 406 462 356 625 338 198 577 167 607 179 416 274 481 56 549 224 663 253 134 590 116 172 176 595 675 533 151 275 420 173 149 634 611 394 417 404 700 196 120 722 626
422 557 753 137 857 849 573 830 40 885 44 870 302 666 484 832 431 245 766 55 304 637 547 467 261 622 872 881 581 0 622 36 917 698 596 163 462 509 693 282 865 340 290 754 597 752 768 506 511 483 465 800 630 59 203 680 709 401 63 521 324 335 284 876 44 606 380 771 834 826 273 875 467 32 381 430 733 404 242 283 313 633 454 482 261 216 292 278 655 610 859 644 803 31 794 566 729 228 873 636 661 629 802 517 450 333 360 506 450 648 283 83 221 277 718 622 636 339 368 830 595 458 903 553 819 528 276 190 725 524 757 693 29 422 885 697 314 197 262 448 223 746 258 493 639 783 483 700 806 889 787 360 503 717 812 311 895 688 866 765 341 372 195 55 768 786 158 216 416 562 904 802 100 638 243 373 217 74 923 358 365 482 747 298 335 383 879 695 739 799 712 696 814 497 796 562 917 258 922 825 709 248 354 841 339 959 299 846 630 633 662 344 447 339 446 345 916 81 891 743 215 683 508 734 532 854 311 622 411 804 381 828 636 370 652 744 725 75 474 397 732 607 299 751 640 113 179 354 868 325 370 735 673 398 248
463 72 659 743 546 512 110 713 645 799 666 508 345 622 239 707 196 384 474 653 754 641 75 166 485 511 783 752 550 622 0 635 564 596 813 541 191 118 487 342 535 777 426 748 615 405 470 190 914 195 638 701 660 674 479 423 626 236 567 761 770 729 341 575 665 688 250 864 457 714 408 537 170 642 270 195 730 237 385 378 765 481 934 170 366 684 331 736 603 594 670 651 702 634 843 640 751 665 731 584 657 669 676 663 204 343 680 123 175 264 354 690 710 797 655 636 615 292 953 445 655 321 467 711 537 958 733 433 850 250 414 261 647 207 801 606 323 616 368 797 703 525 414 139 733 513 184 642 746 612 645 298 129 584 723 870 722 629 665 480 304 833 536 648 621 684 653 762 223 100 552 554 712 721 515 744 439 696 855 754 841 151 715 356 294 679 698 405 693 696 500 711 544 879 748 136 658 659 690 487 698 762 482 418 811 484 476 509 482 576 525 320 838 308 817 795 648 703 614 528 435 474 172 709 140 719 311 602 230 678 943 642 459 297 497 585 529 689 274 878 620 294 728 662 699 572 491 747 450 734 400 734 662 400 440
406 568 732 112 845 839 591 809 68 862 45 860 324 644 507 811 447 264 755 22 268 614 559 483 294 605 849 860 561 36 635 0 906 679 564 198 481 523 679 292 855 305 320 729 575 744 758 527 475 504 437 779 606 74 234 670 688 420 68 489 289 300 301 864 43 580 389 741 826 804 301 865 484 60 402 441 708 423 261 308 278 618 419 500 270 182 307 242 634 589 841 621 782 5 766 541 703 195 853 616 638 605 782 490 470 358 328 521 461 646 289 57 186 242 697 599 614 357 341 823 570 485 898 524 806 492 241 207 695 548 749 692 22 438 862 677 334 168 282 413 188 732 285 508 611 770 503 679 782 875 768 382 513 699 789 280 876 667 849 753 346 337 230 84 749 765 124 181 434 579 894 788 78 611 277 339 243 77 898 323 330 491 723 321 353 352 860 686 716 777 698 671 801 461 772 568 901 225 906 816 685 213 387 836 304 955 332 836 615 613 646 367 412 360 411 309 901 74 877 728 240 670 528 710 539 834 326 600 429 784 351 811 623 393 637 727 710 54 499 362 712 603 264 730 614 148 209 320 862 291 400 710 650 429 277
509 554 322 975 69 68 668 308 955 375 951 57 780 375 774 299 661 773 152 913 844 424 575 660 928 331 365 311 400 917 564 906 0 314 668 933 700 623 239 695 53 842 881 433 439 178 149 730 885 723 586 323 451 976 887 237 333 706 855 669 847 788 736 71 949 505 617 577 107 314 848 42 669 948 743 608 431 711 771 813 849 303 969 688 699 831 718 842 367 406 219 427 322 909 525 494 461 802 289 370 417 462 288 562 709 806 715 632 598 322 666 943 855 924 354 433 400 723 1099 119 481 850 133 581 114 936 840 786 598 800 170 307 927 672 379 325 754 781 766 777 846 197 843 645 526 145 709 360 378 104 267 766 559 281 341 1006 254 358 203 154 615 891 946 966 260 317 842 928 702 653 13 150 964 513 950 774 843 983 423 799 909 564 397 794 722 695 236 224 378 319 223 443 125 846 391 473 139 774 181 93 415 900 969 153 889 186 939 71 306 366 295 784 832 759 805 862 125 978 104 203 835 244 710 402 500 291 701 401 707 290 1061 216 290 772 289 250 225 950 808 934 301 333 816 327 485 936 884 794 125 802 895 434 410 907 870
281 550 66 724 246 267 671 139 738 215 724 301 661 61 730 138 595 630 204 680 556 110 567 613 789 95 199 189 118 698 596 679 314 0 354 762 651 595 125 554 267 549 756 158 130 266 211 699 573 682 288 115 137 753 732 190 30 628 643 356 556 498 606 246 721 191 514 296 305 136 719 279 622 730 657 535 145 635 626 688 560 116 663 647 545 563 588 560 55 101 164 113 117 683 259 184 172 535 177 66 104 148 106 255 654 701 425 603 535 346 513 703 585 641 60 120 87 617 812 314 168 789 395 268 203 624 558 620 303 769 262 375 701 603 217 12 639 528 630 470 576 127 709 610 215 181 669 54 151 233 89 671 523 33 134 721 197 47 175 196 482 593 783 753 73 98 588 657 631 651 307 164 721 200 802 477 694 754 267 504 611 515 121 674 614 402 182 218 98 112 123 142 190 535 151 464 242 503 234 263 117 622 855 360 595 466 811 267 116 67 71 683 524 655 498 567 247 743 235 120 685 134 680 118 473 159 578 93 634 108 768 137 138 682 100 65 102 713 757 633 34 304 531 68 172 749 722 499 361 512 797 149 99 817 731
353 748 354 552 600 620 850 405 632 407 600 653 717 293 855 412 726 661 551 553 327 245 757 757 792 370 401 441 300 596 813 564 668 354 0 724 785 762 457 608 621 300 784 269 240 599 556 842 240 819 181 375 217 633 724 507 335 739 564 76 315 274 660 598 597 164 627 198 653 398 748 633 765 624 752 674 259 745 656 730 324 409 350 791 587 389 648 346 303 273 484 241 378 569 243 192 234 370 448 306 251 206 402 151 782 763 236 768 684 623 565 558 396 407 317 237 272 698 543 660 193 886 744 105 556 288 346 621 146 901 597 666 584 727 404 343 705 400 670 179 390 478 733 767 143 533 808 309 341 580 412 753 701 387 370 467 488 309 499 543 572 317 755 648 411 373 442 451 748 830 661 518 567 156 791 236 701 620 417 261 337 684 292 726 693 214 487 537 304 378 465 233 544 208 326 681 578 339 556 613 262 406 880 702 336 815 826 619 406 312 390 755 221 730 200 311 586 602 582 472 693 461 828 282 674 433 650 274 747 402 489 468 433 766 410 418 451 572 870 343 367 566 315 349 183 690 704 261 708 288 850 258 258 877 745
482 485 822 295 880 865 469 899 154 964 195 880 196 740 358 899 346 167 787 219 459 721 471 375 100 675 950 950 649 163 541 198 933 762 724 0 359 423 729 240 884 495 142 844 680 758 788 390 667 370 571 872 719 180 62 702 778 305 165 649 480 481 211 903 196 705 332 883 838 896 139 893 372 157 274 367 823 305 168 165 469 677 616 380 234 368 226 432 727 686 913 729 874 194 898 659 824 373 939 706 745 721 868 623 345 208 491 418 385 632 266 244 378 439 793 707 713 250 524 832 688 315 896 665 847 687 430 147 842 391 764 670 191 334 965 763 218 330 180 593 378 784 130 402 744 811 374 774 887 923 848 248 440 774 886 474 955 761 918 788 318 532 33 146 826 856 309 379 318 462 920 837 257 740 80 518 102 208 1008 506 526 422 831 186 248 512 936 710 819 869 749 787 845 650 879 516 956 397 969 839 795 410 191 834 499 942 137 862 674 701 713 227 600 233 595 502 953 226 925 782 107 718 397 818 484 920 246 698 312 870 542 881 674 253 697 797 767 234 340 559 795 603 450 822 737 52 51 502 864 474 217 825 756 243 107
439 156 717 593 667 640 112 783 479 865 506 644 165 659 79 779 60 218 582 502 652 664 136 40 295 557 849 828 573 462 191 481 700 651 785 359 0 82 565 207 662 680 236 785 631 526 581 57 836 34 605 764 677 509 296 512 677 62 415 721 670 640 181 695 506 691 158 878 594 782 222 667 31 477 85 118 765 59 221 194 662 538 833 21 234 569 179 629 641 619 761 674 766 480 870 640 779 556 811 620 685 684 746 642 14 154 606 73 116 378 238 538 592 677 702 655 644 125 816 584 661 150 624 692 648 874 626 275 853 120 534 397 490 58 867 657 149 503 200 728 587 614 229 58 737 617 24 687 800 727 718 111 142 648 785 741 811 672 759 587 215 733 350 480 693 747 527 633 48 104 688 655 559 727 326 663 260 533 918 667 737 140 758 173 129 613 788 504 738 760 582 738 652 806 798 227 770 559 796 613 732 642 293 568 706 653 286 637 537 612 583 133 760 127 743 695 762 543 729 614 258 551 48 749 201 795 164 629 52 749 815 730 522 107 557 658 609 535 110 774 680 381 629 719 710 396 311 660 601 641 212 768 693 215 254
410 74 661 633 593 564 87 723 530 807 553 566 228 610 151 719 79 268 510 542 664 620 54 49 369 503 791 767 527 509 118 523 623 595 762 423 82 0 501 233 586 689 311 736 589 451 508 109 837 100 583 706 635 559 362 444 623 119 456 703 681 645 225 621 552 654 152 839 516 723 292 591 55 527 154 95 717 120 269 260 675 480 845 66 258 588 217 643 591 573 695 630 708 523 825 604 734 571 748 570 639 643 686 615 94 227 603 9 80 302 252 579 612 699 649 612 597 175 848 505 623 229 543 664 576 878 640 319 818 180 459 318 534 89 809 603 206 520 251 724 606 547 297 24 700 546 86 635 746 654 657 182 72 589 728 768 745 621 692 515 211 745 419 532 632 689 552 660 106 68 610 585 601 690 399 664 321 581 861 671 751 82 707 239 177 606 722 434 686 702 517 693 580 804 745 150 698 569 726 537 684 664 374 487 720 571 363 561 480 562 525 204 760 191 741 706 690 590 656 548 318 487 89 699 128 733 197 582 113 689 842 664 462 182 499 596 545 577 186 788 623 311 639 663 670 455 373 664 520 648 293 721 646 297 323
275 448 177 741 172 177 570 226 732 312 724 207 602 175 644 221 513 581 96 684 605 217 466 525 742 94 296 267 167 693 487 679 239 125 457 729 565 501 0 503 186 604 702 282 218 144 101 608 657 594 351 215 244 750 691 67 155 552 633 445 609 550 551 186 722 294 444 420 197 227 666 198 535 724 584 454 270 558 579 633 610 64 735 558 500 593 532 603 159 184 196 223 216 682 384 270 297 564 247 152 220 255 189 334 570 637 476 510 450 228 466 711 617 685 184 221 188 552 860 203 265 710 288 360 129 709 601 583 424 679 141 253 700 522 315 136 578 545 578 546 608 55 658 518 327 94 580 178 264 196 158 602 429 102 238 767 246 169 196 90 425 654 747 744 134 199 606 690 552 551 229 109 732 312 759 537 649 755 368 562 671 425 245 616 549 457 223 94 222 210 20 264 123 618 268 360 227 536 242 163 241 661 797 245 650 359 759 175 68 146 67 617 600 589 573 624 225 749 198 53 641 14 589 243 374 233 519 184 556 192 823 165 56 612 52 98 44 720 674 698 139 194 577 181 284 725 684 556 251 563 732 274 218 749 683
