NAME : X-n242-k48_SARP
COMMENT : Curated from VRPLIB to SARP
TYPE : SARP
DIMENSION : 241
EDGE_WEIGHT_TYPE : EXPLICIT
EDGE_WEIGHT_FORMAT : FULL_MATRIX
EDGE_WEIGHT_SECTION
0 1138 107 990 754 1159 992 857 1043 628 987 1072 323 598 728 948 1088 1107 805 1107 486 899 1057 630 613 808 962 890 1175 671 1015 879 951 1032 1075 411 690 621 106 863 611 861 650 1065 761 729 172 1150 976 924 289 157 1117 744 314 293 845 869 807 887 945 1048 1241 1004 297 688 586 1133 796 1045 1043 787 662 789 890 738 911 704 840 249 876 1331 865 567 580 964 863 1232 987 194 613 657 1015 882 980 480 663 867 793 1023 562 525 95 654 1152 1177 486 1060 809 791 1001 882 815 870 834 1213 1141 813 752 664 1080 959 550 934 747 989 1171 171 1387 1127 348 1069 1129 389 697 1154 998 560 1007 961 617 663 771 617 659 879 527 570 1374 651 973 601 1172 750 328 1037 996 619 717 844 694 1000 1149 492 1068 1022 1042 527 680 976 1307 899 515 882 927 1048 555 864 999 954 906 182 402 902 583 876 818 824 325 1022 702 746 364 506 936 130 162 1016 935 706 751 510 547 1188 1014 1188 1014 1197 294 600 880 769 361 482 764 307 1191 999 866 878 233 880 663 544 315 1306 885 1186 235 614 510 923 1062 698 491 1285 1002 956 1399 988 1060
1138 0 1032 505 391 94 531 712 531 516 301 644 868 670 881 318 152 483 563 186 874 239 104 569 592 894 468 498 85 877 314 285 1011 224 63 837 791 799 1034 334 637 809 586 314 436 502 980 113 163 498 872 992 145 768 841 918 350 759 463 799 713 635 372 501 869 518 782 31 354 250 532 968 762 546 590 591 309 853 411 1011 526 323 302 648 684 305 960 219 152 946 565 532 877 711 414 855 501 477 415 823 683 617 1049 502 31 266 671 544 924 392 169 630 598 267 861 211 236 425 662 498 559 196 800 748 392 584 58 973 404 35 801 710 508 877 743 332 958 615 732 840 851 476 468 635 539 458 693 849 391 596 418 543 474 554 900 783 158 662 546 339 549 663 78 700 655 397 101 718 526 469 293 913 864 894 628 115 632 572 414 840 445 983 757 920 630 582 868 799 910 457 638 646 787 641 602 1011 990 339 429 461 466 628 800 314 262 104 301 288 859 578 923 375 797 697 520 897 149 384 915 967 906 541 543 717 844 410 351 145 910 633 665 697 235 943 661 389 961 743 403 262 291
107 1032 0 890 650 1055 907 786 958 522 888 994 245 515 678 850 981 1018 705 1005 431 793 952 525 508 758 859 802 1070 621 917 772 911 925 970 340 627 558 33 757 510 800 559 968 654 635 94 1046 870 823 186 81 1014 679 209 227 738 803 702 825 875 970 1145 916 210 582 519 1027 692 939 957 747 595 701 809 653 810 650 735 219 776 1230 758 477 497 865 819 1131 881 87 507 551 958 812 876 421 556 777 687 960 477 418 25 547 1046 1077 380 975 762 690 894 804 734 764 779 1111 1040 717 675 563 996 854 484 866 641 907 1066 83 1288 1020 241 995 1041 326 629 1057 949 463 937 902 563 558 666 530 563 787 425 514 1275 548 869 494 1082 662 264 971 891 520 626 743 590 924 1044 400 991 929 936 444 584 874 1207 849 459 831 849 943 450 781 906 895 803 92 296 853 480 794 765 763 264 932 605 668 266 399 856 25 88 920 842 599 646 404 482 1090 914 1084 916 1098 201 503 832 665 256 377 661 237 1088 905 817 835 126 795 558 464 211 1210 787 1082 129 513 405 851 962 657 384 1189 954 888 1300 881 962
990 505 890 0 520 595 902 999 926 458 684 1034 848 804 1090 671 355 911 187 652 963 448 529 381 391 1137 50 816 589 1060 715 334 1292 282 487 874 989 960 908 276 380 1086 737 745 300 698 885 609 467 69 704 891 621 995 683 894 280 1047 213 1090 1040 1017 861 881 823 333 923 476 526 255 926 1190 946 799 904 814 625 1054 214 979 115 828 327 746 807 670 1215 722 465 809 411 368 1207 1010 94 939 395 780 274 1165 791 534 896 415 489 751 532 944 1162 601 362 937 870 434 1120 712 712 678 897 603 965 516 921 1065 478 947 563 869 909 471 660 1088 941 908 947 799 1267 681 1083 1155 1009 521 254 773 675 769 464 982 896 343 92 477 927 781 896 1138 515 373 745 587 306 1021 578 749 1042 797 494 808 680 40 798 1191 968 1168 957 531 449 873 799 1152 115 809 602 1198 413 889 1119 1062 907 851 294 877 745 532 938 865 892 740 776 369 284 582 919 796 663 609 702 776 798 668 1191 511 638 518 234 876 652 772 1179 1227 777 853 351 821 680 908 653 647 764 377 495 1016 671 1131 536 886 1271 1071 908 253 721
754 391 650 520 0 405 420 480 457 178 272 550 477 311 580 238 385 475 435 361 505 157 304 293 312 620 470 316 421 557 308 207 772 363 328 452 479 462 649 248 375 566 232 357 241 178 592 396 228 465 507 604 365 478 475 527 241 527 331 570 528 530 531 408 478 277 432 393 43 392 457 678 439 281 394 295 187 545 309 620 453 591 206 271 320 249 697 485 240 567 266 263 691 493 443 483 210 278 255 653 313 255 669 195 410 444 323 477 647 92 291 423 352 137 601 466 403 170 377 112 501 205 441 550 45 455 419 586 656 387 432 594 505 492 434 444 747 227 576 638 515 94 301 276 172 271 390 498 643 352 441 196 519 261 510 630 242 412 226 115 328 521 395 313 556 358 292 342 170 482 565 671 501 648 449 294 321 361 347 634 407 612 400 678 343 377 601 542 521 394 441 358 397 285 434 631 602 321 300 196 273 249 441 467 284 434 301 468 469 194 672 16 436 363 356 506 438 330 660 709 526 346 287 347 480 595 186 433 535 372 335 503 326 628 309 572 752 558 666 339 343
1159 94 1055 595 405 0 464 659 458 553 248 568 875 655 840 274 244 402 639 109 859 270 105 622 645 845 556 447 22 842 252 345 953 313 114 833 755 771 1055 402 695 755 572 241 496 484 996 24 194 583 905 1009 69 727 873 923 416 704 535 743 650 562 278 433 880 576 759 125 364 341 459 922 731 509 535 560 281 815 484 1015 608 237 362 642 670 259 907 127 186 971 612 585 810 655 502 841 548 432 479 754 673 649 1074 545 119 174 708 468 876 384 244 576 553 302 810 118 149 400 623 503 482 201 781 687 416 517 46 992 317 128 832 635 425 873 708 243 895 618 664 777 822 497 535 620 532 413 743 825 304 656 506 578 386 524 902 713 165 723 524 328 612 595 17 701 580 328 130 709 517 558 206 857 846 838 567 112 679 522 349 778 528 1013 793 863 683 529 819 749 912 387 707 609 801 675 541 1036 1006 275 375 510 528 652 781 223 207 29 240 195 873 579 868 390 832 739 590 902 57 320 862 913 931 490 598 705 877 317 321 52 938 691 708 636 168 905 697 296 897 679 318 346 220
992 531 907 902 420 464 0 221 51 584 236 132 669 394 429 236 636 127 849 355 553 455 438 708 725 409 853 114 486 452 218 568 492 665 494 587 374 422 892 630 789 308 353 224 656 298 821 440 454 859 827 836 395 327 798 704 630 258 741 290 189 115 322 32 698 696 436 556 395 700 50 489 373 207 114 255 277 416 709 776 858 462 577 432 412 241 458 426 461 843 677 681 346 208 813 545 628 149 663 292 431 623 931 610 562 333 695 68 438 327 569 144 181 469 368 411 330 253 257 412 91 398 470 226 464 53 508 826 479 555 758 187 141 618 338 264 431 462 201 315 460 483 715 377 370 150 788 485 470 769 813 593 197 246 671 253 415 827 288 321 748 132 470 508 140 136 463 465 349 862 455 401 529 386 115 429 722 130 117 316 797 906 750 408 752 122 380 313 677 78 860 255 647 656 88 897 831 192 126 616 690 589 472 306 271 481 231 335 707 429 416 420 774 744 773 687 443 147 412 462 808 112 705 448 806 373 250 441 828 786 722 179 297 499 679 361 434 217 496 668 244
857 712 786 999 480 659 221 0 259 600 412 231 541 291 210 394 790 343 907 553 380 575 610 727 739 190 949 214 681 241 408 672 304 802 664 447 177 241 765 723 800 97 302 430 717 305 694 636 600 945 749 709 589 122 724 564 719 49 809 92 89 210 542 250 579 733 271 732 474 835 258 270 195 199 123 195 414 203 789 620 932 682 676 353 305 406 249 639 610 738 691 709 216 26 918 380 658 238 734 190 329 603 811 637 741 548 667 265 220 398 710 83 129 577 152 623 539 325 125 419 275 545 307 84 523 182 699 704 699 729 690 213 350 468 160 483 268 409 151 159 264 504 776 296 351 256 776 301 691 792 917 599 411 222 529 188 572 838 264 423 784 152 661 417 223 342 628 352 337 960 674 203 353 183 107 600 718 140 316 155 886 806 699 210 756 130 162 93 531 295 891 141 552 632 132 781 702 386 284 661 746 556 310 525 453 679 418 553 596 391 211 488 713 718 827 552 647 342 204 256 708 170 735 330 733 592 374 644 734 798 704 68 491 280 652 581 272 103 717 792 445
1043 531 958 926 457 458 51 259 0 625 247 113 720 445 469 255 645 84 881 349 602 478 443 748 765 443 877 161 479 495 223 593 512 680 499 638 420 470 943 656 829 340 403 218 689 344 872 434 469 886 876 887 391 370 846 755 658 291 772 319 212 104 287 49 748 733 485 558 429 715 1 523 421 257 162 305 302 458 737 827 886 431 603 482 463 257 486 406 475 893 718 719 356 243 835 595 666 194 694 299 482 668 981 649 562 314 740 20 471 365 584 187 231 494 401 393 317 293 306 457 44 415 519 250 500 78 503 877 441 557 806 178 93 669 386 240 445 511 210 332 506 524 748 428 418 192 831 533 434 808 836 635 152 296 722 256 427 867 337 353 784 143 465 558 124 137 471 516 396 885 427 426 577 412 152 435 764 181 127 334 823 956 797 432 793 172 414 349 727 77 897 305 697 701 128 947 881 196 157 652 724 636 521 281 278 472 236 312 757 477 442 456 822 789 806 738 431 156 440 488 858 163 743 499 854 334 280 430 878 826 766 208 296 539 724 324 447 236 460 686 240
628 516 522 458 178 553 584 600 625 0 450 710 406 357 648 416 460 650 320 527 505 283 448 128 142 705 414 473 565 612 486 251 869 409 456 418 549 511 528 244 206 674 305 535 162 301 482 548 360 393 356 493 524 566 325 455 228 643 246 684 663 688 707 576 390 139 470 509 219 427 625 749 504 413 538 405 365 611 253 546 363 757 238 294 356 427 784 648 370 435 94 110 816 618 407 481 65 436 193 786 338 103 537 44 528 616 156 645 728 263 373 560 481 252 695 630 574 332 481 183 669 357 465 679 146 613 556 472 827 502 285 746 680 454 512 621 859 226 718 759 558 101 205 330 249 434 212 527 813 193 402 27 697 381 451 770 390 244 337 293 187 670 540 290 714 535 426 351 263 428 730 771 510 748 593 441 143 503 522 754 347 467 241 778 168 520 691 644 462 566 291 463 306 125 583 500 492 499 470 93 175 133 464 643 460 581 479 641 372 222 768 187 281 189 242 435 594 507 754 798 395 495 135 366 328 771 363 588 396 203 159 637 499 682 145 748 863 691 835 368 520
987 301 888 684 272 248 236 412 247 450 0 360 679 430 592 39 400 229 658 148 630 239 203 558 579 597 636 199 271 596 36 356 710 432 259 622 509 530 882 421 640 509 354 85 472 266 817 226 222 648 766 831 180 479 734 724 426 459 546 499 412 347 261 209 694 531 523 324 232 467 248 674 488 265 290 319 86 568 506 811 654 346 368 432 447 24 661 261 228 811 535 525 578 410 592 615 475 184 471 526 455 523 910 463 331 191 593 264 628 202 337 330 305 261 563 242 159 178 377 328 284 169 548 447 307 288 287 816 400 322 691 421 259 660 463 173 658 427 436 540 580 362 528 399 330 165 662 587 387 611 593 468 257 285 698 488 180 675 295 158 579 367 250 502 370 113 227 493 310 643 325 613 614 593 327 194 593 274 121 539 586 864 666 619 612 282 571 502 707 171 690 364 623 554 301 873 827 57 129 450 508 507 549 202 41 271 29 210 693 387 623 264 700 635 588 704 246 92 616 668 772 242 546 485 740 326 102 243 785 637 607 396 87 658 578 304 661 443 412 440 74
1072 644 994 1034 550 568 132 231 113 710 360 0 750 480 432 365 758 172 981 460 606 586 557 836 852 389 985 237 589 469 336 700 426 792 612 661 407 468 976 762 916 285 457 329 787 415 904 544 581 992 931 919 502 352 903 780 763 244 873 259 153 24 370 153 784 826 493 671 526 827 112 466 420 312 188 348 409 431 841 842 990 517 709 529 497 368 417 507 587 936 804 809 259 207 944 604 756 275 796 201 519 742 1018 738 674 416 813 100 414 458 697 190 262 601 345 496 424 382 320 534 87 526 529 186 595 97 614 912 513 670 865 68 161 687 384 340 352 569 121 248 494 608 847 471 484 279 910 529 508 898 944 717 221 351 745 155 540 954 396 454 878 79 576 603 13 250 584 550 464 994 518 352 580 343 145 549 845 220 239 252 930 1002 862 357 877 205 361 305 749 190 990 326 743 774 139 986 913 309 258 746 822 704 531 378 391 581 349 410 796 539 371 551 884 863 905 765 538 268 373 416 903 218 834 530 911 405 382 538 926 913 843 164 409 500 797 400 353 165 532 797 352
323 868 245 848 477 875 669 541 720 406 679 750 0 275 445 641 849 785 680 809 202 633 777 469 462 524 808 568 893 389 704 644 684 808 805 97 385 316 226 649 493 558 331 753 565 415 154 862 705 780 256 169 824 435 245 50 633 559 639 582 629 727 926 681 46 516 275 870 515 829 719 525 351 466 567 414 609 413 656 144 741 1025 634 249 257 657 591 933 717 205 437 481 717 566 809 186 462 547 598 716 239 315 270 445 887 870 322 736 532 493 756 560 492 609 541 914 836 502 431 372 756 678 241 621 483 665 893 163 1076 864 234 750 806 95 384 841 714 257 692 660 327 399 598 295 350 559 422 278 1064 517 804 382 851 428 50 726 716 520 397 548 544 679 866 177 747 704 768 203 369 823 1004 614 227 594 605 767 407 541 679 653 743 275 281 618 449 552 528 521 60 700 603 424 104 316 613 241 163 703 615 498 571 273 238 876 709 903 705 889 74 297 599 494 264 353 615 29 899 682 583 607 185 557 497 221 254 991 579 894 215 495 365 606 759 435 316 971 719 643 1090 771 751
598 670 515 804 311 655 394 291 445 357 430 480 275 0 292 394 692 510 676 572 205 459 570 474 481 352 756 294 675 257 450 516 519 675 609 198 193 157 499 548 537 339 84 495 504 170 428 637 517 741 459 443 595 219 433 312 537 322 596 357 374 457 662 406 305 495 122 680 332 703 444 392 148 192 294 140 375 255 590 390 717 772 513 67 18 411 431 691 529 456 437 465 495 315 738 187 421 277 529 480 39 329 539 399 695 618 387 461 373 279 599 292 219 445 348 672 589 256 168 205 482 475 131 375 341 392 682 433 816 674 399 488 532 233 162 579 520 134 437 436 207 282 557 36 140 291 500 187 805 539 735 347 577 156 280 479 512 574 135 332 542 414 650 126 478 437 570 72 146 770 754 426 194 403 336 559 449 267 411 430 689 522 409 433 490 279 342 305 287 427 638 157 264 355 342 506 437 443 348 437 526 278 131 617 466 682 453 634 316 136 419 326 422 437 598 294 668 417 405 446 423 282 490 57 442 725 337 664 447 536 428 349 516 328 372 707 525 394 831 649 497
728 881 678 1090 580 840 429 210 469 648 592 432 445 292 0 567 937 553 968 739 247 707 778 766 772 80 1042 396 862 57 595 785 241 934 827 349 102 144 651 826 826 153 353 625 792 406 584 819 749 1030 690 597 772 113 672 451 817 188 885 182 279 414 750 457 490 787 191 898 588 965 468 101 145 336 322 295 573 38 876 480 1007 888 785 357 294 581 148 836 760 649 728 757 291 229 1020 259 712 408 816 309 315 616 702 691 909 748 667 475 88 519 849 286 287 702 108 819 733 462 220 487 485 698 213 250 617 392 877 598 907 894 646 398 560 354 146 686 271 425 327 242 118 570 847 319 415 427 781 167 899 830 1017 639 621 333 415 337 730 862 356 560 834 354 840 389 423 541 789 315 412 1055 878 171 219 154 317 767 736 324 514 234 976 719 672 175 779 321 91 127 414 499 929 236 494 639 341 679 590 577 469 727 816 563 216 729 633 863 604 754 514 427 154 592 674 715 889 445 836 535 139 164 629 356 782 295 681 802 530 833 658 825 710 269 677 70 653 790 276 273 925 916 637
948 318 850 671 238 274 236 394 255 416 39 365 641 394 567 0 403 249 636 180 595 223 216 527 547 576 623 181 296 568 71 339 696 429 270 584 481 499 843 403 609 492 317 121 447 228 778 253 219 632 728 792 208 454 696 686 406 442 524 483 403 350 299 212 655 502 490 338 199 464 256 651 457 235 274 287 53 541 486 773 635 385 350 394 411 17 642 297 226 772 503 494 570 395 580 579 443 159 448 520 418 486 871 430 347 229 556 273 607 164 334 314 281 242 544 278 196 140 349 289 295 163 514 436 275 286 310 777 439 335 653 423 279 623 434 211 647 388 431 529 549 326 504 362 291 141 628 554 426 581 581 433 284 252 660 485 182 645 259 123 551 364 273 464 374 130 235 456 271 630 363 597 580 577 316 206 559 255 129 528 570 825 629 604 580 265 551 482 669 180 663 335 584 518 291 834 788 84 116 421 482 469 515 241 72 299 67 249 654 348 606 231 662 600 564 666 278 103 598 650 733 224 517 448 702 364 63 274 746 606 572 384 122 631 542 342 650 434 451 432 112
1088 152 981 355 385 244 636 790 645 460 400 758 849 692 937 403 0 609 432 320 890 233 204 481 502 961 321 580 236 924 422 210 1094 80 151 834 840 836 988 233 538 886 609 436 342 536 941 261 190 353 808 952 283 827 779 899 251 839 344 881 806 746 519 608 841 424 811 121 360 100 646 1030 805 605 675 641 376 905 293 992 386 474 223 656 703 396 1033 370 180 895 485 446 974 793 266 868 428 552 313 923 697 564 995 434 134 411 605 660 990 420 94 713 667 248 933 362 377 475 719 497 678 245 823 838 368 687 209 932 555 117 742 821 636 874 793 471 1049 610 834 932 889 450 359 656 553 535 604 878 542 494 271 487 609 603 887 887 222 556 584 377 445 766 228 695 769 508 174 727 546 320 444 993 884 972 719 211 551 651 520 930 306 922 692 1000 540 663 938 871 898 569 518 702 757 582 695 959 951 449 520 385 364 587 823 459 367 256 409 434 826 579 1000 369 733 621 402 878 300 490 990 1042 855 623 450 731 781 561 416 296 854 533 590 786 356 993 599 539 1053 837 553 126 412
1107 483 1018 911 475 402 127 343 84 650 229 172 785 510 553 249 609 0 884 297 678 468 405 768 787 527 864 217 422 578 196 585 591 652 459 707 501 549 1005 650 850 424 460 173 695 391 935 378 446 877 925 950 339 453 895 822 654 375 773 402 295 173 204 106 810 747 561 512 441 687 85 607 500 319 241 372 301 542 734 897 882 350 597 541 529 245 569 335 450 950 741 737 429 327 819 669 685 242 697 371 546 705 1041 670 513 244 777 82 555 387 558 270 305 489 485 324 255 325 382 494 85 395 594 332 516 162 448 939 357 512 854 241 30 739 465 168 520 563 285 411 587 552 752 490 465 234 860 612 350 825 820 663 70 357 790 326 400 887 392 363 797 222 412 618 185 119 436 582 443 871 348 508 654 495 236 398 792 255 128 413 814 1011 839 513 817 249 498 433 796 88 910 380 754 737 212 1006 945 171 184 666 731 677 596 206 249 413 209 238 817 526 525 471 867 824 812 804 368 147 523 570 913 231 760 566 902 250 290 368 932 847 799 292 253 623 761 240 522 317 375 664 197
805 563 705 187 435 639 849 907 881 320 658 981 680 676 968 636 432 884 0 668 814 422 551 214 218 1023 166 749 641 932 693 309 1186 352 525 717 868 831 724 244 197 987 621 732 194 602 704 647 470 123 519 710 646 883 500 724 235 952 112 994 961 962 876 834 651 181 789 539 455 341 882 1069 824 711 829 714 584 931 157 805 73 875 294 613 676 639 1102 763 472 625 250 214 1121 922 202 790 256 712 187 1086 657 374 711 277 556 769 359 901 1047 526 396 856 782 397 1012 749 727 604 794 491 924 504 782 981 390 888 619 688 955 533 479 1028 915 748 831 802 1171 546 1011 1066 876 405 134 650 563 704 280 844 941 164 195 332 914 685 730 1065 517 186 644 529 139 955 622 602 988 765 517 668 573 179 845 1087 823 1063 883 550 274 795 761 1062 134 623 421 1094 234 812 1009 958 740 812 109 775 577 366 869 680 711 715 725 246 162 426 780 809 648 660 682 795 625 542 1084 432 456 338 80 707 694 738 1071 1116 595 780 191 684 496 932 602 689 580 194 318 936 669 1001 365 909 1175 990 957 306 711
1107 186 1005 652 361 109 355 553 349 527 148 460 809 572 739 180 320 297 668 0 775 259 123 615 637 741 609 343 131 744 145 360 844 376 170 759 657 678 1002 424 693 649 493 132 503 404 940 85 199 631 867 953 41 626 835 856 435 598 558 636 542 453 210 324 820 576 670 215 317 408 350 818 636 413 429 467 201 716 511 946 648 231 376 568 589 164 801 125 196 924 599 578 701 548 558 759 535 331 492 646 594 614 1025 528 216 101 680 361 771 318 290 469 452 290 704 106 60 316 524 443 375 174 694 578 382 408 153 937 301 216 793 527 322 798 611 150 786 553 555 669 728 455 551 539 460 313 730 734 287 658 561 549 290 432 833 604 152 724 438 263 618 486 116 633 472 219 159 632 443 613 204 749 760 731 459 121 663 417 240 669 571 972 760 756 674 424 713 644 842 278 722 512 744 644 433 988 950 167 271 502 538 609 695 144 108 127 135 127 816 513 761 347 797 716 609 835 98 212 755 807 884 385 596 626 840 264 236 94 894 689 686 528 62 805 667 240 789 571 309 399 111
486 874 431 963 505 859 553 380 602 505 630 606 202 205 247 595 890 678 814 775 0 658 774 601 600 327 918 472 880 190 647 703 483 866 813 113 206 140 405 726 645 375 288 690 664 375 337 842 720 897 455 350 799 262 441 204 713 386 750 402 468 584 849 572 248 636 117 883 531 892 601 323 186 375 441 318 579 219 755 241 865 967 698 234 191 612 391 891 732 404 564 602 530 406 908 24 568 463 694 537 193 441 455 548 898 814 474 615 332 482 796 422 372 642 349 872 788 460 296 394 632 679 84 452 528 535 887 351 1006 878 422 593 694 108 223 769 518 288 528 475 132 456 710 240 338 480 585 84 995 659 904 487 747 347 168 554 716 677 337 536 675 530 854 214 601 623 774 163 348 932 951 418 29 400 465 763 554 423 595 468 851 474 458 422 598 430 334 339 167 602 754 298 270 455 480 432 343 638 535 595 679 388 83 809 667 886 651 828 274 313 401 521 451 516 740 199 871 607 386 407 387 448 624 159 450 909 540 867 416 645 519 448 717 234 463 892 523 475 1021 836 694
899 239 793 448 157 270 455 575 478 283 239 586 633 459 707 223 233 468 422 259 658 0 165 357 380 737 400 375 282 692 273 117 877 228 176 608 609 603 795 182 435 669 376 311 245 304 741 266 77 409 637 753 248 599 605 683 187 624 310 667 603 570 460 433 631 317 578 238 127 261 478 802 573 381 468 412 178 675 268 776 414 485 129 425 470 224 810 372 88 708 345 321 772 582 358 637 280 342 238 726 465 381 810 276 255 357 438 496 765 188 142 504 447 32 711 355 314 251 493 268 518 86 590 632 153 501 274 734 559 231 564 642 498 648 562 382 840 384 641 725 656 237 296 423 320 328 476 644 545 399 358 308 493 375 667 696 110 466 352 152 359 577 257 470 595 351 144 496 313 408 456 776 652 754 518 159 410 440 352 723 347 746 523 783 417 454 714 650 677 403 465 474 549 406 497 773 751 297 329 244 281 389 590 393 227 298 262 383 620 350 780 140 563 469 356 661 314 326 770 821 668 416 337 499 609 519 209 308 672 431 438 581 249 762 428 495 844 635 565 218 289
1057 104 952 529 304 105 438 610 443 448 203 557 777 570 778 216 204 405 551 123 774 165 0 519 542 791 486 397 118 774 221 248 912 253 56 741 687 696 952 309 594 708 486 233 397 400 895 102 91 508 800 908 95 665 769 826 321 658 443 699 616 546 332 409 781 475 680 122 263 286 444 865 659 442 490 488 205 750 394 919 527 327 265 550 584 205 858 214 83 868 509 482 781 611 435 755 444 374 382 729 584 544 970 441 132 223 604 458 821 293 167 530 495 197 759 199 183 322 558 405 475 100 698 650 312 491 116 890 405 119 727 621 432 781 640 272 861 521 638 743 748 394 440 534 441 356 640 746 391 555 438 473 407 451 807 691 62 623 444 238 513 570 92 606 568 307 35 619 427 490 298 813 763 793 530 11 575 471 321 742 450 909 688 820 580 481 766 697 817 368 612 542 700 571 504 933 905 248 330 407 430 549 699 267 167 133 208 248 773 484 822 288 727 635 497 805 150 291 814 866 828 440 497 618 773 383 248 144 834 590 603 598 152 840 593 360 864 646 409 276 208
630 569 525 381 293 622 708 727 748 128 558 836 469 474 766 527 481 768 214 615 601 357 519 0 23 825 343 599 630 726 594 284 991 414 515 503 668 625 539 247 82 799 430 641 139 429 508 621 429 312 341 516 605 688 316 513 229 770 179 810 791 814 807 698 442 58 582 555 328 422 748 866 623 541 666 532 474 728 211 598 272 842 268 409 472 536 905 729 436 440 38 37 943 745 353 577 83 561 169 913 451 160 535 98 574 710 152 768 847 383 407 688 609 326 818 713 667 455 607 310 792 441 572 807 253 739 617 494 915 548 286 873 798 534 633 724 984 341 846 886 669 228 142 451 376 558 124 634 902 65 347 129 811 509 517 898 467 119 464 406 76 797 607 390 840 651 492 458 390 358 813 895 610 871 721 514 75 631 640 881 282 453 229 902 61 648 813 768 528 686 165 589 365 152 710 501 516 611 591 113 123 212 570 741 562 648 586 736 417 344 890 297 269 148 147 496 669 622 876 919 405 622 33 475 315 869 478 663 396 79 120 765 596 794 155 846 989 819 922 367 624
613 592 508 391 312 645 725 739 765 142 579 852 462 481 772 547 502 787 218 637 600 380 542 23 0 833 355 615 653 731 615 307 999 435 538 500 674 630 523 269 64 809 440 662 161 443 495 644 452 322 324 502 628 697 299 506 251 781 194 821 804 830 829 716 433 79 586 578 348 442 765 871 629 554 681 544 495 734 229 589 280 865 290 415 477 556 912 752 459 424 49 60 954 757 368 577 104 578 190 926 457 160 518 117 597 732 142 785 854 401 430 701 622 348 827 735 689 473 618 324 809 463 575 819 273 755 640 480 938 571 271 888 817 530 641 745 994 347 860 897 672 244 159 459 388 575 102 637 924 59 361 140 831 522 511 911 490 102 477 426 84 812 630 392 856 670 515 462 403 370 836 904 611 880 735 537 59 646 659 892 296 435 214 910 38 662 821 777 522 705 157 600 359 148 725 484 503 631 610 136 142 213 573 763 583 671 607 758 408 353 898 317 253 131 157 489 692 642 884 926 390 638 52 479 298 891 498 686 380 61 105 778 618 798 146 868 998 831 945 388 645
808 894 758 1137 620 845 409 190 443 705 597 389 524 352 80 576 961 527 1023 741 327 737 791 825 833 0 1088 398 868 137 595 823 168 965 843 428 159 216 731 867 889 104 402 619 842 442 664 823 772 1078 767 677 776 141 748 531 860 152 935 130 237 374 729 439 569 843 263 913 623 997 442 80 204 357 312 326 589 111 923 559 1058 871 824 419 357 590 79 829 782 729 788 814 216 201 1063 339 767 417 864 241 379 680 782 746 923 738 735 446 30 551 876 273 296 734 44 813 728 486 244 535 452 718 289 203 659 365 885 678 884 909 721 345 530 433 193 672 191 486 274 172 197 620 898 374 463 436 849 246 876 890 1060 697 592 363 495 274 748 926 393 586 891 314 847 458 378 532 806 384 456 1100 864 91 299 75 294 781 800 324 506 165 1022 799 745 95 842 317 29 97 494 484 990 263 570 705 321 759 670 575 470 779 868 628 292 715 639 867 606 742 593 483 75 630 749 784 944 525 836 531 59 94 708 355 839 363 757 776 547 833 736 888 777 235 679 125 720 766 196 224 902 950 634
962 468 859 50 470 556 853 949 877 414 636 985 808 756 1042 623 321 864 166 609 918 400 486 343 355 1088 0 767 552 1013 668 285 1243 244 447 831 940 913 876 227 351 1037 689 699 254 649 850 569 421 44 673 857 579 946 651 854 231 997 170 1040 991 968 818 833 784 292 876 440 476 221 878 1142 898 750 855 765 577 1006 166 941 94 791 277 699 759 622 1166 683 420 777 371 328 1157 960 55 894 351 731 227 1115 744 493 867 370 454 709 495 895 1114 552 319 887 821 385 1070 673 669 628 847 555 917 469 874 1016 429 898 527 835 872 435 626 1039 894 865 898 755 1217 635 1033 1106 962 474 211 725 627 719 435 936 859 311 50 434 882 731 855 1088 469 348 695 537 271 972 539 704 993 749 451 762 632 15 761 1142 923 1118 907 488 414 824 751 1103 67 780 568 1149 380 839 1070 1012 866 803 275 828 705 493 889 835 858 693 727 323 240 539 873 753 617 572 655 734 760 621 1142 462 606 484 199 836 613 725 1130 1178 744 803 312 774 649 867 604 608 732 348 460 967 626 1083 498 845 1221 1021 872 211 675
890 498 802 816 316 447 114 214 161 473 199 237 568 294 396 181 580 217 749 343 472 375 397 599 615 398 767 0 470 406 199 482 516 598 450 492 320 353 788 540 679 311 244 230 555 184 718 425 391 769 715 733 378 284 685 606 539 261 644 303 228 216 377 116 594 590 357 519 296 632 161 475 306 102 95 157 205 375 615 683 763 502 489 325 313 193 462 441 400 735 567 573 397 214 730 461 520 38 566 351 329 510 825 502 527 355 581 180 428 224 504 134 111 384 364 424 337 146 189 299 204 335 388 259 361 140 487 722 535 516 645 278 240 525 277 301 469 350 267 352 398 372 615 273 257 48 675 415 524 661 729 481 283 140 575 322 360 717 177 229 642 206 449 401 242 152 415 365 235 776 489 416 451 396 142 386 609 75 124 351 708 797 636 423 640 84 372 302 581 133 754 180 539 542 122 790 728 181 73 511 589 475 389 342 240 469 208 365 601 316 425 318 661 631 672 588 440 141 418 469 699 44 598 351 693 437 167 437 718 676 609 207 281 464 565 420 473 259 551 594 241
1175 85 1070 589 421 22 486 681 479 565 271 589 893 675 862 296 236 422 641 131 880 282 118 630 653 868 552 470 0 864 274 351 975 308 118 853 777 793 1070 406 702 777 592 262 502 505 1013 46 205 581 918 1026 92 749 887 941 420 727 538 765 672 583 292 455 897 583 780 115 380 335 480 944 752 531 558 582 302 837 487 1033 607 239 368 661 690 281 929 134 196 986 622 594 832 677 498 862 558 454 484 776 693 662 1089 556 106 191 721 489 898 403 245 598 576 313 832 128 168 421 645 521 503 217 801 709 430 539 29 1008 320 119 845 656 444 892 730 262 917 636 685 800 844 512 540 640 551 435 753 846 307 662 502 590 404 545 921 734 179 729 545 348 618 617 26 720 601 350 139 729 536 553 209 879 867 861 590 127 689 544 371 800 527 1027 805 886 691 551 841 772 931 409 711 631 818 688 563 1051 1023 297 398 519 534 667 802 239 229 20 263 210 890 597 890 406 845 751 594 920 66 343 884 936 946 512 606 725 890 327 342 63 952 698 719 659 190 927 710 307 919 702 320 344 242
671 877 621 1060 557 842 452 241 495 612 596 469 389 257 57 568 924 578 932 744 190 692 774 726 731 137 1013 406 864 0 602 764 295 916 821 294 87 101 594 801 783 201 326 636 761 389 527 821 739 998 636 540 776 126 619 394 791 228 853 230 318 450 771 478 434 751 145 892 570 947 494 143 119 333 341 286 569 39 847 423 974 904 762 319 256 583 202 846 750 593 689 719 346 263 993 203 677 413 786 361 275 574 645 656 905 760 622 504 143 504 834 309 295 684 163 829 743 454 220 459 515 690 162 293 592 420 877 541 929 888 594 441 588 297 134 702 328 387 371 295 63 539 814 287 388 432 736 111 920 789 990 601 647 324 359 386 723 819 340 548 796 391 841 343 461 555 782 270 388 1026 893 228 163 211 345 763 693 338 527 288 946 663 623 232 736 337 147 170 357 518 888 233 442 595 367 622 533 586 478 694 783 520 165 745 637 866 610 769 459 393 211 570 623 669 854 388 842 547 196 219 574 369 744 252 628 825 526 838 603 783 665 305 682 71 608 812 333 317 946 896 646
1015 314 917 715 308 252 218 408 223 486 36 336 704 450 595 71 422 196 693 145 647 273 221 594 615 595 668 199 274 602 0 390 701 459 277 644 516 542 910 455 676 504 376 51 508 289 844 228 251 681 798 858 182 483 766 749 460 453 581 491 400 325 229 188 721 567 537 339 268 494 223 673 497 276 284 332 121 573 541 834 688 323 402 456 467 59 656 246 255 841 571 561 563 403 623 632 511 190 507 509 476 557 939 499 344 168 627 238 626 234 364 324 309 296 559 228 142 202 383 359 257 199 564 436 343 271 293 844 372 337 724 400 226 682 471 141 646 455 419 528 590 396 563 419 356 172 697 600 360 647 624 503 221 300 722 470 206 712 315 193 615 350 255 528 347 86 248 514 336 675 304 605 630 587 316 213 628 272 100 528 619 895 699 612 648 279 568 499 730 147 726 371 651 588 290 902 854 27 126 487 544 539 565 173 55 272 13 185 721 415 617 300 732 670 624 729 241 71 611 662 802 240 583 505 772 294 132 238 816 673 642 385 84 662 613 272 648 430 386 469 47
879 285 772 334 207 345 568 672 593 251 356 700 644 516 785 339 210 585 309 360 703 117 248 284 307 823 285 482 351 764 390 0 971 165 234 637 685 669 778 66 352 763 438 426 151 381 732 348 162 293 601 743 341 682 571 694 74 720 198 764 708 683 567 548 634 233 638 271 199 189 593 883 645 474 572 496 292 751 153 787 298 575 17 470 524 340 899 462 166 685 282 248 876 681 248 681 221 447 134 832 514 354 786 226 290 461 397 611 850 274 125 606 543 99 801 447 418 347 579 312 634 196 644 735 176 613 335 722 653 264 533 754 615 676 640 494 939 416 749 826 721 250 192 481 377 435 408 703 639 311 247 278 609 460 684 804 209 378 430 253 267 687 329 499 708 467 216 540 376 295 546 869 701 846 624 245 349 542 468 823 231 714 484 876 345 557 802 741 695 519 364 560 550 373 604 749 742 413 442 179 183 378 643 500 342 370 378 487 618 391 872 194 525 417 249 673 397 442 860 910 646 520 257 547 573 624 319 391 645 348 385 685 361 835 390 601 944 739 657 134 404
951 1011 911 1292 772 953 492 304 512 869 710 426 684 519 241 696 1094 591 1186 844 483 877 912 991 999 168 1243 516 975 295 701 971 0 1105 966 589 327 383 882 1019 1056 209 564 716 1001 594 817 929 904 1236 931 830 883 303 913 686 1013 255 1095 213 304 420 794 524 729 1006 430 1033 772 1138 511 164 372 498 422 478 718 277 1079 703 1218 941 974 586 524 707 93 917 913 887 954 978 174 301 1215 498 931 542 1022 229 547 848 934 910 1041 824 903 509 153 697 1013 382 430 878 174 903 822 627 396 695 507 849 454 267 814 441 995 833 940 1031 888 365 585 591 358 752 85 652 307 180 358 781 1059 540 623 559 1017 406 934 1056 1213 862 647 512 651 276 875 1093 548 725 1055 370 957 627 414 627 930 552 615 1255 939 102 457 124 385 902 967 443 604 178 1178 957 912 95 1009 432 178 230 649 571 1156 415 736 872 412 914 823 678 582 940 1028 796 457 793 750 971 713 824 754 647 101 782 915 952 1106 682 935 632 115 77 869 472 1004 531 923 832 677 933 898 1055 945 316 784 254 888 826 87 277 959 1094 734
1032 224 925 282 363 313 665 802 680 409 432 792 808 675 934 429 80 652 352 376 866 228 253 414 435 965 244 598 308 916 459 165 1105 0 207 802 835 824 934 169 466 896 594 481 276 529 891 327 211 275 749 902 342 827 720 858 188 851 267 894 826 779 582 640 797 357 796 196 347 35 680 1030 798 609 692 640 394 901 217 951 306 547 174 632 683 424 1039 440 205 839 423 381 995 808 190 844 369 566 245 947 675 511 939 379 211 472 547 696 993 415 96 729 675 233 940 431 435 479 720 473 716 267 804 856 338 715 282 881 628 191 685 852 681 841 788 526 1066 580 859 949 877 415 286 639 535 551 536 862 615 422 194 436 660 603 849 913 253 482 578 380 372 793 296 663 802 545 219 703 531 245 517 1003 863 981 739 258 487 665 553 947 226 862 633 1010 472 678 943 878 860 603 441 702 713 527 717 902 901 486 544 327 294 540 804 519 405 328 446 496 780 553 1008 349 674 559 326 838 370 524 998 1049 800 639 383 709 721 627 431 365 798 462 528 805 403 987 542 605 1069 857 627 49 456
1075 63 970 487 328 114 494 664 499 456 259 612 805 609 827 270 151 459 525 170 813 176 56 515 538 843 447 450 118 821 277 234 966 207 0 774 735 741 972 288 586 761 525 287 385 442 917 123 100 472 811 929 135 714 780 855 303 712 421 753 670 602 374 465 806 466 722 71 291 239 500 915 705 491 544 535 254 798 370 948 495 350 251 586 623 259 910 239 89 884 508 478 837 664 394 794 444 426 366 784 622 556 987 443 85 265 611 513 873 331 131 584 546 206 811 227 228 368 607 435 530 134 739 704 329 546 102 910 430 67 740 676 486 814 687 321 916 552 694 798 793 413 422 573 477 408 638 789 417 545 397 482 459 497 837 746 98 612 487 278 500 625 98 637 623 363 39 656 465 449 320 866 803 846 584 65 575 524 377 797 416 922 697 873 576 534 818 749 847 423 594 591 724 580 559 949 927 304 385 404 416 566 739 311 222 137 264 289 796 515 875 312 737 639 477 833 170 347 867 919 844 494 490 655 783 420 297 164 848 581 607 653 206 888 601 398 919 701 432 236 263
411 837 340 874 452 833 587 447 638 418 622 661 97 198 349 584 834 707 717 759 113 608 741 503 500 428 831 492 853 294 644 637 589 802 774 0 288 219 319 652 541 461 268 691 580 357 247 818 677 807 344 262 778 339 328 119 637 463 662 485 535 638 860 601 141 543 178 842 484 826 637 432 255 390 481 335 559 317 671 192 772 967 630 192 180 601 496 881 689 301 468 508 620 473 825 93 479 475 611 620 168 343 365 461 858 812 369 654 437 449 740 471 407 588 444 862 781 445 341 341 673 642 145 526 467 580 856 258 1013 836 309 658 727 40 289 776 618 225 598 563 232 387 620 225 301 489 478 183 1001 558 821 397 774 354 84 631 681 571 330 505 578 589 827 139 657 635 736 130 317 845 947 518 135 497 516 731 450 457 609 556 764 371 346 522 494 468 431 424 90 625 651 337 158 353 526 337 255 639 545 511 591 293 142 814 655 862 646 829 165 259 502 468 339 408 646 105 853 615 487 513 280 477 528 141 338 923 524 848 309 541 413 513 706 344 359 904 623 548 1028 768 691
690 791 627 989 479 755 374 177 420 549 509 407 385 193 102 481 840 501 868 657 206 609 687 668 674 159 940 320 777 87 516 685 327 835 735 288 0 69 604 724 730 173 252 550 691 306 533 734 654 928 617 547 689 56 596 401 715 180 784 198 263 386 690 399 427 687 111 806 489 866 419 202 45 246 261 200 482 66 775 448 906 821 684 260 198 496 238 761 665 588 630 657 332 202 919 209 612 326 715 333 220 521 652 591 818 675 576 430 179 421 751 233 210 602 163 743 657 368 133 385 444 604 143 246 515 347 790 545 848 802 567 388 513 302 48 619 338 327 322 275 87 469 746 219 313 345 689 124 838 732 916 540 571 238 364 348 637 767 257 463 735 329 754 300 400 471 696 226 310 953 809 240 178 217 273 676 641 255 443 268 874 658 588 245 683 256 153 136 366 437 832 146 418 545 292 625 541 501 392 627 715 469 146 661 550 780 524 685 448 327 229 491 594 625 789 391 755 462 214 253 563 285 683 205 605 745 440 752 591 729 618 245 596 154 561 731 343 269 865 816 560
621 799 558 960 462 771 422 241 470 511 530 468 316 157 144 499 836 549 831 678 140 603 696 625 630 216 913 353 793 101 542 669 383 824 741 219 69 0 535 703 683 242 231 580 661 301 464 752 654 898 552 478 707 123 532 332 693 248 752 267 328 446 729 444 359 649 47 812 478 854 469 242 49 266 308 212 493 107 747 380 873 855 667 218 155 515 291 788 666 520 588 618 401 266 895 141 576 352 686 402 174 474 583 555 825 706 523 482 231 416 745 286 246 593 227 769 684 374 167 360 497 607 75 313 495 400 804 476 887 807 505 453 563 233 85 654 402 285 388 344 53 439 713 189 292 370 637 63 877 688 891 500 618 247 295 416 643 719 254 464 695 391 769 245 462 506 702 171 293 926 841 302 112 281 328 685 593 296 478 337 846 590 529 308 636 300 215 205 297 478 787 174 354 495 345 556 472 529 422 594 682 420 78 695 570 797 548 717 381 292 290 476 532 571 753 322 776 493 274 307 496 323 642 151 541 787 451 772 524 683 566 309 618 171 509 772 407 336 904 801 587
106 1034 33 908 649 1055 892 765 943 528 882 976 226 499 651 843 988 1005 724 1002 405 795 952 539 523 731 876 788 1070 594 910 778 882 934 972 319 604 535 0 766 528 776 547 960 666 625 72 1044 872 840 206 57 1011 656 225 203 748 781 717 802 854 952 1136 902 195 596 496 1030 691 949 942 719 573 687 792 638 805 624 748 187 794 1225 765 464 481 858 791 1127 883 99 519 564 934 791 891 396 566 765 699 937 461 424 53 556 1049 1071 391 960 735 685 900 786 717 767 754 1108 1035 708 656 558 981 854 462 845 643 891 1067 66 1281 1024 253 976 1028 302 607 1049 922 455 916 878 537 559 680 515 554 776 444 488 1269 565 885 501 1070 649 239 949 891 540 614 739 606 905 1044 388 973 919 938 428 575 891 1202 823 433 804 831 943 465 765 895 870 819 121 310 826 496 777 739 739 239 919 626 650 259 408 839 52 63 911 831 608 659 406 459 1082 908 1083 909 1092 190 495 805 665 271 393 678 214 1086 895 790 807 135 780 572 446 228 1201 780 1080 144 531 419 831 957 628 394 1181 927 866 1294 891 955
863 334 757 276 248 402 630 723 656 244 421 762 649 548 826 403 233 650 244 424 726 182 309 247 269 867 227 540 406 801 455 66 1019 169 288 652 724 703 766 0 307 812 474 492 108 426 725 407 225 230 579 734 403 726 551 698 18 772 135 815 764 744 632 610 635 191 669 316 250 183 656 925 683 524 628 542 355 790 87 790 232 635 53 497 554 405 945 522 228 670 254 213 930 734 196 703 200 504 82 889 541 345 770 211 335 525 378 675 894 325 166 661 595 162 848 508 483 401 625 343 697 262 673 789 209 673 387 713 714 309 516 814 680 690 681 559 991 438 807 879 754 270 134 515 412 493 371 733 700 264 194 271 674 508 692 862 273 329 474 311 216 746 386 516 770 532 276 564 414 237 605 918 727 895 681 307 318 597 532 876 168 693 464 925 307 612 848 789 703 583 305 606 551 358 662 733 734 479 503 158 133 377 672 565 408 425 443 551 616 417 919 237 505 390 189 678 455 506 908 957 632 577 217 574 552 688 380 450 629 302 359 740 426 872 373 665 996 795 717 125 470
611 637 510 380 375 695 789 800 829 206 640 916 493 537 826 609 538 850 197 693 645 435 594 82 64 889 351 679 702 783 676 352 1056 466 586 541 730 683 528 307 0 868 500 723 201 506 508 696 504 313 323 513 682 754 303 534 289 841 207 881 866 894 888 780 461 120 638 621 410 468 829 925 685 617 743 606 556 788 251 612 266 919 335 470 532 618 968 806 511 429 112 116 1015 819 373 621 166 641 225 987 511 209 516 180 640 789 172 849 909 464 472 764 684 403 884 789 746 536 678 386 873 519 625 880 335 819 687 491 993 614 283 952 880 568 698 805 1052 403 922 957 724 307 181 517 449 639 84 686 979 45 366 201 893 584 543 974 544 39 539 488 94 875 680 441 920 733 565 513 465 366 890 962 657 938 798 589 91 709 722 952 299 429 225 968 47 725 878 836 554 768 110 661 392 190 788 485 515 693 673 192 174 263 623 822 643 721 668 815 433 411 955 380 259 143 156 518 744 705 941 982 398 701 97 532 300 950 560 738 384 4 128 840 676 850 182 926 1057 893 999 417 705
