NAME : X-n284-k15_SARP
COMMENT : Curated from VRPLIB to SARP
TYPE : SARP
DIMENSION : 283
EDGE_WEIGHT_TYPE : EXPLICIT
EDGE_WEIGHT_FORMAT : FULL_MATRIX
EDGE_WEIGHT_SECTION
0 359 718 444 431 322 369 406 631 547 326 404 210 764 388 410 301 684 790 811 728 556 359 225 646 719 232 777 315 811 754 441 457 447 389 630 562 614 401 553 404 313 649 484 672 708 304 396 369 342 580 477 707 429 343 815 663 788 695 355 533 750 360 620 900 364 706 491 355 302 586 667 626 372 755 538 476 614 524 392 627 278 597 586 810 852 167 856 382 444 479 373 414 393 505 323 418 818 640 524 752 618 675 328 614 730 706 403 744 823 416 373 691 762 661 478 396 757 268 308 403 581 400 337 397 676 441 794 604 854 317 353 633 600 631 518 735 460 405 426 352 306 520 420 611 277 438 362 563 266 557 361 842 618 473 361 355 595 341 461 415 732 705 445 725 746 332 161 395 503 325 512 328 752 362 440 440 317 391 805 742 493 415 819 785 790 676 683 378 524 409 391 591 392 304 465 678 826 605 661 394 641 371 718 404 251 419 390 378 667 775 748 793 426 713 827 589 361 525 770 688 344 307 442 644 523 761 202 260 342 654 453 609 441 703 379 340 379 435 609 748 751 443 368 238 767 815 497 665 333 385 547 337 729 427 739 267 389 699 383 705 675 780 278 396 755 538 690 460 556 707 635 827 479 396 741 321 596 708 504 701 373 370
359 0 669 182 152 95 352 186 517 633 33 131 188 634 632 354 218 602 685 664 490 425 296 193 496 635 161 641 168 661 612 133 132 230 376 749 235 452 474 558 163 291 603 493 575 637 456 436 147 219 491 556 578 78 354 655 707 688 668 373 245 661 528 507 713 401 556 397 496 287 424 681 548 42 641 539 498 490 534 381 521 176 488 447 451 692 526 707 144 326 293 187 108 169 361 346 296 679 694 168 652 504 583 261 610 634 527 494 578 656 513 153 639 614 671 405 139 674 185 290 442 437 364 22 385 537 397 615 612 683 154 175 568 430 500 427 547 124 425 152 190 162 225 260 495 278 164 158 372 175 399 349 677 376 127 148 61 627 344 528 106 680 624 107 633 579 91 295 61 161 82 154 219 643 270 374 451 280 292 678 670 282 147 621 680 664 653 649 461 231 58 365 594 89 86 352 639 683 511 548 480 479 158 619 387 157 176 523 380 584 633 652 667 411 660 673 576 134 593 615 686 303 53 387 487 376 593 184 134 107 609 528 503 514 538 437 415 330 165 501 618 651 212 49 258 659 681 260 559 26 236 569 411 619 402 682 524 282 633 153 564 652 585 200 336 645 285 638 177 522 674 569 675 485 82 624 407 471 604 439 525 71 481
718 669 0 505 535 582 360 485 170 264 671 545 584 162 541 332 483 81 123 207 383 252 395 561 223 69 588 177 516 213 184 570 591 448 336 325 854 261 329 171 510 428 70 235 115 46 441 323 522 461 179 282 161 717 380 234 178 113 44 365 507 80 429 177 327 354 204 272 405 438 277 120 122 710 129 183 246 199 199 332 161 531 189 242 829 250 803 232 526 344 386 482 578 501 312 399 374 194 195 676 102 180 105 435 118 92 262 337 233 252 335 516 30 198 114 268 534 71 531 432 316 252 333 663 327 190 291 267 136 271 528 496 100 280 199 242 277 609 312 532 483 526 521 409 188 462 524 511 335 541 289 367 255 402 628 521 728 169 384 282 581 14 68 615 85 236 583 562 622 617 594 685 467 121 412 305 278 431 384 168 46 408 532 314 120 159 59 39 351 517 646 338 139 587 604 317 41 206 161 150 341 248 511 100 320 571 500 380 344 95 187 93 160 296 10 225 131 535 245 212 89 401 657 296 238 300 240 738 588 564 65 293 175 300 233 342 381 364 521 178 161 100 469 621 504 120 185 441 134 666 434 187 383 120 298 24 564 393 43 516 186 58 296 511 350 122 445 31 525 164 31 100 224 239 598 133 400 213 112 235 256 600 372
444 182 505 0 31 135 252 49 345 523 199 53 234 455 601 231 168 433 508 482 314 254 196 221 317 464 213 461 132 480 432 64 87 58 268 642 350 272 384 421 40 221 444 368 404 470 409 339 75 135 327 453 400 213 268 472 572 512 512 284 89 488 473 335 531 312 375 243 434 223 245 537 383 220 464 404 378 316 403 273 350 169 318 272 427 510 603 525 63 177 119 84 77 53 193 272 157 498 564 182 477 332 412 181 466 461 345 407 396 473 426 71 476 433 526 259 52 502 180 223 342 261 248 187 275 359 267 433 471 501 128 98 406 250 324 270 365 104 320 30 106 140 78 112 323 231 19 83 191 180 223 253 495 198 125 83 243 494 259 424 79 516 454 110 461 396 127 317 125 125 139 187 146 466 166 239 335 207 169 498 501 102 37 439 504 485 499 491 378 81 144 254 453 94 160 200 480 501 344 374 394 298 74 445 274 194 27 452 280 416 452 478 488 291 496 491 430 84 479 433 536 212 197 253 307 206 410 329 188 110 450 427 333 415 357 348 342 220 17 331 438 476 38 134 242 482 501 78 387 191 113 439 338 443 281 516 517 159 467 61 385 498 403 178 217 468 107 475 27 374 515 406 493 360 102 447 342 298 430 291 342 113 407
431 152 535 31 0 114 269 62 375 544 170 28 222 486 609 251 171 463 539 513 341 285 211 211 348 495 199 492 127 511 463 36 62 87 286 663 323 303 400 446 40 230 473 391 434 500 418 356 67 142 356 472 431 183 282 503 598 543 540 299 105 519 484 366 560 328 406 271 446 231 276 563 413 189 495 429 400 347 427 292 381 162 348 302 419 541 593 556 52 203 149 90 45 56 223 283 179 529 588 161 508 363 443 191 492 492 375 423 426 504 443 66 506 464 553 285 35 533 174 232 360 292 268 157 294 390 290 463 497 531 120 99 436 281 355 298 395 78 339 6 110 133 90 135 354 236 12 79 222 172 254 269 525 225 100 75 213 519 272 443 48 545 485 81 491 427 105 312 94 106 115 163 152 497 181 263 356 216 188 529 531 133 17 469 535 516 527 519 394 94 113 273 479 64 137 226 509 532 374 405 410 329 70 476 294 181 39 466 297 446 483 508 519 312 526 522 457 71 500 464 563 226 170 277 338 236 441 305 172 90 479 446 363 434 388 364 355 238 14 361 470 507 66 104 242 513 532 108 417 162 129 463 351 474 302 546 520 178 497 55 416 526 433 175 237 499 134 505 30 401 544 436 524 383 71 478 354 328 460 317 373 84 421
322 95 582 135 114 0 257 115 438 538 89 85 119 561 548 261 123 519 607 595 446 346 202 116 424 553 93 569 72 593 541 119 136 164 281 653 326 381 379 464 100 196 515 399 494 553 367 341 69 125 406 461 504 166 258 589 613 609 579 278 219 581 438 427 655 306 485 310 404 192 352 588 463 136 565 446 403 412 440 286 440 84 407 370 501 627 487 639 75 239 221 102 92 97 282 252 208 609 599 217 573 425 501 166 518 554 464 399 512 592 419 75 552 545 579 315 82 593 95 196 347 361 269 83 290 464 304 554 519 621 59 86 482 361 424 341 487 141 330 110 99 67 203 177 416 185 123 74 307 86 325 254 613 330 158 66 148 533 249 433 94 594 541 129 552 513 10 222 86 184 13 210 124 565 177 283 356 184 200 604 587 218 99 565 603 591 563 560 367 208 109 270 501 71 26 266 550 613 428 469 385 409 78 539 293 79 116 430 285 501 562 572 594 316 574 606 484 56 497 547 594 208 75 295 416 299 528 195 63 25 521 433 422 419 471 342 321 235 121 420 544 572 150 63 170 581 610 206 479 85 148 475 317 541 308 597 446 191 548 81 492 562 528 107 243 568 241 551 143 431 586 483 608 391 78 548 314 392 525 350 460 57 387
369 352 360 252 269 257 0 207 263 282 343 262 227 396 365 48 138 317 422 444 406 197 59 205 286 352 235 409 185 445 387 304 330 206 25 399 576 262 132 215 230 70 290 145 304 343 177 88 220 136 211 206 340 419 30 450 358 420 345 35 315 383 229 253 541 61 343 128 188 79 238 339 259 393 387 196 147 249 188 30 258 186 230 228 675 487 484 489 231 111 185 182 296 214 165 49 107 450 343 429 384 251 307 91 273 362 353 155 383 460 174 217 331 397 331 111 247 391 181 73 92 225 32 340 35 311 72 436 270 491 199 184 267 254 267 151 383 345 73 263 169 192 316 146 244 102 263 205 238 193 211 8 478 321 367 215 403 279 28 178 300 373 339 343 357 386 262 208 325 375 271 430 134 384 88 75 100 77 85 436 378 214 256 467 417 421 327 330 127 315 352 22 253 293 272 117 322 458 236 293 142 287 210 349 40 222 231 201 28 300 408 380 424 65 354 461 241 228 240 405 351 50 325 74 287 179 401 383 242 248 295 179 241 166 344 96 96 34 260 242 380 383 220 312 144 398 447 241 296 341 140 221 94 360 62 379 307 94 335 223 340 326 428 162 45 387 278 330 279 197 355 270 461 137 305 372 104 232 339 135 346 296 157
406 186 485 49 62 115 207 0 331 483 194 61 196 450 552 190 121 416 499 482 335 239 150 180 312 449 179 457 90 480 429 97 123 49 225 602 380 268 339 388 26 173 421 331 389 452 361 295 46 86 306 411 393 233 222 475 539 502 487 238 133 475 425 321 541 267 373 216 387 174 240 507 363 227 456 370 339 304 367 231 335 128 302 261 475 513 562 526 43 145 107 36 96 18 175 224 120 496 529 222 466 318 397 133 435 448 349 362 398 477 382 40 455 431 497 228 49 488 138 174 299 251 206 184 233 352 230 439 440 506 90 53 385 247 314 245 372 139 277 56 59 100 125 77 309 183 56 45 192 140 214 208 499 219 161 51 247 460 212 382 99 496 438 140 447 399 111 272 137 167 123 224 98 457 120 203 295 158 127 493 485 103 51 451 495 480 473 467 333 127 162 211 421 103 141 171 457 500 326 362 349 296 38 432 232 158 23 405 235 399 449 466 483 251 476 492 400 59 439 434 508 165 187 217 303 190 414 308 157 91 427 385 317 372 357 303 295 176 53 315 433 465 38 137 195 473 498 94 373 188 68 403 291 433 241 498 468 117 448 34 380 472 413 133 176 459 134 454 74 345 492 385 494 323 114 439 295 284 418 261 346 116 360
631 517 170 345 375 438 263 331 0 323 524 389 464 134 553 221 357 91 170 181 236 92 277 441 62 120 462 146 379 182 125 408 428 289 245 424 689 92 299 188 355 320 127 204 59 128 403 270 373 326 56 298 76 558 291 190 298 172 190 284 338 144 419 11 285 285 89 141 384 330 107 244 60 558 129 183 221 29 196 244 13 402 34 74 662 225 744 226 374 203 226 335 420 348 157 311 235 187 303 509 135 13 68 314 187 117 127 317 133 201 325 366 144 135 234 152 379 157 404 324 265 84 231 515 239 56 192 186 204 232 389 353 87 111 31 113 154 446 249 373 341 390 354 261 22 355 364 364 166 413 122 271 218 234 464 373 578 243 291 281 423 177 110 453 116 136 436 470 466 451 449 519 335 128 284 190 224 318 253 175 157 244 374 226 165 160 185 168 315 349 488 241 191 432 462 177 156 195 36 32 314 85 362 101 231 443 343 373 260 75 145 134 163 215 160 198 163 386 285 145 228 289 513 189 76 141 149 612 455 417 132 292 23 291 104 293 324 252 361 21 117 134 310 468 397 144 185 275 42 518 292 215 324 104 210 175 538 260 127 365 81 183 192 385 235 131 277 143 363 130 188 84 199 202 442 113 341 47 87 130 120 447 346
547 633 264 523 544 538 282 483 323 0 622 541 486 403 283 293 416 292 383 455 555 342 340 467 383 312 501 420 466 460 414 580 606 469 260 120 857 394 164 136 507 343 227 158 312 287 243 197 501 418 280 78 372 700 280 478 125 374 221 260 567 336 198 321 576 233 405 300 193 349 390 156 269 674 375 145 146 337 136 254 311 461 312 356 928 502 591 488 511 350 425 461 575 492 365 290 366 447 99 704 354 322 305 372 153 335 451 151 447 494 134 497 253 429 156 276 526 332 455 344 191 362 277 619 251 376 257 495 132 519 479 465 249 403 351 288 477 622 209 539 450 471 574 411 323 363 537 486 429 466 380 284 502 518 644 496 681 95 289 105 579 275 302 622 327 450 543 419 607 647 551 707 415 367 368 285 188 354 356 423 308 456 533 540 379 411 205 226 182 571 633 273 139 574 551 334 229 459 289 331 163 402 491 334 251 492 505 159 253 288 427 345 413 232 266 475 164 510 45 443 188 331 602 271 395 366 460 634 515 529 227 107 308 121 426 199 229 309 533 312 395 352 487 594 396 373 440 490 321 620 416 109 234 355 242 287 332 366 276 503 391 205 511 436 307 370 516 252 549 197 237 253 474 165 586 371 244 335 336 255 443 578 179
326 33 671 199 170 89 343 194 524 622 0 145 162 644 608 349 206 606 692 676 510 432 289 170 506 640 136 651 160 674 623 156 159 241 367 736 259 462 461 552 173 279 604 486 581 641 436 425 151 213 494 544 587 106 342 668 700 695 668 361 268 667 508 513 729 389 567 398 478 273 434 676 551 56 649 534 490 497 528 373 527 161 493 454 484 706 493 719 152 327 302 189 129 177 367 333 296 690 686 201 659 510 588 252 607 641 541 479 591 670 499 157 641 626 667 404 151 679 168 278 431 445 357 14 377 547 393 630 607 698 146 174 570 441 508 429 562 153 415 169 188 152 249 263 501 262 182 160 385 158 408 339 691 395 158 150 60 620 332 517 128 682 629 137 639 592 88 269 87 192 76 187 212 650 265 372 443 268 289 687 674 294 162 638 688 674 652 649 447 255 90 357 590 107 71 354 639 694 515 555 466 490 162 625 380 136 188 506 370 588 644 658 677 404 662 686 573 138 582 627 683 294 23 383 497 383 606 151 113 107 610 516 508 502 551 424 400 323 182 507 627 658 224 66 238 666 692 276 565 9 236 563 396 626 396 685 498 279 636 160 574 651 601 186 331 653 304 640 197 520 675 571 688 479 102 632 391 477 610 438 538 86 464
404 131 545 53 28 85 262 61 389 541 145 0 196 504 592 249 152 476 555 533 367 297 203 186 365 508 172 510 105 530 481 46 71 100 281 659 319 321 393 449 36 217 482 391 447 512 403 349 47 129 366 467 448 171 272 524 600 558 548 290 134 533 471 379 584 319 425 277 434 217 293 568 423 170 511 431 398 361 428 287 394 138 361 317 438 562 566 576 32 207 163 80 35 49 234 272 181 548 589 169 523 376 456 179 497 506 396 415 447 525 434 48 516 483 558 289 15 546 150 218 354 307 264 134 289 407 290 485 501 553 97 82 445 299 370 306 417 84 333 25 96 110 118 139 367 219 38 61 241 147 269 261 547 251 106 54 192 521 262 438 39 556 497 81 505 448 77 288 77 120 87 169 137 513 173 264 353 203 185 547 544 151 17 492 551 534 534 528 384 123 100 268 482 43 109 232 517 552 386 419 401 348 54 490 290 154 46 455 290 458 502 523 537 310 536 542 462 46 497 484 570 216 143 277 356 248 462 277 144 62 488 440 376 427 407 356 344 232 38 374 487 522 81 82 221 529 550 130 431 138 125 464 340 489 300 557 500 175 508 39 433 533 456 153 234 515 160 515 58 406 553 446 544 382 53 494 341 342 475 322 394 61 410
210 188 584 234 222 119 227 196 464 486 162 196 0 596 446 252 108 533 632 637 525 378 190 23 466 568 27 606 107 636 580 236 255 240 252 594 421 428 322 441 194 157 514 370 514 563 279 294 159 144 421 408 537 265 215 636 579 632 572 233 323 599 352 453 714 257 528 324 324 148 399 565 475 218 593 423 369 442 413 257 463 71 431 407 620 675 371 682 172 263 279 165 210 183 320 200 232 647 561 335 596 451 520 151 500 575 519 337 561 642 355 163 555 587 557 320 187 608 64 154 301 400 251 167 262 501 293 609 496 673 107 145 488 411 458 355 545 260 291 217 146 96 311 223 442 127 228 153 367 58 370 221 662 413 277 151 214 501 207 382 212 597 556 248 571 563 129 108 202 303 126 326 132 592 180 281 323 153 211 638 598 289 206 628 628 624 554 556 305 314 223 247 480 190 109 288 548 654 445 496 324 457 161 561 267 42 209 355 249 515 602 593 627 292 577 651 469 152 450 592 578 184 139 289 462 338 579 155 57 136 520 379 444 365 520 287 257 220 226 444 579 594 234 176 90 607 647 289 503 165 186 445 252 567 288 602 337 205 556 173 531 553 589 80 235 594 330 554 250 422 581 490 652 363 197 577 244 423 548 351 514 175 316
764 634 162 455 486 561 396 450 134 403 644 504 596 0 661 355 488 111 65 53 245 218 410 573 138 95 592 16 507 58 29 516 532 404 378 481 785 183 418 280 472 453 176 319 100 121 527 395 494 456 185 399 59 667 423 75 337 75 204 415 428 84 534 144 173 415 81 274 502 464 210 279 151 674 33 283 334 153 299 376 138 532 167 191 708 101 875 95 492 333 342 459 531 468 280 443 365 54 351 602 61 146 103 447 251 71 131 433 84 92 437 487 157 40 271 286 495 98 534 458 390 200 365 634 371 98 325 106 271 116 516 478 160 205 139 246 133 549 376 485 468 518 447 385 154 489 474 487 264 543 236 404 99 300 565 496 695 310 424 389 534 158 103 559 79 86 559 603 579 547 571 615 465 41 416 324 348 452 385 43 119 353 488 153 64 30 212 189 436 441 599 374 265 547 586 308 181 63 161 104 432 157 483 70 363 573 458 486 391 118 26 69 33 345 154 73 243 507 374 52 250 422 635 322 148 263 84 741 584 539 177 400 156 402 107 417 451 386 472 155 17 62 423 585 531 47 51 379 102 638 418 304 452 48 342 148 660 391 131 484 70 211 140 516 369 40 369 157 468 237 192 156 73 319 556 33 469 173 68 262 128 564 465
388 632 541 601 609 548 365 552 553 283 608 592 446 661 0 406 440 553 654 715 754 530 411 438 601 579 472 678 490 719 666 638 663 564 361 302 867 595 260 382 569 380 492 349 562 557 191 300 546 467 499 263 619 709 340 733 403 646 501 329 674 607 139 547 832 307 642 465 179 378 579 439 513 664 638 379 332 555 363 358 543 465 530 555 1027 762 358 753 560 474 550 519 621 552 520 332 471 711 378 758 621 547 559 419 424 600 674 238 686 747 228 545 525 680 439 439 578 605 454 378 302 557 385 612 359 609 398 738 405 776 501 510 501 594 573 471 703 675 324 602 498 489 673 507 544 373 607 532 595 462 558 361 759 682 695 538 660 373 348 273 624 553 567 668 592 689 557 341 633 712 559 754 456 631 438 421 337 394 447 689 582 579 593 779 649 675 483 502 250 673 657 374 404 609 548 474 503 722 517 571 245 612 539 595 365 475 575 181 344 543 682 613 678 365 542 734 421 548 296 692 471 392 585 411 609 530 702 551 498 552 494 262 532 263 656 280 268 398 603 536 650 619 575 611 378 640 705 604 566 610 491 360 271 614 375 565 122 453 546 555 632 483 744 444 409 634 642 524 626 427 516 505 734 351 619 630 262 545 593 439 666 602 216
410 354 332 231 251 261 48 190 221 293 349 249 252 355 406 0 151 282 384 401 359 150 63 229 239 317 256 367 190 402 344 288 313 178 45 412 568 214 160 204 215 100 263 141 266 311 222 114 212 136 172 223 297 415 78 406 353 383 323 80 283 348 268 210 495 99 298 82 228 110 191 327 223 396 347 185 149 205 180 49 218 200 187 181 646 443 530 446 221 68 146 172 284 201 117 96 75 408 341 412 347 209 270 103 258 325 306 184 337 415 202 208 303 353 318 69 235 357 198 104 116 178 21 344 49 267 44 389 258 446 203 179 236 206 222 108 336 330 92 246 164 199 287 119 201 135 244 199 192 209 163 55 434 276 352 209 408 274 75 194 288 345 304 330 321 340 263 249 319 355 274 414 138 345 84 31 105 100 64 396 346 177 241 420 379 381 306 305 161 285 345 32 240 285 279 70 297 416 197 251 173 239 202 312 45 239 212 236 62 264 365 343 384 61 325 417 224 223 249 361 335 70 333 36 240 131 355 406 257 247 269 198 199 186 298 129 139 32 241 200 338 345 196 310 178 360 406 207 256 346 124 216 137 321 51 350 354 74 304 212 296 305 381 179 18 348 241 302 257 173 331 238 418 133 297 332 149 187 301 99 299 292 193
301 218 483 168 171 123 138 121 357 416 206 152 108 488 440 151 0 428 526 529 427 271 88 85 358 463 106 499 52 529 472 198 223 152 162 531 448 321 257 350 132 74 413 282 408 460 252 219 106 42 315 339 429 288 136 529 495 526 474 156 253 493 321 346 608 184 420 218 286 70 293 475 370 258 486 332 284 335 324 168 356 49 324 299 590 567 449 575 121 155 178 85 182 116 212 129 124 539 480 319 490 344 414 48 407 469 412 277 454 535 296 106 453 479 466 215 139 503 48 73 225 292 155 203 172 393 194 502 405 565 66 72 385 305 350 248 440 235 209 164 62 56 246 120 335 67 171 92 263 58 263 133 555 319 256 98 266 416 127 311 185 496 451 229 466 456 128 154 200 273 136 316 28 485 73 178 237 62 103 531 494 193 154 523 521 516 457 456 244 248 226 153 388 172 135 180 448 546 339 388 263 350 100 454 176 89 142 310 164 410 494 487 519 200 476 543 374 109 376 484 484 88 187 187 354 230 471 257 106 118 419 310 337 297 413 220 200 121 168 337 471 488 154 182 74 500 539 202 396 204 85 358 195 460 194 500 349 97 453 116 423 456 484 28 133 487 244 452 192 324 482 387 544 274 183 470 194 315 441 248 407 169 266
684 602 81 433 463 519 317 416 91 292 606 476 533 111 553 282 428 0 108 164 305 179 343 510 142 35 534 127 456 168 123 497 517 377 295 375 780 180 316 170 441 381 66 216 35 37 427 299 456 402 113 290 88 646 341 185 236 104 110 329 429 67 428 99 284 323 129 211 399 391 198 177 59 643 85 175 231 120 191 292 83 475 115 164 748 211 783 200 458 281 314 417 507 433 242 361 312 158 247 600 71 102 24 382 140 49 186 329 164 202 331 450 60 138 168 214 465 75 476 385 293 175 287 598 287 111 245 206 161 227 467 433 54 201 119 180 204 535 283 461 421 467 444 343 111 416 452 446 257 486 213 324 210 321 554 456 662 200 344 281 511 87 23 542 42 167 519 524 553 541 531 610 409 79 356 252 251 382 326 137 68 333 461 253 103 123 111 89 336 439 575 294 154 518 542 253 79 170 91 69 330 167 445 42 279 516 430 380 306 18 134 65 125 258 71 183 132 469 263 152 153 351 594 246 157 228 174 685 531 499 67 293 100 295 157 320 356 314 450 103 102 69 397 553 459 89 152 366 54 601 371 194 358 63 257 85 558 334 38 449 111 110 229 456 299 81 368 59 452 134 104 50 183 218 529 78 375 137 44 183 179 532 362
790 685 123 508 539 607 422 499 170 383 692 555 632 65 654 384 526 108 0 91 310 261 444 609 193 76 631 72 549 98 94 570 588 455 401 448 844 238 424 273 522 484 162 324 119 97 535 407 541 496 212 391 108 721 447 121 300 12 167 436 487 47 534 181 206 431 143 308 505 494 263 243 164 725 44 280 338 196 296 398 169 571 202 238 774 129 892 109 541 373 392 505 584 516 326 467 405 74 318 661 37 183 115 482 232 60 196 436 150 138 437 535 130 104 237 315 546 52 573 488 401 248 391 683 393 151 350 164 252 152 559 522 162 260 185 278 198 605 391 537 511 560 505 430 192 519 527 533 320 583 286 429 136 362 622 543 746 288 449 386 587 115 89 614 66 151 606 630 632 605 618 673 505 42 453 354 360 484 422 48 77 406 540 209 5 45 180 158 444 500 652 399 250 598 632 347 154 85 188 139 437 214 531 72 386 612 509 485 413 123 86 43 44 365 118 107 233 555 360 115 211 454 682 349 205 309 148 782 625 586 160 397 188 401 170 429 465 416 525 189 77 39 475 635 562 26 64 434 130 687 462 294 466 66 363 103 665 429 108 533 128 180 202 554 400 40 427 131 523 243 154 158 106 326 608 61 483 215 84 287 193 614 470
811 664 207 482 513 595 444 482 181 455 676 533 637 53 715 401 529 164 91 0 239 259 454 614 172 145 632 37 544 7 57 541 556 435 426 530 803 214 471 333 503 499 229 371 153 170 579 447 527 495 235 452 105 691 472 31 384 102 250 465 447 127 587 191 122 465 110 320 555 509 243 326 204 702 81 336 387 197 352 425 187 571 214 230 704 48 925 45 524 374 375 494 559 500 318 492 405 22 400 619 105 193 156 489 302 121 142 486 89 47 491 521 206 51 319 333 526 137 575 503 442 237 412 665 420 136 373 80 323 65 553 514 213 234 180 293 132 572 428 513 505 556 466 422 200 534 501 521 292 583 271 452 48 313 587 529 725 362 472 442 561 201 154 583 129 89 592 650 607 566 605 633 505 88 458 371 400 496 427 43 162 382 517 120 92 48 260 237 489 460 625 422 317 575 620 350 230 19 211 153 485 186 517 122 412 612 488 539 441 171 36 114 48 395 200 20 296 540 427 49 296 468 669 370 179 301 78 779 622 572 228 454 204 455 126 469 502 432 500 202 66 107 453 615 575 86 30 405 153 669 456 357 503 101 391 190 713 432 181 516 106 259 121 557 414 86 390 206 494 290 238 209 19 372 584 85 520 216 122 311 142 594 518
728 490 383 314 341 446 406 335 236 555 510 367 525 245 754 359 427 305 310 239 0 225 384 506 174 315 511 239 419 233 216 358 364 287 401 660 585 163 495 419 346 431 360 416 272 337 579 454 380 386 275 518 223 498 436 215 534 320 415 439 248 320 615 237 235 454 179 290 576 440 175 478 296 522 273 411 433 219 422 403 249 454 244 203 465 243 871 267 371 299 249 361 382 351 241 452 318 261 540 406 299 235 282 405 424 297 121 517 161 206 530 374 365 207 468 315 365 336 462 435 453 199 378 498 400 195 357 163 441 224 422 382 322 160 206 284 112 378 431 343 380 431 268 308 233 462 329 380 170 467 197 413 226 116 388 385 549 479 431 496 384 385 315 392 302 159 440 576 429 360 452 422 399 279 372 337 418 422 346 275 351 236 350 145 309 269 414 394 504 262 441 390 427 404 472 289 383 257 268 241 510 154 373 285 393 490 330 575 418 297 226 305 271 390 373 237 398 391 514 198 458 403 510 345 161 228 164 641 491 421 363 506 249 500 150 476 495 379 329 244 236 299 297 444 494 290 268 241 255 503 343 446 494 268 380 378 713 346 342 366 197 413 122 450 363 280 207 364 314 359 409 319 239 412 409 261 507 220 271 318 127 425 538
556 425 252 254 285 346 197 239 92 342 432 297 378 218 530 150 271 179 261 259 225 0 197 356 90 210 374 228 289 258 202 318 339 198 186 454 602 66 270 210 263 243 196 193 150 216 360 231 281 238 78 296 160 467 227 260 349 263 263 225 257 236 391 82 345 235 151 70 353 253 50 302 130 466 219 198 210 66 206 187 96 314 64 30 600 298 680 304 281 116 135 244 329 256 64 246 147 269 348 424 227 79 158 231 235 209 156 292 188 267 305 274 224 209 292 93 287 249 317 248 229 28 166 423 183 123 137 239 247 298 298 261 156 65 79 59 186 357 208 282 251 300 271 169 70 278 273 272 92 325 41 205 287 178 376 281 486 280 225 273 332 262 200 364 208 190 345 395 375 365 357 433 247 219 199 123 193 239 168 261 247 155 283 269 257 247 253 242 281 266 397 177 229 340 370 92 230 275 91 123 285 89 270 193 175 355 251 350 203 161 223 227 250 167 243 273 202 294 298 215 294 212 421 127 90 49 206 523 366 325 202 282 79 276 148 253 276 179 271 76 201 226 218 376 318 235 269 189 134 426 201 235 276 195 159 262 496 174 213 272 152 252 230 299 161 222 197 223 273 150 265 155 274 188 350 202 291 46 179 93 149 355 315
359 296 395 196 211 202 59 150 277 340 289 203 190 410 411 63 88 343 444 454 384 197 0 167 287 379 193 422 130 455 397 245 271 153 80 458 518 256 190 264 172 48 326 197 325 374 220 146 161 78 232 265 352 361 73 457 411 443 386 89 263 409 279 266 542 117 348 136 240 57 229 388 285 338 405 245 202 258 238 86 275 137 243 227 621 495 490 500 172 87 145 123 237 156 148 79 67 463 397 371 407 264 330 40 319 386 348 213 385 465 232 158 366 405 379 130 188 418 135 52 151 222 68 285 89 319 106 436 319 496 143 125 298 243 274 166 377 287 131 205 110 138 263 96 256 81 206 147 214 146 199 58 484 288 308 156 349 331 64 236 241 408 366 284 382 387 205 199 267 317 215 371 78 404 30 91 155 42 39 452 408 171 198 462 439 437 369 369 183 262 293 69 301 235 219 106 360 470 256 308 199 283 151 371 91 176 173 256 87 325 419 404 440 114 388 469 286 170 298 412 397 20 272 100 286 165 403 343 194 191 332 238 256 225 344 154 147 34 202 256 393 405 166 255 121 419 462 194 315 287 82 273 143 379 107 413 341 43 366 164 348 368 422 115 45 406 233 365 222 236 395 300 470 189 246 390 149 239 360 162 343 238 211
225 193 561 221 211 116 205 180 441 467 170 186 23 573 438 229 85 510 609 614 506 356 167 0 443 545 36 584 90 614 558 228 249 222 230 576 428 406 303 419 181 135 491 349 491 540 266 274 146 123 398 389 514 271 193 614 558 609 549 212 310 576 339 430 692 236 506 301 310 126 377 544 452 226 570 401 348 419 391 235 440 53 408 385 616 652 383 660 160 240 259 148 204 169 297 179 210 624 541 333 573 428 496 128 478 552 497 319 539 620 338 149 532 564 535 297 176 585 44 132 280 377 229 174 240 478 270 587 474 650 92 127 465 390 435 331 524 255 270 206 127 81 298 202 419 106 216 138 346 41 348 199 640 394 273 138 226 480 186 363 206 574 533 244 548 541 125 106 201 298 125 325 110 569 157 258 302 130 188 615 575 270 194 607 605 601 532 533 286 301 223 225 458 185 110 265 525 631 422 473 306 435 147 537 245 37 195 339 227 492 579 570 604 270 554 628 446 140 431 570 556 161 148 266 439 315 556 178 59 128 497 360 421 346 498 268 239 197 214 421 556 571 218 176 72 584 624 272 480 172 165 424 234 544 266 580 332 182 533 160 508 531 568 58 212 571 313 531 238 400 559 467 629 341 193 554 227 400 525 328 492 172 300
646 496 223 317 348 424 286 312 62 383 506 365 466 138 601 239 358 142 193 172 174 90 287 443 0 163 460 146 372 171 117 378 395 266 272 485 652 45 343 247 333 333 188 254 108 178 441 309 356 323 105 352 84 529 315 171 360 198 248 312 296 180 465 62 256 318 63 158 428 343 72 306 122 535 148 240 271 47 252 272 75 399 73 60 606 209 769 217 354 204 204 322 393 329 146 334 234 185 365 470 165 61 118 320 249 153 73 363 98 178 373 350 200 122 296 177 357 195 403 337 306 66 254 496 268 42 220 150 266 209 380 341 149 67 32 137 102 412 287 346 332 384 313 249 60 368 336 349 127 411 98 293 197 179 429 358 557 305 314 333 396 229 158 422 155 100 421 485 441 413 434 481 334 151 288 211 266 329 257 182 202 215 349 183 189 168 245 227 357 308 461 265 252 408 449 181 215 190 94 73 358 25 346 137 260 440 320 420 288 130 139 167 172 248 213 185 224 369 343 126 288 302 498 213 15 128 116 607 449 401 192 344 75 340 59 331 359 268 334 71 122 164 284 446 408 167 186 242 89 500 284 274 359 130 242 225 577 262 180 346 68 243 145 386 250 153 235 199 331 187 245 146 187 251 417 132 374 57 121 165 65 425 389
719 635 69 464 495 553 352 449 120 312 640 508 568 95 579 317 463 35 76 145 315 210 379 545 163 0 569 111 491 150 115 528 547 408 330 386 809 205 348 197 473 417 87 248 61 26 459 332 489 437 148 316 93 677 376 170 242 71 109 364 456 32 457 129 266 358 136 246 429 427 225 183 94 676 64 204 262 149 220 327 114 510 147 193 767 191 817 177 491 315 345 451 539 466 274 396 346 136 256 628 42 132 52 418 159 24 195 360 164 187 361 483 62 130 175 249 497 40 511 420 326 204 322 631 322 126 280 199 180 210 502 467 87 226 144 215 208 565 317 492 455 502 472 376 141 451 483 480 284 521 242 360 193 342 583 490 695 218 379 310 542 70 14 573 16 166 552 560 585 570 564 638 444 56 391 287 285 418 361 111 38 363 493 246 71 99 116 93 368 467 607 330 176 551 576 288 86 148 125 93 361 188 478 31 315 551 462 409 341 53 121 34 101 293 61 164 158 502 286 144 155 387 628 282 178 259 170 720 566 533 86 321 132 325 166 354 390 350 481 134 92 40 429 586 494 62 128 395 78 635 405 219 392 51 292 63 588 369 36 482 118 115 227 492 334 58 394 62 482 167 99 84 163 250 561 65 409 166 45 218 189 565 394
232 161 588 213 199 93 235 179 462 501 136 172 27 592 472 256 106 534 631 632 511 374 193 36 460 569 0 602 92 631 576 211 229 224 260 611 395 421 338 450 174 166 518 380 514 565 301 307 138 137 421 423 534 239 226 630 591 632 578 245 302 599 374 451 705 270 522 323 345 157 392 575 476 192 591 432 380 439 423 266 462 61 429 402 593 668 395 677 151 259 268 150 185 164 314 213 228 643 574 308 595 449 520 153 508 575 510 354 554 635 373 143 558 581 566 321 164 609 58 163 314 394 257 140 270 497 298 600 505 665 89 129 491 403 454 354 536 234 302 194 133 81 289 213 440 139 206 134 356 49 363 230 656 397 250 131 191 512 218 397 186 601 557 222 571 556 103 135 175 277 100 299 127 590 179 284 334 159 209 635 600 275 183 618 626 621 560 561 321 292 195 254 489 164 82 285 553 649 445 493 341 450 142 560 275 21 189 375 259 516 597 593 624 300 581 645 476 130 465 586 586 189 113 292 455 331 571 151 30 111 524 394 443 380 513 302 274 225 204 442 575 594 217 149 107 606 643 273 502 139 177 455 269 566 295 606 363 202 559 153 526 560 579 78 238 593 312 557 228 428 587 492 646 373 170 575 262 419 547 354 506 149 335
777 641 177 461 492 569 409 457 146 420 651 510 606 16 678 367 499 127 72 37 239 228 422 584 146 111 602 0 516 41 29 521 536 411 391 497 788 189 434 296 479 466 193 334 116 137 542 410 501 466 199 415 70 672 437 59 353 83 219 429 431 98 550 157 157 429 85 287 518 476 217 294 167 680 48 299 350 164 315 390 151 542 180 201 704 85 890 80 500 344 350 467 537 475 290 457 375 41 367 604 75 159 119 458 267 87 130 449 80 76 454 495 173 33 287 299 502 111 545 470 405 209 378 641 385 106 338 94 287 100 525 486 176 211 149 259 128 553 391 490 477 528 449 394 166 501 479 495 270 554 244 417 83 300 569 503 702 327 438 405 540 173 119 564 95 81 566 616 585 550 579 617 476 56 427 337 363 463 396 38 133 359 494 140 72 30 227 204 452 444 604 387 281 553 594 319 197 49 175 117 448 162 491 86 377 583 465 502 405 134 13 83 32 359 169 56 259 515 390 43 265 435 643 335 154 272 76 751 593 547 193 417 169 418 108 433 466 398 478 168 30 76 429 591 543 59 41 384 117 645 428 321 467 65 356 162 676 402 147 491 77 226 130 527 381 54 372 173 473 253 207 172 56 335 562 49 484 184 85 276 128 570 481
315 168 516 132 127 72 185 90 379 466 160 105 107 507 490 190 52 456 549 544 419 289 130 90 372 491 92 516 0 543 489 151 175 133 208 582 396 332 308 393 93 125 448 327 433 490 303 269 60 55 343 389 448 236 187 541 540 550 511 206 221 520 373 368 614 235 435 245 338 122 303 517 399 209 508 374 331 355 368 214 380 37 347 316 543 580 472 589 75 176 176 59 132 79 226 181 145 556 527 269 514 366 440 93 448 494 420 328 465 546 348 62 486 494 508 248 93 531 48 125 275 307 198 155 218 410 233 510 448 576 14 38 417 313 368 277 445 186 258 121 41 12 210 123 357 118 130 49 265 49 274 182 566 306 206 52 219 461 177 361 135 528 479 178 492 466 77 185 147 225 86 265 52 507 106 214 284 113 132 550 523 183 110 527 544 536 495 492 296 213 173 198 430 120 89 203 483 562 366 411 315 360 58 479 220 71 106 362 212 438 510 512 539 244 508 557 414 59 425 498 524 135 143 225 366 244 482 235 77 66 454 361 361 347 424 271 252 163 127 360 490 513 128 130 115 523 557 183 420 157 88 403 248 483 237 532 395 123 484 73 439 494 488 48 172 510 223 485 152 362 518 418 558 319 131 491 246 335 465 282 415 117 318
811 661 213 480 511 593 445 480 182 460 674 530 636 58 719 402 529 168 98 7 233 258 455 614 171 150 631 41 543 0 58 538 552 432 428 536 798 212 474 337 500 499 234 375 157 176 581 449 525 494 237 456 106 688 473 23 391 109 256 466 443 133 591 192 116 467 109 320 559 509 241 332 207 700 86 340 391 197 356 426 189 570 215 229 698 44 927 46 522 374 373 493 556 498 318 493 404 28 406 615 111 194 160 489 308 126 138 490 85 40 494 519 212 50 325 334 523 144 574 503 444 237 413 663 422 136 375 73 328 59 551 512 217 232 180 294 127 569 430 510 503 555 462 420 201 535 498 519 289 582 269 453 42 308 583 528 723 367 473 446 559 208 159 580 134 85 590 650 604 562 603 629 505 94 458 371 402 496 427 51 168 380 514 113 99 55 266 243 492 456 622 423 322 573 619 350 236 24 213 155 488 184 515 127 414 611 486 543 442 176 38 120 54 397 206 16 300 538 431 46 302 468 667 371 177 300 73 778 621 570 233 457 205 458 123 472 504 432 497 204 69 113 450 612 576 93 37 402 156 667 455 362 505 106 393 197 716 432 186 514 106 265 114 557 415 92 386 212 491 293 244 213 16 375 581 90 522 216 126 313 139 591 521
754 612 184 432 463 541 387 429 125 414 623 481 580 29 666 344 472 123 94 57 216 202 397 558 117 115 576 29 489 58 0 492 507 382 370 498 759 161 418 287 450 442 189 320 105 140 525 392 473 439 179 405 49 643 415 67 356 104 224 408 402 109 536 134 166 409 56 262 503 452 189 297 153 651 58 288 336 140 303 369 131 515 157 174 679 101 869 103 471 318 321 440 508 447 262 435 348 68 369 576 86 136 110 432 263 92 103 435 55 81 440 467 175 15 289 276 473 124 518 446 387 181 355 613 364 79 317 84 283 110 497 459 167 182 123 236 104 524 373 462 449 500 421 366 143 477 450 467 241 527 216 395 95 272 540 475 673 323 415 393 511 182 120 535 99 57 538 593 556 521 551 589 449 66 401 314 346 439 370 67 143 330 465 131 93 57 230 207 435 415 575 365 276 524 566 293 198 73 156 98 433 134 463 86 356 556 436 489 384 126 21 94 59 339 175 74 252 486 383 29 269 410 615 313 126 245 57 724 566 518 190 404 147 405 79 415 447 375 449 146 23 87 401 563 518 75 69 355 101 616 400 312 448 64 335 172 659 376 149 463 50 229 114 501 357 66 343 175 444 239 213 163 74 319 533 51 465 159 79 255 100 542 465
441 133 570 64 36 119 304 97 408 580 156 46 236 516 638 288 198 497 570 541 358 318 245 228 378 528 211 521 151 538 492 0 26 122 322 699 287 333 435 483 74 262 508 428 467 534 449 391 92 174 391 508 462 151 316 530 634 574 576 333 113 551 516 399 583 362 435 306 479 262 307 600 447 165 526 465 436 379 463 327 414 183 382 335 392 566 605 582 78 239 183 123 29 89 257 316 216 557 625 125 540 396 476 223 528 524 401 458 453 529 477 93 540 492 589 321 60 565 195 263 395 324 303 143 330 420 326 488 534 556 141 128 470 311 387 334 420 42 374 41 141 155 94 172 387 265 46 107 251 191 286 303 551 244 64 100 191 555 306 479 29 580 518 46 524 454 110 332 71 74 117 127 183 528 215 299 392 248 224 558 565 165 48 491 566 546 563 554 428 99 85 308 515 52 139 262 544 560 408 437 444 359 99 508 329 195 75 499 332 480 511 540 549 348 560 549 493 91 536 492 599 259 160 313 367 269 467 300 182 100 514 482 397 469 415 399 388 273 49 394 499 539 101 90 266 544 561 136 450 147 165 499 384 505 338 580 546 214 531 84 445 561 456 199 273 530 155 539 47 437 579 470 551 420 54 509 386 361 493 353 400 74 454
457 132 591 87 62 136 330 123 428 606 159 71 255 532 663 313 223 517 588 556 364 339 271 249 395 547 229 536 175 552 507 26 0 145 348 725 264 350 461 507 100 288 531 453 487 554 475 417 118 200 413 534 479 136 342 543 659 592 598 360 117 571 542 419 592 388 451 330 505 288 325 623 468 159 544 490 462 399 488 354 434 205 403 354 369 579 623 596 103 263 205 149 45 116 279 342 241 573 650 99 558 416 496 249 552 543 415 484 467 542 503 119 562 507 613 345 86 585 217 289 421 344 329 145 356 437 352 500 558 568 165 154 492 328 406 357 432 18 400 67 167 178 97 197 407 290 70 132 268 213 306 330 563 253 39 125 186 580 332 505 43 601 538 28 543 468 126 354 72 50 132 101 208 546 242 325 418 274 250 574 585 184 74 500 584 562 585 577 454 103 77 335 540 66 154 286 566 575 430 456 471 375 125 527 355 214 101 525 358 500 527 559 565 374 582 563 517 115 562 506 623 285 167 338 384 291 481 307 200 120 537 508 418 495 430 425 414 299 73 415 516 558 124 96 290 562 576 153 469 150 191 524 410 524 364 601 570 240 552 110 462 584 466 222 299 548 167 561 66 461 602 492 565 445 62 527 412 381 511 377 414 85 480
447 230 448 58 87 164 206 49 289 469 241 100 240 404 564 178 152 377 455 435 287 198 153 222 266 408 224 411 133 432 382 122 145 0 219 588 409 221 335 364 68 187 386 313 348 413 373 290 95 111 269 401 348 269 226 427 515 458 454 240 110 433 432 280 492 267 326 185 392 191 193 479 326 270 411 347 323 261 346 224 294 169 262 217 470 465 600 478 90 120 63 75 131 67 136 232 103 449 507 239 423 276 356 149 407 406 300 359 350 429 378 89 419 384 468 201 91 447 179 190 293 207 197 231 225 307 212 390 413 458 135 96 349 200 270 212 323 163 270 84 95 144 110 60 268 205 76 93 144 182 169 208 450 173 183 99 291 437 217 372 134 458 398 168 405 351 159 306 177 180 172 244 125 413 126 184 282 174 121 447 445 54 85 402 451 434 441 432 332 110 199 204 395 143 190 142 422 453 287 319 347 249 87 390 223 203 54 407 232 359 403 423 437 238 439 445 372 108 424 386 477 172 235 198 257 149 365 357 204 140 392 376 277 364 310 302 299 172 73 274 387 422 21 181 226 429 451 50 331 235 75 382 296 389 227 459 488 112 410 83 334 439 364 170 167 415 92 418 82 316 457 349 446 305 153 394 302 242 375 233 298 160 362
389 376 336 268 286 281 25 225 245 260 367 281 252 378 361 45 162 295 401 426 401 186 80 230 272 330 260 391 208 428 370 322 348 219 0 378 597 252 117 190 248 95 266 120 284 321 178 71 241 158 192 186 322 441 46 434 333 399 321 39 326 362 223 235 526 54 328 116 183 104 230 314 237 417 367 171 123 233 163 6 240 210 213 216 688 470 499 471 251 114 191 201 316 233 161 66 117 431 319 447 363 234 286 115 248 341 341 141 369 444 160 237 307 380 306 95 266 369 206 98 74 214 24 363 10 295 53 422 245 475 222 205 245 245 251 136 371 364 52 281 190 215 328 159 227 126 280 226 236 218 204 31 462 321 386 236 427 254 49 157 319 349 317 362 336 371 285 229 347 392 294 449 157 364 108 64 76 102 99 417 355 221 274 454 396 402 302 305 116 327 373 14 228 314 296 114 298 440 217 274 129 275 230 329 16 247 248 191 17 278 390 359 405 40 330 443 217 250 218 389 326 74 349 59 275 173 386 407 267 270 271 160 223 147 331 84 94 49 277 224 362 362 235 335 168 378 429 251 277 365 157 196 93 340 38 356 312 109 312 243 324 302 416 187 52 367 286 306 295 172 331 247 444 113 326 353 106 217 319 116 334 318 148
630 749 325 642 663 653 399 602 424 120 736 659 594 481 302 412 531 375 448 530 660 454 458 576 485 386 611 497 582 536 498 699 725 588 378 0 975 502 275 244 626 457 310 276 401 360 331 313 619 535 387 193 461 817 395 556 148 437 281 375 686 404 269 423 651 347 498 418 280 463 501 204 366 788 450 256 265 441 250 373 411 575 417 466 1046 575 647 557 629 469 544 580 694 611 482 403 486 519 130 824 425 425 392 489 239 410 549 257 537 573 238 615 324 513 211 395 645 396 568 458 307 473 396 734 370 472 376 581 220 595 595 583 342 513 453 403 572 741 326 658 568 587 693 530 427 474 656 604 544 579 494 401 578 632 763 614 795 181 405 221 698 333 378 741 402 540 659 517 724 767 667 826 532 442 487 405 307 469 475 493 371 575 652 628 444 483 270 293 290 690 751 391 233 692 665 453 300 531 392 426 271 506 609 413 370 604 624 245 371 376 506 416 484 351 330 549 262 628 164 527 237 448 715 390 498 482 549 737 627 646 308 221 411 234 522 312 338 427 653 416 476 423 607 711 504 444 510 609 413 735 535 219 342 435 362 345 386 485 350 621 483 271 603 550 426 444 634 324 668 305 294 345 548 284 704 449 350 443 419 371 541 695 278
