NAME : X-n280-k17_SARP
COMMENT : Curated from VRPLIB to SARP
TYPE : SARP
DIMENSION : 279
EDGE_WEIGHT_TYPE : EXPLICIT
EDGE_WEIGHT_FORMAT : FULL_MATRIX
EDGE_WEIGHT_SECTION
0 1150 1077 1166 631 917 722 680 490 1271 616 617 908 454 96 511 879 977 615 710 940 1095 578 867 1031 340 499 425 555 549 739 336 1274 299 1161 534 563 384 148 945 912 1019 792 913 624 1046 986 1141 651 340 580 867 1075 916 734 541 1322 735 799 497 670 1136 1000 966 648 538 688 937 1002 378 1122 651 636 1039 246 942 863 742 783 942 963 376 388 394 326 1211 531 683 645 978 485 638 152 1015 1181 772 669 1216 360 797 789 711 758 974 817 980 589 358 935 853 1131 1046 415 950 585 1225 117 229 1129 1198 872 996 795 715 851 749 1293 559 1003 659 410 1100 1023 693 709 973 930 163 482 1327 944 514 448 922 1225 555 1040 731 970 784 626 605 434 981 848 956 1142 773 959 239 940 1030 1144 1026 954 624 347 207 789 832 613 965 1011 1208 196 342 827 889 448 295 658 569 918 204 1154 759 890 430 1008 856 887 994 895 718 1231 216 162 790 550 335 172 1002 196 960 1036 962 510 378 943 695 956 662 333 434 972 525 1089 673 583 1204 898 1029 373 1065 873 197 630 501 770 1308 488 264 590 784 1001 691 615 855 527 159 458 926 649 710 670 1278 1154 1075 571 1167 863 985 676 1315 779 1163 1223 622 893 527 718 431 831 529 975 1000 659 1124 740 583 768 838 561 1026 881 552 1013 1104 1048
1150 0 99 93 637 285 432 482 789 337 554 624 394 780 1073 772 532 188 647 613 354 345 571 361 458 863 657 860 746 823 693 819 289 851 234 616 919 797 1006 485 330 287 367 586 528 527 355 148 507 827 623 482 121 639 870 621 261 653 563 800 513 281 437 822 807 836 470 686 240 862 254 673 605 212 904 234 676 418 419 266 372 797 826 767 921 179 732 471 705 628 667 797 1016 343 125 486 566 126 804 354 376 443 622 344 692 207 583 975 668 913 134 253 735 212 602 76 1033 960 22 282 525 322 540 440 368 690 225 692 229 500 795 382 145 678 536 886 804 987 676 284 378 767 877 249 263 843 267 783 254 400 766 546 716 305 816 630 71 428 190 926 565 171 190 236 424 567 804 973 713 775 656 228 308 59 963 867 603 262 711 895 868 735 253 1014 353 521 263 724 470 298 317 494 356 463 304 936 993 360 607 818 1055 524 955 635 161 189 644 803 227 826 943 665 817 757 267 625 555 620 667 62 838 523 777 85 628 953 697 906 926 222 686 898 619 385 381 726 905 523 688 1007 722 391 705 908 538 144 132 197 726 93 311 580 482 206 435 391 145 735 911 738 842 919 906 635 497 244 602 368 606 808 626 531 723 500 927 610 287 163 548
1077 99 0 91 542 272 372 426 747 422 471 586 294 731 997 680 434 100 553 515 363 395 501 347 493 780 593 813 710 791 594 743 379 780 306 547 890 738 931 389 231 316 315 600 463 564 378 219 448 763 576 483 27 542 860 561 359 554 464 707 466 343 465 840 787 802 391 703 258 810 314 646 511 117 833 214 683 337 387 260 389 716 772 689 866 268 640 411 608 652 592 775 939 373 212 389 531 222 725 294 292 366 611 247 692 202 500 927 572 915 203 289 662 128 552 162 961 880 89 358 426 226 441 362 271 590 322 600 130 443 740 432 142 659 506 903 818 914 613 381 280 674 835 159 346 812 302 772 154 310 741 479 645 207 820 534 65 336 134 849 583 72 260 140 442 479 734 908 709 777 562 221 336 151 895 783 504 205 633 814 850 700 225 953 415 501 188 648 500 222 300 521 257 375 385 862 918 299 544 751 992 431 881 540 179 124 568 721 137 811 956 569 744 673 168 555 598 593 575 133 847 556 705 59 636 880 601 870 919 321 604 821 530 339 409 709 881 424 600 939 639 400 680 895 447 242 98 241 690 180 222 605 424 305 341 453 240 708 918 697 831 876 906 576 403 146 507 424 508 779 617 529 686 533 933 530 192 219 585
1166 93 91 0 616 351 463 517 837 425 556 675 347 822 1085 756 478 189 628 580 433 437 591 427 548 864 683 904 799 879 651 831 375 870 328 638 977 829 1019 423 294 373 405 668 554 617 440 241 540 854 666 557 91 577 941 652 334 613 520 783 556 374 524 906 871 890 478 770 321 901 347 732 587 158 922 295 755 424 474 336 454 802 863 776 958 268 717 502 675 714 680 860 1026 430 215 458 619 208 812 385 378 455 691 287 768 276 585 1018 603 991 227 341 750 217 642 108 1049 965 103 374 473 262 500 451 343 646 300 677 187 534 831 474 212 743 593 970 887 1002 704 360 325 750 925 244 352 900 355 853 218 391 827 570 734 252 894 563 31 414 224 936 649 140 283 181 507 561 824 998 787 853 636 296 394 109 985 867 553 295 720 899 934 789 309 1044 446 585 278 736 558 311 381 581 320 458 394 950 1006 390 635 841 1083 453 970 568 239 215 656 806 223 894 1026 636 833 757 226 645 646 679 651 75 919 612 795 129 708 969 670 959 999 291 689 908 610 429 468 792 967 474 680 1029 723 470 766 977 526 198 42 287 779 185 306 666 515 267 416 484 228 794 991 787 912 966 982 667 430 198 580 461 569 866 697 605 775 589 1006 616 227 254 638
631 637 542 616 0 532 347 364 563 886 161 502 294 512 537 143 248 449 16 83 620 760 269 537 775 292 336 585 578 652 162 326 863 392 756 289 748 447 487 314 324 657 398 761 306 828 669 696 346 433 445 642 529 307 829 353 875 131 169 169 414 760 735 954 716 655 229 846 608 544 734 596 40 463 430 517 783 254 475 550 657 265 504 265 572 766 108 338 91 839 244 700 479 689 718 161 495 743 287 372 277 260 652 364 758 551 153 657 334 938 681 663 292 428 416 704 528 404 620 808 241 389 164 256 272 169 839 73 430 353 481 786 559 642 513 999 918 481 352 891 329 138 624 389 817 675 667 760 398 241 663 293 302 382 869 342 602 209 472 395 768 477 720 444 685 117 370 535 752 830 21 549 663 693 501 291 206 427 235 336 774 580 495 592 812 560 392 263 763 360 520 766 300 192 843 428 473 364 331 393 619 371 451 348 592 465 230 258 410 767 1024 64 345 203 392 280 877 564 49 675 919 812 335 558 757 456 73 692 893 845 180 374 81 419 700 682 772 223 109 541 192 633 625 840 111 781 590 660 571 692 328 813 351 837 202 840 757 630 963 540 796 653 919 363 344 422 36 797 114 666 666 652 558 796 966 187 415 670 842
917 285 272 351 532 0 211 240 512 370 395 345 422 510 852 638 550 228 536 547 108 228 358 76 267 677 419 585 465 540 649 605 361 621 248 393 634 543 782 539 350 125 142 335 304 333 146 226 269 581 354 212 292 671 590 376 404 604 539 665 250 235 229 575 522 552 309 439 87 595 214 388 493 341 673 59 412 279 141 25 144 602 563 566 656 295 598 243 620 396 462 512 799 160 270 432 286 308 602 161 266 276 340 418 420 79 420 702 706 644 219 137 518 215 339 355 802 756 265 292 540 412 512 278 339 649 376 561 323 260 532 255 141 393 253 637 551 760 435 411 432 633 599 237 313 559 137 502 315 311 481 326 494 383 548 679 320 347 155 714 323 289 227 352 190 427 572 725 437 506 546 58 131 334 723 683 595 129 513 699 584 453 57 760 280 235 185 516 264 198 33 278 367 342 327 715 771 169 369 582 801 603 730 686 131 172 443 612 235 543 687 583 597 579 334 405 376 335 543 347 578 321 552 222 366 726 604 623 648 392 506 686 482 137 181 442 619 528 539 765 541 139 420 626 421 379 369 158 444 264 257 354 246 403 366 307 311 450 647 461 561 641 634 388 566 336 504 265 556 523 346 257 442 299 661 427 391 188 352
722 432 372 463 347 211 0 58 385 581 193 240 350 362 651 435 441 279 347 382 279 430 149 194 430 466 225 446 360 444 486 399 571 423 458 188 548 367 581 457 300 332 71 422 98 481 330 423 77 395 213 298 377 555 564 190 607 444 403 460 113 446 389 635 467 453 120 515 297 439 425 324 306 374 475 223 460 123 129 234 315 392 401 356 495 495 396 39 438 499 252 452 595 353 460 293 200 495 392 78 149 93 340 382 445 261 215 557 590 653 412 348 313 252 185 508 605 548 410 503 429 390 376 99 254 489 576 362 341 72 369 451 301 356 197 687 602 561 245 616 376 430 472 239 523 467 348 481 315 187 414 118 290 362 569 574 435 214 243 508 426 344 433 371 339 231 374 541 447 526 357 249 333 489 532 472 462 170 302 489 532 353 198 583 486 230 188 307 417 161 189 419 302 176 538 513 569 73 175 388 623 530 530 581 316 249 232 401 255 506 723 405 393 368 327 199 530 276 348 489 612 466 350 348 426 527 419 516 629 589 295 480 283 77 358 405 551 412 334 576 330 288 359 589 241 556 462 364 343 445 203 470 53 594 235 509 503 379 669 338 531 512 637 205 491 347 324 466 399 441 352 314 335 449 677 217 386 388 496
680 482 426 517 364 240 58 0 327 605 204 184 402 305 613 435 485 336 362 410 288 444 126 204 427 444 180 389 303 386 513 366 601 382 487 154 490 315 543 507 356 352 115 397 70 472 339 461 30 347 155 280 433 596 513 140 643 472 441 459 60 470 387 598 413 396 150 484 326 383 451 271 325 432 434 263 424 170 124 264 321 368 346 330 441 532 398 30 455 475 227 398 559 365 501 334 150 537 365 132 202 133 298 438 405 300 219 501 631 606 451 374 279 308 127 557 564 518 460 529 473 447 415 140 307 517 613 368 399 21 314 461 346 306 154 648 564 522 198 650 430 430 414 297 552 410 371 432 373 237 360 92 254 419 525 618 489 259 295 475 405 401 466 429 336 247 333 493 404 483 371 286 350 538 487 451 500 223 279 463 477 296 238 533 502 196 245 279 411 219 212 410 356 214 564 475 531 129 130 345 574 580 491 625 356 303 211 379 313 453 680 426 357 353 385 167 521 225 357 540 571 455 312 400 395 487 435 458 578 628 282 447 293 104 364 354 495 456 333 530 316 290 306 536 267 601 518 397 286 488 260 451 13 635 280 521 543 324 624 280 480 455 589 154 541 405 347 479 430 384 311 288 277 441 631 209 444 424 485
490 789 747 837 563 512 385 327 0 821 430 167 710 58 465 549 762 661 552 637 496 638 319 444 555 443 229 77 65 93 725 327 835 280 730 282 185 151 403 801 675 583 432 425 319 561 535 733 313 199 172 397 756 856 293 226 899 694 699 560 281 693 528 494 183 93 438 448 586 112 686 164 536 759 305 556 373 479 372 535 510 383 111 350 169 797 531 350 638 488 321 168 435 564 780 611 226 819 361 457 520 438 270 756 328 588 422 192 888 416 729 616 292 634 200 862 399 442 768 756 752 767 679 445 621 732 875 524 726 315 107 636 645 203 262 515 456 378 211 898 742 547 88 624 789 114 607 257 699 545 144 316 271 741 381 886 807 557 613 392 453 727 725 756 489 469 253 285 302 355 558 569 570 842 309 451 753 542 345 428 224 80 536 293 696 299 571 319 531 546 479 513 671 500 786 362 399 455 250 240 333 873 362 892 643 623 333 399 640 237 516 625 301 420 710 288 602 197 530 850 434 544 272 713 383 351 616 136 350 895 393 374 483 408 541 203 212 732 474 335 401 473 158 291 512 890 841 659 83 775 585 496 333 910 575 698 820 133 450 51 266 130 394 212 836 731 565 663 666 117 280 359 77 544 446 380 768 695 561
1271 337 422 425 886 370 581 605 821 0 761 663 701 836 1213 1002 842 471 892 886 332 184 727 405 294 1047 780 898 762 818 979 971 56 981 130 759 890 888 1142 806 629 254 511 460 673 335 288 205 635 931 692 427 448 957 782 735 141 936 856 1029 603 136 305 645 763 832 673 529 285 922 156 666 848 539 1031 371 557 635 490 347 312 971 897 934 983 158 962 612 968 458 831 759 1162 258 212 760 607 218 970 525 609 640 574 665 593 335 787 1012 988 778 222 233 885 481 686 333 1159 1123 337 79 834 646 830 641 647 978 153 924 546 626 869 194 334 646 567 707 643 1119 794 119 694 997 901 520 76 831 235 707 562 648 740 694 859 624 687 953 407 684 423 1080 428 488 171 561 335 789 932 1071 623 657 902 340 260 322 1075 1052 904 459 882 1068 810 748 394 1098 130 523 498 884 318 527 394 344 654 695 43 1077 1132 533 732 940 1140 853 1090 959 296 434 812 982 504 758 772 930 960 949 579 772 333 624 903 358 688 342 915 372 514 1085 955 902 821 176 876 1052 844 506 281 680 858 827 905 1115 911 349 687 826 776 262 467 226 741 244 570 414 613 212 698 144 199 720 762 772 764 940 779 745 823 563 854 165 887 791 571 472 745 327 782 796 613 221 351
616 554 471 556 161 395 193 204 430 761 0 346 306 385 531 244 333 371 158 217 472 620 115 387 622 309 203 465 434 513 316 281 744 332 633 148 613 340 468 378 297 519 254 600 146 672 522 585 184 343 292 483 465 427 678 207 768 278 270 270 253 629 582 794 568 518 89 685 477 434 605 440 123 423 381 391 622 136 319 415 508 246 393 222 475 657 204 179 252 679 141 552 472 545 614 186 335 644 257 236 179 121 492 366 598 428 29 555 460 784 571 531 211 344 262 628 502 409 535 682 323 386 250 121 236 322 735 169 387 192 365 642 450 485 352 840 758 454 223 781 342 238 501 312 697 537 532 606 354 168 514 133 205 367 712 456 535 158 370 381 608 418 602 410 531 45 293 473 593 671 168 421 522 613 449 313 325 311 169 343 628 434 367 526 674 399 292 189 609 257 377 610 283 102 717 400 454 227 183 314 560 448 421 463 476 368 117 250 334 617 867 224 288 202 356 144 721 406 155 603 760 656 259 470 596 422 231 564 743 744 133 354 90 269 551 527 632 303 145 494 168 481 472 693 82 693 541 537 425 592 250 654 191 742 168 699 655 480 807 399 645 536 765 220 413 384 148 656 242 522 505 492 412 641 811 66 399 553 686
617 624 586 675 502 345 240 184 167 663 346 0 586 173 573 531 660 505 495 563 334 482 233 277 414 476 190 241 124 206 662 369 674 350 566 218 309 234 504 688 540 419 275 314 206 434 375 567 181 283 60 249 597 766 334 155 734 624 608 549 128 532 382 460 230 217 323 372 419 259 523 94 467 609 393 390 300 353 205 368 351 402 234 363 320 631 502 213 588 390 288 214 530 405 613 507 59 652 388 305 387 313 168 622 266 422 349 358 800 438 562 452 299 479 86 696 512 513 602 595 649 630 585 321 492 667 710 483 577 180 208 485 480 140 97 500 423 479 188 734 614 528 254 474 627 229 443 260 554 420 176 214 270 602 368 791 645 440 452 463 336 572 559 608 337 390 306 412 254 329 503 402 408 676 423 484 666 383 332 478 293 115 371 436 541 142 418 316 392 397 312 379 540 389 626 447 496 304 174 305 477 761 455 798 476 463 288 418 487 274 522 566 348 416 566 230 480 70 481 685 418 417 306 549 288 447 566 284 400 729 364 439 422 247 386 181 310 631 437 459 386 314 126 354 424 723 682 493 105 608 443 383 194 744 460 547 653 140 461 116 301 296 419 151 722 585 494 509 588 200 181 223 100 411 465 318 626 528 439
908 394 294 347 294 422 350 402 710 701 306 586 0 674 817 437 141 230 309 241 529 627 397 467 688 576 497 758 699 782 304 579 664 635 575 442 886 642 760 117 74 526 347 738 392 754 567 496 406 649 548 608 273 257 914 486 652 267 173 462 461 598 651 969 815 790 273 839 465 733 568 673 277 189 682 377 795 234 450 428 566 532 692 517 778 556 402 373 336 808 447 800 758 576 501 137 550 515 549 309 201 274 684 70 786 397 328 855 290 1000 479 515 516 225 516 448 797 687 383 629 133 96 154 267 96 300 616 364 165 406 662 661 372 705 545 1025 939 749 519 674 37 431 790 190 626 806 525 831 141 167 762 395 511 96 914 259 341 154 290 669 733 223 531 165 610 287 599 778 792 870 314 405 541 442 752 577 209 292 469 618 879 694 366 831 664 570 236 493 685 229 429 698 55 214 661 694 746 306 463 620 865 185 717 266 414 275 423 530 201 855 1066 299 590 475 126 442 798 625 338 416 954 742 564 332 755 719 335 846 978 615 422 644 318 380 601 755 895 130 384 796 450 557 708 938 239 534 314 489 684 471 168 769 392 599 139 699 533 726 1015 670 881 828 985 502 147 150 260 662 225 783 695 639 674 721 1024 372 125 482 773
454 780 731 822 512 510 362 305 58 836 385 173 674 0 421 493 718 641 500 588 506 654 278 446 580 385 182 85 109 150 673 270 846 224 738 237 237 95 356 760 643 591 416 461 286 592 548 735 287 144 157 418 738 808 351 188 905 643 652 503 267 705 551 547 239 149 401 493 588 86 695 198 486 735 253 550 418 446 368 534 524 325 65 293 148 800 475 325 584 528 268 225 387 578 780 568 230 818 303 438 489 405 305 722 374 584 374 196 839 473 728 623 236 614 179 854 355 388 758 767 708 736 634 412 586 680 880 469 701 291 51 656 638 244 269 570 509 330 162 906 707 491 117 600 799 171 615 311 673 510 198 280 216 711 435 839 793 520 598 338 486 706 729 730 508 422 196 247 350 407 506 565 580 834 265 394 705 526 289 372 282 121 528 264 713 314 550 263 557 523 477 541 637 461 799 310 351 434 211 183 306 831 312 845 639 607 283 342 617 294 573 573 243 363 682 241 635 220 477 840 488 575 214 701 422 302 562 181 408 899 339 319 432 395 558 252 268 688 420 296 345 486 201 349 467 888 823 662 121 773 557 532 309 912 536 718 821 181 507 75 323 154 451 172 795 705 516 681 616 175 316 385 109 573 503 331 738 696 594
96 1073 997 1085 537 852 651 613 465 1213 531 573 817 421 0 415 784 897 521 615 883 1040 504 807 986 245 434 410 528 536 643 255 1212 232 1099 463 568 339 70 851 824 959 721 879 552 1006 931 1073 583 289 529 820 994 820 732 478 1256 640 704 401 610 1077 952 955 636 527 607 913 938 356 1061 618 543 954 182 873 838 661 723 877 909 287 356 309 315 1144 436 613 549 948 406 625 60 960 1111 681 619 1146 274 724 707 631 724 885 793 911 503 368 839 855 1063 984 339 870 530 1149 68 134 1053 1138 778 907 701 635 764 653 1225 464 918 592 373 1049 951 664 659 968 918 94 419 1263 854 419 440 841 1163 546 980 717 885 699 608 532 361 892 838 860 1062 686 883 150 904 948 1079 940 905 536 281 186 767 818 519 898 953 1132 157 247 731 814 364 201 656 541 848 210 1099 712 812 350 964 777 823 951 806 632 1172 138 81 717 483 274 195 907 122 864 966 885 430 287 862 687 958 567 257 342 886 452 1051 633 489 1126 890 989 301 988 843 128 535 502 775 1239 400 177 499 717 948 669 618 761 435 138 369 873 621 713 581 1205 1071 1010 541 1095 780 950 608 1245 691 1111 1153 598 893 495 712 432 832 467 881 915 566 1071 645 570 735 796 530 984 883 469 925 1037 1010
511 772 680 756 143 638 435 435 549 1002 244 531 437 493 415 0 376 584 129 207 714 863 316 629 861 175 344 552 579 642 230 250 984 319 874 315 727 410 375 446 466 763 497 822 367 907 765 821 410 381 471 714 668 405 835 376 1002 225 297 27 473 872 821 991 721 642 330 897 719 502 848 620 169 606 344 632 828 369 557 659 750 183 467 204 515 892 41 415 134 901 243 705 360 788 846 304 541 873 208 479 402 363 695 507 797 668 220 601 425 953 806 774 257 561 447 842 418 282 755 924 371 533 299 362 413 239 968 81 572 419 451 885 684 670 566 1029 954 374 352 1017 472 6 593 524 937 663 775 778 539 373 670 348 279 526 895 445 741 345 599 286 834 617 841 586 770 214 315 450 785 859 123 663 766 829 410 171 317 547 206 220 772 585 608 507 918 619 519 230 846 485 621 845 443 314 959 325 361 470 360 336 527 496 348 449 714 594 244 169 545 775 1045 154 275 131 534 302 956 599 105 813 947 891 285 691 809 356 120 665 896 975 167 271 158 512 793 703 760 355 102 445 149 722 644 839 235 915 732 777 578 822 461 881 423 970 340 943 886 642 981 539 804 614 931 381 473 564 178 900 235 662 708 715 564 877 981 227 558 791 919
879 532 434 478 248 550 441 485 762 842 333 660 141 718 784 376 0 371 264 169 656 763 444 587 816 539 536 798 762 843 188 570 805 634 716 481 945 669 735 74 213 661 456 852 455 881 696 637 480 665 614 722 411 121 994 537 792 163 80 396 544 737 778 1074 889 848 337 950 601 765 708 752 251 323 675 510 899 317 557 559 693 512 724 508 801 697 349 454 251 925 463 873 727 708 642 153 634 655 533 419 301 352 780 191 885 533 346 884 156 1091 620 652 524 364 582 583 776 651 522 770 11 216 87 344 211 180 756 320 303 483 697 796 512 791 637 1127 1042 728 556 814 155 371 835 327 767 867 661 916 282 256 835 452 527 228 1009 134 476 227 428 643 850 362 672 299 735 298 606 778 887 966 266 540 674 578 746 538 78 421 470 583 952 760 497 834 803 670 367 497 812 352 553 823 190 272 801 675 721 414 513 629 863 123 698 141 553 413 443 506 340 934 1164 222 587 450 266 477 926 709 296 550 1053 867 570 473 863 703 258 897 1060 754 416 622 305 488 731 838 960 30 356 787 435 681 786 1014 251 671 442 628 750 611 293 889 472 737 206 837 673 799 1108 729 961 868 1074 551 98 288 224 798 141 849 792 748 738 847 1116 391 251 623 899
977 188 100 189 449 228 279 336 661 471 371 505 230 641 897 584 371 0 459 429 332 404 403 294 481 680 496 725 629 711 515 643 436 681 345 450 813 643 831 340 158 309 230 563 367 551 360 267 356 667 489 438 99 487 798 466 432 473 388 611 381 369 448 803 716 722 290 667 247 718 339 573 416 114 733 172 637 236 316 224 365 616 680 589 773 330 544 317 520 623 492 703 839 363 277 302 453 297 625 204 192 267 550 204 640 179 400 837 520 863 250 292 562 28 463 259 861 779 171 399 362 192 363 262 183 513 396 503 95 351 647 439 143 591 433 863 778 814 517 452 227 578 749 60 396 733 303 710 96 212 668 382 546 164 769 486 165 240 73 748 551 67 301 124 415 380 636 810 654 726 468 193 326 245 796 683 434 124 533 713 780 620 172 856 437 436 91 548 483 123 248 501 183 276 430 762 818 207 448 652 895 395 782 493 185 56 468 621 39 745 913 480 644 573 115 457 590 520 479 232 802 541 606 110 592 781 511 788 859 399 504 721 432 259 394 642 808 356 501 841 538 366 608 830 349 332 183 260 610 248 124 580 332 389 248 473 312 634 870 612 767 790 852 482 361 111 414 438 425 703 558 479 604 518 882 429 166 252 571
615 647 553 628 16 536 347 362 552 892 158 495 309 500 521 129 264 459 0 98 622 764 263 538 776 276 326 572 569 641 172 310 870 377 763 281 737 434 471 330 337 661 400 758 302 828 671 704 342 419 438 641 541 321 820 345 883 144 185 156 411 765 736 949 707 644 230 843 613 530 739 588 44 476 414 522 779 259 475 555 659 249 491 250 558 774 93 336 94 837 232 691 463 692 726 174 490 752 272 376 284 262 647 379 753 557 147 643 349 931 689 668 279 437 409 715 512 388 630 814 257 404 180 259 284 180 848 57 443 350 468 789 567 635 509 993 913 465 341 899 344 124 612 399 824 665 671 753 410 250 654 288 289 396 863 357 613 219 480 379 766 489 727 457 685 116 356 519 746 823 10 554 667 703 485 275 221 434 221 320 764 571 500 576 816 556 400 249 764 368 523 766 313 198 849 412 457 367 323 379 603 387 435 363 599 473 219 242 420 759 1017 73 330 187 405 271 877 558 32 686 912 812 320 568 753 440 73 681 884 854 167 358 73 421 702 675 762 239 94 525 177 634 618 831 116 791 603 666 562 701 337 812 349 847 212 843 765 622 956 530 788 640 911 355 360 434 49 801 130 656 661 650 549 796 958 178 429 677 842
710 613 515 580 83 547 382 410 637 886 217 563 241 588 615 207 169 429 98 0 642 774 332 563 802 370 409 663 648 724 104 409 858 475 756 358 822 527 568 239 286 670 423 803 361 859 690 689 396 515 509 680 499 225 895 421 861 62 90 229 465 765 762 1007 784 728 263 894 616 623 738 658 101 424 513 523 834 272 511 563 681 347 583 348 653 756 180 381 95 881 321 768 558 707 705 128 550 726 370 392 283 290 706 311 812 554 217 738 253 1001 673 671 374 412 479 676 609 481 598 809 164 337 92 285 246 107 825 152 394 402 559 802 553 702 563 1055 972 562 426 880 273 203 701 372 814 748 676 823 364 239 730 350 382 335 928 260 570 203 464 476 808 446 716 402 713 173 453 617 808 887 98 555 678 666 584 369 123 431 317 415 843 649 503 675 822 606 388 345 792 360 540 797 260 210 843 509 553 384 398 475 701 291 532 266 589 454 305 340 391 833 1083 58 428 285 354 351 907 622 130 645 976 844 417 539 804 538 94 769 959 828 262 455 156 448 722 745 844 148 192 624 275 660 689 909 144 757 551 661 640 677 316 852 397 818 188 852 741 696 1024 611 862 732 982 432 267 383 72 811 31 736 719 695 627 826 1028 258 366 666 875
940 354 363 433 620 108 279 288 496 332 472 334 529 506 883 714 656 332 622 642 0 158 413 85 161 731 453 572 440 505 745 647 340 652 234 439 590 556 813 646 458 88 222 237 358 225 51 252 317 600 360 129 386 776 520 408 403 701 641 739 275 199 123 477 469 519 391 340 114 592 190 349 579 443 701 161 323 371 165 108 38 654 566 616 654 306 675 302 709 292 514 461 833 78 301 532 276 339 650 251 364 360 277 526 338 162 494 688 811 559 252 124 562 321 354 413 828 799 336 261 645 519 614 363 445 747 382 641 428 307 537 173 222 341 237 540 456 790 465 402 540 709 579 345 293 521 113 434 422 411 435 379 535 490 462 785 402 446 259 754 221 390 234 456 83 508 603 739 360 421 632 143 74 392 743 738 698 237 566 748 526 426 165 767 217 198 293 565 156 303 104 170 474 434 293 748 803 258 407 610 809 711 761 792 194 276 499 666 343 480 594 674 634 640 441 452 270 303 625 413 486 213 589 307 275 755 692 590 574 403 569 727 561 202 80 386 568 632 612 783 603 37 377 560 510 415 457 175 419 306 363 247 298 422 466 234 337 409 558 445 494 619 552 416 674 442 594 191 653 483 279 179 421 192 574 493 497 215 244
1095 345 395 437 760 228 430 444 638 184 620 482 627 654 1040 863 763 404 764 774 158 0 569 240 128 888 611 715 578 634 874 805 207 809 133 596 708 710 970 741 553 104 366 289 514 190 109 201 474 755 514 244 422 883 609 565 286 830 761 889 433 77 127 501 582 648 536 372 162 740 95 482 721 500 858 254 387 507 322 211 131 812 716 773 801 219 823 456 848 305 671 577 991 80 243 655 427 275 808 389 492 503 391 608 418 230 644 828 916 618 212 112 720 403 511 379 984 957 334 129 753 595 733 506 554 874 276 788 495 464 689 37 263 462 387 565 491 946 623 277 629 858 717 436 169 647 102 529 500 536 557 535 692 568 523 886 410 572 337 912 260 445 163 518 152 653 760 892 447 489 774 223 98 361 898 895 815 346 723 906 631 564 271 918 59 341 397 722 148 418 243 175 574 570 153 906 960 397 565 766 959 799 918 892 221 353 655 823 427 580 627 811 792 795 519 610 211 441 770 392 532 189 747 336 341 912 832 719 652 301 723 885 708 353 97 499 678 743 763 937 758 169 503 652 649 347 471 154 557 264 472 257 453 329 590 79 263 537 607 589 588 756 616 574 764 512 732 37 781 608 389 288 561 169 626 646 567 182 210
578 571 501 591 269 358 149 126 319 727 115 233 397 278 504 316 444 403 263 332 413 569 0 330 550 320 101 361 320 399 429 251 719 280 606 48 501 249 435 483 372 476 220 506 55 593 464 572 97 266 177 398 502 542 563 93 756 392 384 339 157 592 511 687 453 405 127 584 445 337 572 327 234 479 332 372 518 178 249 382 447 244 296 208 385 644 282 115 357 585 103 437 448 490 608 292 229 642 244 220 225 140 386 449 491 410 117 459 575 670 561 495 165 375 147 647 462 399 551 650 433 464 362 146 313 435 725 256 443 107 265 586 447 373 251 730 651 416 123 765 431 312 395 352 671 423 493 492 412 237 399 34 144 441 600 569 566 243 381 360 518 461 581 470 460 158 233 408 483 561 271 398 474 630 393 326 440 311 155 341 513 319 347 455 627 303 313 158 534 280 333 531 363 183 685 366 423 213 69 250 493 554 384 576 464 384 86 255 371 502 755 333 247 227 419 54 642 295 251 626 650 576 205 487 496 382 335 454 628 738 158 332 190 221 489 414 518 414 216 438 190 415 357 578 196 701 584 513 310 592 298 565 116 741 259 647 651 365 694 285 530 431 651 107 517 444 261 604 357 408 399 399 297 563 697 90 471 537 604
867 361 347 427 537 76 194 204 444 405 387 277 467 446 807 629 587 294 538 563 85 240 330 0 239 648 375 518 394 466 666 567 406 575 295 357 559 487 737 584 399 152 140 273 274 297 136 290 234 528 293 145 365 707 514 330 460 622 567 654 198 269 199 511 447 479 308 377 142 532 254 313 497 407 626 133 343 291 85 95 121 572 502 534 593 354 590 217 627 341 431 436 756 161 337 456 217 375 568 172 290 277 264 473 347 154 409 635 742 571 285 179 481 277 283 429 754 719 340 330 576 470 539 281 378 668 434 556 386 225 472 258 217 317 182 571 484 714 388 462 482 624 530 293 358 485 173 426 375 336 406 296 455 440 476 719 396 371 224 675 266 358 283 416 151 424 527 670 363 433 548 133 147 408 672 655 625 180 483 666 508 381 124 702 298 160 236 483 229 238 47 237 413 353 365 671 727 179 327 535 744 652 685 726 204 239 415 583 295 467 619 593 556 556 392 370 344 261 541 422 508 283 510 298 299 680 609 550 573 453 485 647 477 118 164 366 544 562 528 712 519 97 345 550 428 448 444 216 372 334 300 302 214 467 391 317 377 375 576 392 485 571 561 340 613 399 512 275 575 449 270 186 372 264 589 408 452 251 314
1031 458 493 548 775 267 430 427 555 294 622 414 688 580 986 861 816 481 776 802 161 128 550 239 0 860 571 631 492 537 905 766 328 759 261 569 602 649 916 805 616 178 379 166 496 70 122 323 454 697 458 166 519 937 488 526 411 861 802 885 398 206 40 373 473 551 546 244 238 663 220 393 735 588 805 313 264 529 304 261 123 783 645 743 723 347 823 446 866 177 646 471 941 121 368 693 367 401 775 410 525 516 292 681 299 303 642 740 972 491 331 207 684 474 462 501 926 916 445 253 806 672 775 520 605 906 403 791 576 444 621 103 353 364 328 438 363 892 579 399 697 856 627 501 294 547 193 413 575 572 456 517 656 643 397 946 518 607 409 868 135 532 288 603 91 661 712 826 329 364 786 289 158 482 837 867 859 396 698 872 517 477 322 844 165 274 452 692 25 464 265 50 634 592 271 857 908 417 530 715 885 868 867 952 315 426 634 796 496 466 499 831 749 776 594 582 110 361 777 510 404 64 704 434 220 859 847 620 529 428 708 842 712 356 88 393 567 793 759 873 740 142 408 532 666 474 579 262 472 386 524 129 438 457 627 153 391 441 479 510 470 664 490 531 832 592 750 130 813 508 286 196 479 42 498 636 647 297 91
340 863 780 864 292 677 466 444 443 1047 309 476 576 385 245 175 539 680 276 370 731 888 320 648 860 0 292 425 488 533 405 116 1037 172 924 293 605 292 200 606 590 795 537 788 375 895 782 884 414 249 419 700 773 579 736 336 1069 397 459 167 462 911 822 922 624 530 394 847 763 369 891 552 300 724 180 686 774 445 566 700 763 77 342 117 368 957 191 434 308 865 217 609 188 809 917 439 504 949 88 530 488 423 644 645 735 724 280 451 600 859 872 814 178 653 405 937 243 112 844 969 533 668 456 425 531 414 1037 219 689 424 336 904 753 603 538 951 884 199 289 1080 613 178 465 621 989 552 812 693 655 472 580 353 207 656 815 618 844 454 677 111 807 724 897 708 772 303 190 282 717 784 274 714 794 922 241 9 487 614 165 45 666 497 661 339 946 594 601 168 841 565 653 835 570 406 1004 152 186 522 330 204 355 662 173 623 776 676 234 65 642 679 957 323 142 107 654 279 943 546 244 911 868 878 175 779 764 182 292 539 792 1048 177 100 260 541 805 625 645 515 192 272 142 730 568 732 344 1001 846 830 492 898 558 855 435 1048 456 965 959 557 892 447 708 479 836 333 636 683 321 923 400 560 657 689 478 868 888 256 689 851 903
499 657 593 683 336 419 225 180 229 780 203 190 497 182 434 344 536 496 326 409 453 611 101 375 571 292 0 263 243 316 498 195 778 202 665 56 413 149 364 579 473 526 293 497 129 603 502 641 152 171 130 409 595 627 496 45 823 466 471 361 178 644 534 649 383 319 228 561 505 236 627 276 308 578 254 443 490 278 290 443 481 216 195 176 284 712 318 186 415 574 101 366 382 530 681 387 212 717 205 302 324 239 357 550 455 481 193 358 659 611 632 550 114 468 113 732 384 347 635 704 526 565 452 245 414 505 793 304 542 160 165 622 525 326 246 685 611 342 22 829 531 341 299 448 729 339 546 434 512 338 330 114 85 542 551 657 657 343 467 301 515 557 646 570 484 241 153 316 442 515 333 466 521 714 307 300 524 395 142 301 438 246 418 360 670 302 405 127 551 373 390 543 464 283 739 297 353 296 50 164 399 650 312 664 536 472 108 231 467 435 702 399 182 226 519 59 651 259 306 713 603 586 136 573 476 307 393 362 559 808 178 274 255 284 522 359 436 506 256 351 197 446 301 505 285 780 678 576 238 668 397 563 177 815 359 685 724 300 638 204 465 333 590 41 614 544 337 643 437 330 371 396 224 576 639 151 572 605 611
425 860 813 904 585 585 446 389 77 898 465 241 758 85 410 552 798 725 572 663 572 715 361 518 631 425 263 0 139 126 744 312 912 254 806 319 180 142 353 842 727 659 499 497 371 634 611 808 371 176 238 473 821 885 326 272 974 716 731 559 348 770 604 545 226 117 486 513 661 58 762 238 562 819 267 628 439 531 444 609 587 375 85 348 99 872 539 410 653 557 342 215 387 641 854 650 301 893 351 521 574 490 343 807 392 661 453 117 916 450 803 692 298 697 262 933 342 406 838 832 788 820 713 497 671 752 951 537 785 375 104 713 717 274 338 559 508 328 242 974 791 551 41 685 865 137 683 308 757 595 201 364 283 796 428 917 875 604 680 357 525 790 800 815 565 501 240 225 364 408 577 642 646 913 255 433 782 609 355 403 251 154 607 224 772 375 634 327 607 607 552 588 721 545 863 322 351 518 295 222 262 913 318 923 716 689 359 391 701 277 552 644 285 421 767 321 674 274 547 920 480 618 267 782 452 306 630 114 375 970 407 344 507 476 618 266 222 768 487 275 409 549 228 313 547 964 906 734 159 849 642 567 393 985 620 774 895 199 486 127 303 70 426 256 877 790 591 739 692 160 352 435 154 618 479 409 823 769 634
555 746 710 799 578 465 360 303 65 762 434 124 699 109 528 579 762 629 569 648 440 578 320 394 492 488 243 139 0 84 740 372 778 332 675 290 188 202 464 795 657 528 399 360 309 496 477 683 294 252 151 336 721 861 255 228 843 706 703 593 250 636 466 439 141 93 429 386 535 177 630 100 548 732 362 513 310 465 328 487 452 423 171 387 234 744 557 329 658 424 342 125 495 506 730 609 181 769 403 428 503 424 205 739 266 543 431 250 894 374 679 562 326 603 182 818 461 497 725 698 751 749 682 432 606 747 821 546 700 294 160 575 602 139 212 463 400 439 230 842 729 577 139 597 733 108 552 205 675 532 92 310 301 722 328 889 769 548 576 446 388 696 672 730 428 476 300 349 241 299 576 523 514 798 371 496 759 508 373 478 196 15 494 358 635 243 541 350 468 519 432 449 656 493 728 419 459 426 251 290 398 868 421 896 596 587 350 439 611 195 471 641 347 453 687 298 537 138 549 808 381 480 313 673 318 410 635 160 317 842 417 427 497 372 481 143 199 732 497 399 430 415 94 262 516 842 806 607 21 727 563 431 311 858 567 636 769 72 405 41 225 179 353 216 830 706 576 602 675 88 215 297 25 480 403 392 746 644 496
549 823 791 879 652 540 444 386 93 818 513 206 782 150 536 642 843 711 641 724 505 634 399 466 537 533 316 126 84 0 814 418 838 367 738 366 104 242 479 878 741 593 481 390 392 531 537 752 377 287 234 391 802 940 204 306 907 781 782 653 333 696 515 419 100 14 512 393 605 181 693 155 623 815 388 589 321 549 405 561 512 475 195 443 224 811 623 413 729 443 411 89 512 565 800 690 260 839 453 511 586 508 246 823 274 618 507 210 972 328 749 629 385 685 266 894 468 526 802 757 832 833 762 515 690 821 887 614 783 378 197 627 678 173 287 433 382 454 300 903 812 640 102 680 794 24 618 182 759 615 83 392 363 805 302 968 848 631 657 477 420 778 739 814 482 554 344 351 244 283 648 598 577 873 381 542 837 589 437 517 132 91 571 346 689 309 624 412 512 602 507 491 739 576 786 444 476 509 330 329 382 950 441 975 670 668 422 492 694 152 429 714 391 512 771 373 567 205 620 885 354 516 364 752 341 430 706 85 259 908 484 461 571 453 537 151 121 813 565 401 493 477 131 199 595 913 887 676 101 799 647 459 395 926 650 686 839 97 363 114 179 130 305 293 912 790 652 654 752 34 251 346 109 519 357 467 830 714 528
739 693 594 651 162 649 486 513 725 979 316 662 304 673 643 230 188 515 172 104 745 874 429 666 905 405 498 744 740 814 0 467 949 536 850 451 909 604 605 260 363 770 526 907 462 963 792 779 498 586 606 784 575 178 990 515 947 44 131 242 567 862 865 1110 878 816 367 997 715 700 834 756 194 493 567 622 937 376 615 663 784 401 662 411 724 845 220 485 97 985 404 862 589 809 792 220 652 811 425 495 383 394 807 368 914 651 313 810 196 1099 763 769 447 501 576 751 647 511 680 903 189 394 153 389 333 10 911 209 467 504 640 903 645 801 666 1156 1074 603 514 967 329 227 783 461 907 837 775 921 440 338 825 450 460 400 1028 219 644 302 557 515 912 523 809 470 817 272 521 673 909 988 166 653 779 744 636 401 111 529 390 449 936 742 603 731 921 710 483 418 896 458 642 901 337 313 937 553 591 487 492 543 753 290 576 223 683 546 392 390 479 929 1183 100 489 340 428 442 1011 722 197 719 1076 948 486 624 908 584 117 853 1054 912 336 499 243 552 825 843 934 181 258 672 340 764 786 1002 247 836 618 756 733 763 409 956 500 899 285 952 827 792 1123 702 958 811 1079 525 278 454 168 911 93 828 821 799 720 930 1126 349 427 759 979
336 819 743 831 326 605 399 366 327 971 281 369 579 270 255 250 570 643 310 409 647 805 251 567 766 116 195 312 372 418 467 0 966 69 853 212 492 177 188 630 578 717 470 683 301 796 697 822 336 137 314 602 740 631 620 241 1006 449 492 253 373 835 729 808 509 415 353 737 692 258 817 440 319 704 105 622 663 407 483 629 676 68 229 62 266 894 248 363 370 758 151 494 197 725 859 447 403 893 42 470 454 377 535 644 624 660 255 351 656 743 811 740 87 615 305 894 221 153 798 894 562 664 483 381 517 476 975 260 668 345 221 817 697 490 439 836 770 173 187 1014 616 250 353 587 917 437 736 578 635 449 464 281 112 648 700 667 808 439 629 110 703 695 830 691 679 293 74 209 604 670 312 648 714 877 176 124 532 560 112 109 551 382 597 266 864 494 557 95 746 522 578 737 562 383 929 119 175 463 240 91 293 693 140 673 714 630 175 82 608 564 842 373 27 127 637 200 843 437 279 871 754 778 63 734 656 141 350 427 677 988 158 81 267 468 717 511 531 543 217 218 135 641 455 617 341 951 819 761 378 842 527 751 359 992 447 879 901 442 776 332 593 370 721 234 663 665 346 838 440 444 548 587 364 770 772 216 680 787 803
1274 289 379 375 863 361 571 601 835 56 744 674 664 846 1212 984 805 436 870 858 340 207 719 406 328 1037 778 912 778 838 949 966 0 980 113 754 915 893 1142 766 594 256 500 493 666 376 301 170 630 935 698 447 405 918 815 734 88 906 824 1011 604 142 334 689 788 852 656 569 275 932 152 684 826 496 1031 354 591 615 491 337 326 963 905 927 994 111 943 605 943 498 823 783 1159 272 167 731 616 167 963 510 586 624 597 625 624 316 771 1027 949 817 186 228 880 449 689 279 1160 1118 292 80 797 605 798 624 616 947 97 904 506 621 876 225 305 667 577 752 684 1119 793 71 655 978 917 488 49 852 233 736 524 623 763 687 855 584 724 913 359 657 394 1076 463 447 143 519 357 770 931 1076 654 692 880 324 266 269 1078 1043 870 437 873 1060 838 764 378 1106 163 536 472 877 351 503 389 377 619 673 57 1075 1131 518 729 940 1148 810 1090 918 271 404 803 972 471 787 816 904 957 937 540 766 379 640 883 306 728 381 912 333 546 1085 931 923 856 120 864 1048 826 498 301 705 885 792 888 1119 899 363 707 858 754 206 417 208 757 199 542 452 607 156 670 186 148 740 803 785 794 957 817 745 781 523 830 198 857 813 595 494 759 364 823 784 571 193 393
299 851 780 870 392 621 423 382 280 981 332 350 635 224 232 319 634 681 377 475 652 809 280 575 759 172 202 254 332 367 536 69 980 0 867 235 433 130 162 692 628 727 493 663 324 784 700 843 353 81 302 594 780 698 571 246 1025 517 557 321 378 845 724 771 462 363 394 709 707 197 829 410 383 749 53 644 634 449 491 646 678 137 173 127 198 914 317 384 439 736 193 448 182 729 882 505 392 917 111 498 496 415 511 698 592 682 307 283 724 695 833 752 121 653 299 927 183 166 830 906 626 717 547 420 567 545 995 328 713 361 173 818 723 459 431 794 732 140 187 1031 671 319 294 627 931 384 748 536 681 497 422 305 135 699 659 734 845 490 660 115 686 737 848 738 676 349 49 144 570 631 379 668 721 909 118 180 598 590 167 150 499 343 619 200 868 485 593 143 738 559 592 727 614 432 940 98 151 491 252 45 231 756 110 740 737 663 217 150 648 517 795 441 48 195 685 226 830 415 346 906 712 766 75 766 632 105 419 367 625 1010 218 95 329 486 718 474 475 606 283 162 200 642 420 564 398 978 860 779 340 868 570 733 378 1016 499 881 924 404 730 294 545 307 672 235 725 712 411 840 506 396 523 573 327 760 724 265 730 806 789
1161 234 306 328 756 248 458 487 730 130 633 566 575 738 1099 874 716 345 763 756 234 133 606 295 261 924 665 806 675 738 850 853 113 867 0 641 820 782 1029 682 503 147 387 417 552 321 202 88 517 823 588 351 333 832 732 622 169 806 727 901 491 56 254 633 695 752 545 504 161 824 46 583 718 421 918 243 515 506 378 224 227 850 796 814 886 87 833 491 838 437 709 689 1046 176 118 630 508 144 850 398 479 513 503 543 543 206 660 922 864 748 104 116 766 353 578 255 1048 1004 229 54 707 526 701 513 518 848 151 795 425 508 767 165 205 571 469 698 623 1007 680 168 570 868 813 391 65 753 123 650 438 518 666 574 741 502 653 830 304 553 293 962 389 368 47 442 266 660 818 965 570 617 772 212 161 238 966 930 776 329 760 947 749 661 267 996 121 432 368 764 279 397 276 306 527 565 87 962 1018 406 616 827 1038 733 977 836 166 305 690 859 376 700 759 800 844 824 455 653 339 537 774 272 664 322 799 252 468 972 825 823 779 174 751 934 716 385 210 612 793 700 778 1007 787 261 608 775 646 215 366 97 653 144 441 389 494 199 568 159 132 641 738 679 709 854 746 633 701 441 724 144 757 715 502 400 655 301 757 671 494 93 341
