NAME : X-n344-k43_SARP
COMMENT : Curated from VRPLIB to SARP
TYPE : SARP
DIMENSION : 343
EDGE_WEIGHT_TYPE : EXPLICIT
EDGE_WEIGHT_FORMAT : FULL_MATRIX
EDGE_WEIGHT_SECTION
0 275 518 482 64 465 585 570 264 67 163 345 318 551 360 618 529 510 511 619 223 344 379 349 62 370 360 377 126 508 218 367 302 306 300 541 304 174 312 492 425 468 362 451 205 250 490 494 568 545 110 527 379 598 175 495 456 278 295 599 171 375 301 163 95 674 187 50 207 667 469 540 355 530 78 447 193 403 547 449 287 240 166 259 382 618 584 234 443 262 396 188 342 505 327 542 514 519 405 502 554 547 318 204 148 186 233 530 632 259 119 321 355 473 99 622 390 489 557 541 464 155 377 432 587 635 447 290 66 684 201 492 477 338 374 358 656 70 563 167 501 414 432 402 442 398 501 347 503 82 656 280 192 488 234 430 465 547 603 433 408 287 605 355 451 387 155 493 575 513 423 482 333 230 68 198 506 84 418 487 464 528 620 387 479 521 160 387 493 477 624 492 331 479 220 403 209 459 145 310 252 542 306 171 447 288 403 397 517 105 451 408 225 481 533 399 194 387 282 346 249 562 535 257 333 518 77 271 250 379 439 547 182 492 453 199 287 259 486 397 470 86 558 361 200 290 287 341 178 430 458 339 439 324 436 237 410 586 496 453 255 595 473 357 496 344 393 456 326 331 608 499 315 430 393 600 364 47 293 131 430 503 423 386 590 492 521 451 466 477 488 580 433 387 442 509 463 33 522 462 249 364 443 403 462 519 195 515 133 457 443 461 73 429 539 425 382 474 195 262 334 465 513 587 408 516 435 207 423 223 393 303 553 338 378 431 501 133 447 433 678 380 593
275 0 326 718 217 389 810 746 252 338 208 369 453 805 415 846 730 767 425 854 212 81 420 219 214 606 208 417 390 436 250 437 497 458 295 813 415 448 517 251 220 199 635 380 308 521 475 676 479 713 179 439 475 366 401 444 532 150 469 747 112 267 318 153 186 573 441 277 95 856 218 543 289 688 214 720 396 247 717 723 454 355 310 177 379 876 802 509 718 537 317 123 389 400 56 423 366 762 640 478 776 505 460 429 400 440 58 545 453 533 374 315 595 747 299 800 359 764 785 679 640 336 328 355 773 834 475 348 256 856 421 267 752 141 163 628 832 241 730 288 469 615 654 675 714 671 689 309 696 200 824 472 463 390 268 668 739 762 435 675 487 146 802 492 711 253 327 467 753 287 635 543 222 311 219 194 549 310 390 219 189 348 387 555 679 753 431 348 765 441 799 394 291 754 458 517 219 730 214 583 207 777 478 174 603 562 667 485 327 375 521 463 400 381 318 614 301 573 306 502 331 703 545 531 566 714 234 390 269 526 687 731 416 674 674 194 363 222 627 356 728 189 684 494 109 355 334 485 384 385 691 500 713 292 711 211 366 541 354 727 380 840 665 537 599 106 423 624 511 301 763 672 290 155 197 401 343 292 524 259 441 778 694 610 797 487 628 713 652 639 725 783 196 523 693 717 623 271 463 200 281 385 410 643 619 439 314 707 355 475 470 735 212 703 343 603 657 413 176 430 479 707 451 732 656 708 557 445 662 456 255 414 449 173 388 663 767 148 702 444 925 139 803
518 326 0 810 485 696 873 1059 292 559 522 329 486 922 380 909 1033 893 726 929 309 344 745 530 462 887 511 364 644 741 337 405 579 506 291 982 735 660 605 452 106 223 861 689 624 712 794 986 230 1028 411 736 454 545 550 260 465 473 538 1067 414 170 314 356 428 288 612 490 326 1165 415 385 218 1005 440 944 524 118 1031 939 763 671 437 261 703 996 1097 729 927 756 196 439 360 694 285 707 88 1038 922 795 1068 306 498 567 666 610 380 400 686 732 637 289 872 964 584 1113 262 964 1073 1000 951 475 235 665 1082 1139 799 673 534 1171 557 490 966 193 443 805 1146 453 1045 414 784 673 945 903 942 896 997 250 1002 439 1140 558 660 689 336 770 957 1058 681 951 441 233 1107 510 966 143 465 784 1065 500 931 454 194 381 451 327 437 500 709 218 281 599 557 867 982 1038 674 250 990 280 1112 693 615 961 603 499 542 962 523 774 278 859 539 489 607 786 917 451 5 622 847 400 499 679 538 908 403 622 322 538 385 1024 394 733 680 1019 445 439 320 543 803 1041 568 983 966 515 385 548 947 247 986 453 1007 506 428 371 349 513 520 247 974 543 900 260 927 536 685 325 97 944 441 936 971 845 542 388 353 638 577 261 1082 985 268 286 133 620 271 507 643 419 338 978 926 899 1098 342 953 856 960 643 818 1085 142 528 960 1016 628 496 259 377 331 329 270 921 935 740 416 1014 520 363 370 955 446 898 579 913 871 724 325 507 511 983 758 1052 926 1014 534 722 941 736 137 441 192 478 317 947 1009 436 832 338 1018 397 1102
482 718 810 0 544 935 108 801 532 418 643 484 325 121 439 137 723 113 981 138 540 797 811 831 526 551 842 460 451 974 500 418 234 304 520 253 708 344 209 961 762 873 358 921 653 277 935 739 706 798 543 997 374 1072 319 618 407 759 273 870 639 641 496 565 541 789 296 455 625 845 933 555 592 803 511 381 322 702 795 354 642 666 413 596 836 192 715 341 328 337 616 664 453 980 757 1018 754 598 569 950 684 627 313 290 476 296 694 531 1114 289 473 521 532 365 545 832 557 319 669 840 729 383 577 905 794 800 874 734 541 893 297 967 359 705 849 217 862 484 811 436 953 144 615 374 387 362 731 560 721 529 880 257 314 962 491 52 366 701 1085 555 400 644 780 307 486 672 392 942 802 988 635 439 631 441 511 541 477 416 877 888 891 1010 1093 696 692 636 413 567 402 588 842 966 803 337 265 339 687 410 625 259 564 60 270 653 247 345 449 385 806 440 846 440 326 957 1011 616 433 193 490 275 431 852 542 296 152 726 489 372 503 279 63 770 306 737 628 680 424 739 797 572 505 555 870 312 674 439 462 300 334 586 595 268 255 550 350 717 875 652 734 357 373 127 706 660 362 809 477 216 233 548 865 757 543 861 734 1081 542 444 194 459 509 326 392 589 751 549 866 132 713 230 9 754 800 299 528 694 234 467 641 918 489 488 574 548 758 987 418 732 366 504 489 369 518 276 1020 702 324 939 556 308 301 570 976 865 525 732 321 506 564 518 678 369 719 818 504 588 462 604 94 511 211 846 743
64 217 485 544 0 414 645 582 258 131 110 356 355 615 379 679 549 573 459 681 212 283 347 288 34 403 298 393 173 458 218 391 354 348 300 604 287 237 366 428 387 414 418 400 177 313 450 507 560 554 79 476 410 534 231 494 484 215 342 602 109 356 307 133 62 665 250 93 162 684 406 553 344 535 67 502 243 375 556 506 289 220 195 235 341 682 611 293 502 320 384 124 358 450 272 486 491 557 438 460 582 550 358 261 187 249 171 545 571 321 159 323 390 530 100 635 389 549 588 540 474 196 372 380 602 655 415 257 49 696 256 428 535 298 310 421 668 83 572 188 458 469 459 457 497 454 516 343 520 55 666 331 256 434 237 491 521 573 543 470 435 253 624 395 497 363 192 451 587 449 446 507 311 247 57 183 528 134 373 434 406 467 556 393 498 554 214 384 548 479 636 438 280 538 280 438 156 512 94 372 236 604 353 111 493 345 452 426 484 157 429 429 269 427 469 423 214 438 288 390 268 562 550 319 393 536 84 302 251 421 502 561 240 504 480 142 308 204 485 395 515 32 554 400 136 308 299 382 229 428 490 384 501 319 494 181 362 589 474 510 287 658 489 366 531 280 408 505 377 327 613 509 311 372 355 537 365 100 353 148 441 563 477 414 613 502 511 515 480 525 549 601 388 427 483 531 510 78 520 400 254 375 444 438 466 468 220 532 186 471 459 518 56 490 476 435 441 426 175 306 375 502 465 589 447 533 473 238 458 252 368 334 541 275 387 463 551 71 510 445 741 316 617
465 389 696 935 414 0 1042 549 616 521 304 732 766 983 768 1072 578 940 46 1069 567 353 177 170 443 556 186 777 489 47 594 785 767 760 662 926 276 594 776 305 595 498 696 14 284 669 118 506 868 511 458 63 813 321 640 830 882 244 755 507 366 655 679 480 448 960 642 506 449 659 324 921 672 478 471 763 656 634 517 781 362 284 604 553 118 1041 668 619 789 637 704 329 744 56 415 95 750 689 576 110 655 891 769 668 470 642 353 919 236 666 466 684 558 800 390 597 739 841 675 443 472 609 710 35 586 657 171 214 400 632 666 266 807 528 256 767 620 494 524 593 96 879 562 723 755 727 526 687 541 453 599 744 623 38 615 883 790 629 200 621 833 532 630 806 698 642 605 101 556 274 530 900 609 642 465 540 914 546 77 514 446 185 336 407 540 657 533 729 799 825 589 40 134 821 681 846 257 759 321 713 575 994 767 308 907 648 675 827 699 497 250 819 683 41 255 520 616 851 663 803 664 465 921 660 792 557 493 709 623 834 884 550 645 504 575 274 703 211 410 738 705 418 430 811 329 699 684 794 641 769 613 797 820 668 771 234 64 928 740 784 695 1036 515 416 937 309 787 918 790 677 531 489 663 425 579 251 719 510 754 552 812 852 732 535 641 865 363 876 495 939 939 622 555 839 655 580 923 489 850 357 631 750 792 593 429 55 625 546 597 846 837 785 461 800 218 450 734 30 523 720 787 645 62 492 619 547 883 466 601 462 644 740 837 220 757 589 770 381 883 816 1114 302 653
585 810 873 108 645 1042 0 901 607 523 747 543 389 149 494 37 821 172 1088 61 622 890 920 934 625 653 944 512 559 1081 581 470 315 373 589 309 817 452 293 1056 835 955 457 1028 760 385 1043 841 745 899 639 1104 422 1169 417 660 438 860 349 972 737 708 564 657 639 818 400 555 716 939 1027 579 657 906 609 468 415 771 896 440 750 774 501 676 944 190 807 449 414 443 677 763 512 1086 846 1124 809 689 670 1058 777 659 378 387 585 400 790 555 1217 397 581 587 635 447 651 930 613 395 761 944 833 475 637 1011 892 894 983 842 646 989 393 1064 440 785 947 319 958 582 911 524 1061 203 716 468 476 456 832 624 821 627 977 340 422 1068 570 159 450 796 1188 652 442 725 875 363 578 740 483 1050 901 1085 737 465 704 519 610 627 500 515 984 970 977 1112 1190 802 793 729 522 624 483 630 940 1072 909 417 366 381 792 496 729 365 644 57 343 756 275 450 545 429 868 547 955 484 411 1063 1109 719 516 252 561 336 506 956 566 404 252 826 586 444 579 330 168 870 406 839 728 784 493 843 902 628 595 655 974 366 773 507 531 360 428 637 692 332 341 617 438 821 982 679 791 442 448 103 808 767 377 904 526 242 306 615 966 860 612 949 808 1181 602 545 293 551 553 399 483 691 845 584 972 219 816 245 106 849 877 346 623 792 256 568 680 1010 566 544 621 648 863 1094 502 832 464 542 528 454 616 364 1120 807 419 1046 643 387 363 665 1084 968 623 832 353 614 663 626 745 435 763 919 559 687 546 703 189 555 158 941 836
570 746 1059 801 582 549 901 0 834 565 540 911 841 778 916 916 83 739 571 896 791 769 383 620 611 253 647 936 466 548 788 918 772 820 870 645 336 530 763 816 955 933 444 542 438 555 448 76 1138 38 661 580 916 864 665 1065 992 627 791 86 646 938 870 714 643 1244 616 615 734 113 820 1100 924 71 641 449 701 954 32 477 296 392 724 817 448 800 152 488 500 480 964 625 903 601 799 634 1073 246 232 465 161 1116 836 678 434 618 689 1086 780 534 460 891 273 480 483 54 960 538 186 116 108 699 947 550 38 109 379 413 533 114 684 787 489 866 716 584 87 640 28 732 479 835 186 436 439 448 73 917 81 635 87 763 556 587 804 763 474 130 745 250 949 831 86 868 337 944 703 467 7 801 170 1024 893 794 629 763 1054 631 477 953 899 731 881 192 110 198 467 957 455 1046 54 587 514 513 662 924 529 425 537 547 817 843 802 573 921 462 358 935 1059 492 300 960 745 590 792 192 757 839 851 845 810 103 1093 527 722 75 646 814 820 877 738 31 656 79 173 554 845 544 139 967 325 612 143 876 638 851 852 852 691 1000 212 834 569 894 475 545 502 1154 1055 477 799 842 102 216 1009 737 954 913 800 901 69 74 886 868 926 800 934 604 708 700 993 542 425 218 108 1056 200 682 105 936 800 90 942 894 284 111 927 601 1093 840 819 930 1012 253 130 564 755 69 653 1017 1002 468 632 543 763 147 482 526 756 776 846 245 533 91 278 69 944 373 238 356 949 844 1122 659 945 214 395 623 712 997 892 756 124
264 252 292 532 258 616 607 834 0 286 344 118 222 638 163 644 793 607 657 660 50 327 593 454 226 629 449 166 381 663 49 185 298 235 46 690 545 376 323 496 231 350 576 604 433 422 680 758 304 808 182 672 227 612 258 236 280 374 260 859 252 125 66 140 198 410 321 223 169 930 461 306 92 791 194 658 232 176 810 651 545 477 146 78 573 712 845 445 638 472 133 289 137 637 266 665 263 772 664 687 814 292 232 275 409 319 267 303 705 443 380 69 612 675 353 885 131 673 815 798 727 184 114 581 851 899 658 506 304 948 265 518 677 180 415 513 919 194 825 124 682 405 693 617 656 609 765 84 767 203 919 275 372 625 44 488 669 809 686 687 235 124 868 257 690 149 174 677 839 537 686 292 101 91 206 79 300 221 596 364 380 600 631 648 743 779 402 126 703 221 887 629 495 671 311 271 383 677 335 484 45 586 264 322 367 502 639 235 289 356 682 211 210 616 569 662 111 357 55 276 102 820 305 444 393 782 187 163 29 292 518 811 277 755 714 358 120 414 743 136 710 234 812 257 287 109 85 254 228 170 715 277 608 61 639 394 579 331 243 656 160 659 737 619 349 358 173 393 302 69 869 762 53 357 202 652 108 237 354 140 197 687 641 648 853 252 769 566 730 405 540 844 269 284 691 772 388 234 262 434 42 135 187 659 722 669 124 779 230 230 222 667 204 606 595 688 582 636 94 224 249 718 675 846 659 780 311 469 680 486 155 178 290 415 141 690 726 247 544 200 743 390 855
67 338 559 418 131 521 523 565 286 0 225 348 289 485 352 555 515 443 567 555 254 410 420 413 124 344 426 372 99 562 238 355 254 273 315 475 333 111 260 559 472 527 306 507 248 184 536 489 584 543 164 584 358 665 125 506 436 344 254 602 237 406 310 212 153 690 123 70 263 654 536 536 379 532 128 391 152 442 544 390 299 274 159 298 431 551 561 175 383 203 418 254 338 563 389 601 546 485 379 549 529 553 287 151 131 123 298 522 696 195 105 334 327 415 136 614 402 428 530 549 461 135 395 490 577 619 487 333 123 677 151 559 419 388 441 292 648 108 560 170 550 360 411 348 388 342 493 365 492 139 651 235 126 546 249 366 407 527 666 401 390 332 590 323 407 423 138 541 569 580 407 465 368 231 121 233 493 68 469 546 526 593 687 392 466 493 116 401 437 484 617 550 387 419 160 375 269 406 206 245 284 479 266 236 405 231 358 377 557 73 481 397 192 540 599 383 194 338 292 308 246 568 529 193 271 506 116 252 267 342 374 539 127 486 432 261 281 320 495 411 427 151 569 330 267 287 289 308 139 443 430 300 375 343 378 298 464 592 527 395 237 529 464 358 467 410 390 410 281 348 609 497 334 493 439 665 376 53 234 146 429 442 369 366 572 492 540 384 460 432 424 564 485 353 405 492 419 68 534 528 262 366 452 373 466 574 191 505 94 452 437 404 128 366 605 424 323 528 235 228 301 432 567 592 373 505 403 191 394 209 428 284 574 404 382 405 451 199 380 432 612 446 573
163 208 522 643 110 304 747 540 344 225 0 451 465 706 480 780 522 663 350 780 294 246 250 190 141 406 206 492 226 348 311 494 463 457 388 677 214 316 474 358 417 402 469 290 102 394 344 469 633 507 166 366 516 454 338 576 589 131 451 545 108 419 400 204 152 736 348 202 202 648 343 647 420 484 171 550 352 424 511 559 246 150 303 300 235 769 596 360 560 384 457 85 458 342 262 378 545 562 438 353 570 634 467 367 222 347 150 642 472 398 204 411 397 582 117 594 474 610 580 479 433 306 452 271 565 626 315 163 102 650 363 350 588 329 237 500 626 192 525 294 350 577 449 506 544 505 482 425 489 154 619 440 341 325 331 591 573 555 442 477 540 301 595 504 523 419 302 343 546 370 429 610 372 349 163 264 628 242 264 423 379 371 476 348 472 550 272 467 594 564 593 329 170 595 383 546 47 555 18 448 311 703 463 34 603 404 483 532 522 222 341 531 379 319 384 408 319 547 382 500 371 503 645 394 495 506 192 410 343 531 598 524 345 466 469 38 410 96 425 477 538 118 487 509 99 409 398 491 338 511 489 494 571 402 547 74 253 673 529 563 395 753 457 329 639 227 505 614 486 411 560 466 396 345 389 444 451 207 456 253 536 623 522 406 589 594 436 602 444 635 649 575 402 537 498 509 620 185 601 347 348 471 530 445 414 359 326 499 294 567 556 568 160 556 384 395 499 316 251 416 484 508 356 531 460 500 582 253 461 261 423 441 610 190 481 461 585 97 602 539 834 257 596
345 369 329 484 356 732 543 911 118 348 451 0 159 599 54 580 863 575 774 600 165 442 700 572 322 689 568 48 447 779 141 79 260 182 74 678 642 414 287 610 303 444 603 720 533 441 793 835 250 888 286 789 128 724 276 164 166 491 218 944 367 169 53 253 301 352 341 297 286 1002 573 197 117 875 289 680 241 233 889 668 632 575 188 192 685 674 906 480 651 504 133 404 31 755 379 783 270 821 723 800 873 206 171 281 478 339 385 190 822 465 451 56 671 691 442 961 74 679 872 886 806 218 94 697 925 967 766 611 397 1024 271 633 691 278 532 515 995 280 905 180 795 344 757 643 679 634 840 84 839 302 998 243 401 742 120 448 686 873 804 740 125 233 937 181 729 202 212 790 915 651 755 174 179 117 299 192 182 280 710 454 481 717 743 732 814 835 457 83 723 139 964 746 609 682 315 174 493 702 441 497 162 532 217 434 281 533 678 130 325 421 785 95 202 733 684 730 154 294 70 210 102 907 194 468 366 854 275 127 110 214 484 886 292 832 778 470 75 528 831 89 751 336 903 177 403 64 59 185 244 109 772 216 609 86 657 507 693 244 250 673 135 609 811 701 239 475 55 311 253 79 952 842 84 462 281 768 59 308 334 214 85 692 667 713 919 147 865 545 806 317 493 912 353 200 739 839 302 313 192 544 104 19 109 714 807 786 157 852 268 116 106 685 300 612 712 768 602 751 209 195 183 770 791 932 711 853 213 539 736 556 207 117 250 533 34 749 755 358 516 89 690 506 919
318 453 486 325 355 766 389 841 222 289 465 159 0 440 119 426 782 416 811 444 246 533 697 623 324 600 625 142 380 811 205 103 105 26 200 524 618 314 131 704 446 573 480 753 523 318 805 766 395 823 311 827 78 819 175 305 152 542 65 886 410 319 174 305 319 489 230 269 359 920 670 279 269 815 295 549 141 381 823 533 587 556 162 296 696 514 811 370 514 390 291 445 129 798 479 831 429 715 631 816 778 329 12 165 414 228 449 260 895 343 392 198 581 556 415 886 233 536 773 835 742 162 252 732 848 881 765 607 382 951 158 719 554 402 608 373 920 273 839 175 814 187 671 517 550 506 768 236 764 313 927 95 292 783 190 289 551 783 872 641 112 345 854 40 614 351 164 806 844 740 675 185 315 142 301 259 218 234 728 586 600 788 839 678 736 736 374 242 589 276 892 787 634 542 190 86 511 574 449 364 262 374 60 458 150 417 564 97 482 355 767 138 97 776 769 651 155 137 172 54 124 854 269 347 211 776 273 63 195 73 326 813 186 764 690 493 104 555 782 248 636 349 857 45 449 118 142 32 152 264 677 58 464 228 523 533 717 361 410 538 74 451 739 643 179 556 161 172 94 226 890 777 222 576 420 849 217 271 186 215 199 549 541 629 832 252 828 390 737 186 334 827 490 73 632 756 170 287 331 647 182 165 256 619 752 821 144 777 195 206 189 551 305 471 789 706 471 780 277 65 27 668 820 876 609 777 118 471 640 488 356 46 402 594 182 657 629 387 359 201 532 591 829
551 805 922 121 615 983 149 778 638 485 706 599 440 0 557 148 696 44 1029 121 641 883 845 896 602 539 910 578 494 1019 603 536 343 417 630 161 737 391 316 1041 868 971 339 970 699 315 969 723 826 780 626 1045 493 1149 405 737 528 828 384 853 717 752 607 656 622 910 366 532 715 806 1015 675 703 790 593 333 416 811 776 304 663 704 509 697 877 75 673 367 280 353 730 738 569 1032 848 1071 869 554 550 985 645 747 428 378 514 367 775 652 1177 318 518 633 522 308 598 802 673 253 626 832 719 476 691 956 765 761 903 775 604 859 387 1043 300 806 924 220 829 566 791 534 990 264 596 341 342 330 713 673 700 609 850 364 365 1014 596 152 312 666 1146 527 520 745 745 425 446 782 486 979 777 1064 620 560 739 546 591 639 597 496 919 987 984 1076 1170 700 672 597 451 682 342 707 813 1017 855 276 347 459 747 360 687 274 667 103 383 720 367 352 419 505 918 489 866 560 428 1009 1084 605 534 312 600 392 539 841 663 324 246 703 572 482 609 398 120 747 389 722 605 743 536 798 794 688 462 631 864 431 749 551 573 417 426 703 566 385 209 661 304 777 921 772 849 306 481 64 690 666 481 890 595 335 346 660 844 744 654 954 839 1149 657 519 287 551 628 255 353 577 713 669 869 108 700 348 112 719 903 419 495 667 354 542 761 1003 596 605 692 527 754 1033 519 710 450 624 608 317 597 234 1089 698 298 984 652 415 418 536 1019 851 500 710 442 530 540 540 788 483 838 889 621 564 406 680 104 630 131 926 703
360 415 380 439 379 768 494 916 163 352 480 54 119 557 0 531 864 534 811 552 206 490 726 612 344 686 609 24 450 815 174 26 224 144 123 643 662 404 250 659 356 497 586 756 556 423 823 840 277 895 314 826 75 774 263 187 117 530 182 953 402 222 98 289 328 373 326 310 328 1003 623 184 171 883 312 659 227 286 896 645 644 596 195 240 714 630 902 467 627 490 184 439 26 793 428 823 316 812 719 832 869 216 131 263 483 324 426 171 868 447 457 108 668 668 458 964 119 652 866 898 813 217 145 733 928 966 793 636 417 1028 254 680 667 331 577 488 998 298 912 193 828 298 756 625 660 614 844 137 842 327 1003 210 388 780 153 406 663 870 848 734 73 283 937 133 716 255 213 821 920 699 756 132 232 132 321 230 149 286 742 508 534 762 792 742 816 828 454 130 701 158 969 784 642 656 294 121 523 683 468 474 208 485 179 465 228 519 665 76 375 424 807 51 183 772 732 731 166 247 109 165 111 918 178 451 330 856 295 107 148 165 444 890 278 838 776 501 73 561 843 134 737 362 916 128 440 71 84 139 233 146 767 172 580 139 635 539 726 251 297 650 120 563 815 709 187 521 43 258 212 133 960 848 137 514 335 815 110 318 302 232 84 665 649 712 918 144 881 509 811 264 448 911 407 149 729 839 249 327 214 595 138 50 137 709 817 823 165 855 264 101 86 662 323 586 758 775 581 786 248 167 139 763 826 942 703 856 159 543 730 560 260 85 283 575 65 745 737 389 478 87 643 553 917
618 846 909 137 679 1072 37 916 644 555 780 580 426 148 531 0 836 180 1118 34 659 926 948 967 660 671 977 549 588 1111 618 507 351 410 627 308 843 481 329 1092 872 992 473 1059 790 412 1071 858 780 916 674 1135 459 1204 451 695 472 894 386 989 771 745 601 693 673 852 432 589 752 950 1063 612 694 924 644 478 451 808 913 449 776 803 537 713 973 175 818 474 424 467 713 798 549 1117 883 1156 846 699 686 1086 789 693 415 422 612 433 825 588 1250 422 610 624 654 455 682 944 650 400 771 964 851 510 674 1043 906 905 1010 871 678 1002 428 1099 447 822 981 339 971 616 928 560 1090 240 732 481 486 469 849 661 837 662 991 377 451 1100 607 189 458 809 1221 667 478 762 888 399 589 777 519 1079 916 1120 755 499 741 556 644 664 533 549 1014 1007 1013 1146 1225 824 809 741 549 661 489 666 954 1103 940 423 399 416 824 506 762 387 681 79 380 789 310 472 559 465 905 577 980 520 448 1094 1144 737 553 289 598 373 543 974 599 429 286 841 621 481 616 366 193 885 440 856 743 816 530 876 922 665 606 689 994 403 808 544 568 397 463 673 706 369 351 654 448 853 1012 712 827 451 485 91 825 789 410 940 563 277 343 652 982 878 649 986 846 1216 639 579 327 587 589 404 495 709 857 618 994 234 834 280 133 862 914 382 636 807 291 602 715 1046 603 581 657 664 883 1125 538 848 498 577 563 462 651 376 1154 827 434 1077 679 424 400 678 1114 986 638 848 388 640 678 651 783 472 798 953 595 702 553 738 208 590 128 977 847
529 730 1033 723 549 578 821 83 793 515 522 863 782 696 864 836 0 658 605 815 752 761 403 626 576 183 653 884 416 583 746 864 708 759 826 562 335 468 696 825 931 922 365 569 424 486 487 73 1096 100 627 615 858 882 607 1020 933 622 729 167 624 902 824 681 609 1202 554 571 707 139 825 1047 884 127 603 366 643 924 94 395 276 381 674 783 468 717 91 421 418 409 925 607 852 632 784 667 1040 164 157 504 87 1068 776 618 385 556 672 1032 812 463 414 847 203 397 450 110 915 455 111 178 106 647 905 574 71 106 413 416 500 173 624 799 406 842 718 507 141 599 103 684 517 764 112 355 357 367 52 875 37 600 156 700 492 616 760 687 391 55 777 169 892 801 75 807 253 912 652 505 82 814 108 966 859 746 592 725 997 583 502 943 893 754 901 182 51 116 410 913 372 999 119 616 524 430 599 863 519 342 516 472 780 764 740 556 854 390 277 877 1032 442 336 905 688 618 809 132 709 771 805 782 761 173 1040 457 651 21 606 759 777 813 660 54 596 74 96 541 794 541 178 924 241 580 210 815 621 801 804 791 634 956 130 771 487 852 393 539 524 1107 1022 394 745 760 67 193 946 732 903 844 735 859 152 93 844 861 901 826 890 558 640 656 943 458 343 152 68 1005 254 602 84 867 722 53 923 831 201 29 859 559 1048 842 775 881 967 176 150 599 706 33 599 965 949 385 595 462 784 134 402 557 721 717 785 162 570 170 199 32 881 325 159 308 917 789 1082 661 897 136 312 598 633 946 809 754 77
510 767 893 113 573 940 172 739 607 443 663 575 416 44 534 180 658 0 985 157 607 844 801 854 562 498 868 556 451 975 570 515 315 392 602 143 693 348 288 1000 837 935 298 926 655 271 925 683 806 740 588 1001 474 1108 368 717 514 787 357 814 676 723 579 618 583 893 326 493 678 771 975 662 676 750 554 298 382 781 737 269 619 661 475 664 833 109 639 323 244 309 703 697 545 988 811 1028 843 519 510 941 609 731 404 342 470 328 736 638 1134 274 474 606 481 276 555 765 648 223 592 791 678 440 665 912 728 726 860 731 562 823 351 1002 268 772 884 177 792 527 752 499 946 249 556 303 306 291 673 645 660 569 813 335 322 970 564 129 279 630 1103 489 502 711 709 404 410 752 450 935 739 1023 580 547 708 515 551 604 584 457 876 952 947 1034 1129 657 633 561 407 657 311 687 776 973 812 245 310 442 704 326 645 230 634 118 357 678 357 308 381 487 890 446 822 541 397 965 1042 564 501 294 571 371 509 801 649 280 214 664 533 454 578 380 90 708 352 682 566 701 509 756 752 664 427 591 822 411 709 523 545 396 390 680 528 362 172 633 269 735 878 757 824 271 453 104 650 623 473 850 574 327 322 633 805 704 626 916 807 1107 631 479 253 515 608 227 316 536 678 652 827 64 660 342 105 683 870 401 458 629 345 502 742 964 565 581 671 488 712 990 486 671 412 606 590 283 558 196 1047 656 258 941 617 387 395 499 975 811 461 671 428 487 501 496 758 458 817 847 598 525 374 640 65 611 174 886 668
511 425 726 981 459 46 1088 571 657 567 350 774 811 1029 811 1118 605 985 0 1115 609 383 212 206 488 593 219 819 535 25 637 828 812 805 703 970 315 640 822 316 627 521 739 60 330 714 125 532 903 533 502 17 856 315 686 868 925 284 801 523 409 692 721 523 492 994 688 552 490 679 340 961 711 500 516 804 702 668 540 822 401 328 649 592 158 1085 696 664 831 681 741 372 787 38 447 63 782 722 612 112 684 929 814 714 515 688 393 960 209 711 511 725 596 841 436 617 778 883 705 461 499 655 749 79 608 680 193 257 446 648 712 275 849 563 283 812 638 539 545 637 96 925 595 765 796 769 553 727 568 498 615 790 669 37 658 929 831 657 174 657 877 570 654 851 736 678 650 106 578 279 563 943 647 686 510 582 956 592 115 536 467 180 328 439 569 689 578 768 839 864 608 33 180 863 727 890 303 799 367 757 616 1040 812 353 952 692 714 871 728 542 271 862 728 47 255 555 660 897 705 848 708 482 961 705 838 584 538 753 665 879 930 574 692 531 607 319 746 256 433 777 742 463 445 855 371 742 727 839 687 808 647 843 864 708 812 279 107 965 773 825 739 1081 543 451 981 339 829 964 836 717 548 515 703 449 612 236 759 556 801 597 854 894 773 571 666 906 379 921 524 984 985 647 583 884 691 609 969 535 888 375 673 792 831 630 455 15 669 572 643 887 879 826 506 844 214 480 777 49 565 765 832 680 43 508 657 573 927 509 637 505 679 784 872 253 798 623 809 425 928 857 1159 329 679
619 854 929 138 681 1069 61 896 660 555 780 600 444 121 552 34 815 157 1115 0 672 934 940 968 664 653 980 571 582 1107 631 528 364 426 644 279 835 476 340 1098 889 1005 454 1055 786 404 1064 840 805 897 680 1132 481 1210 456 720 498 896 400 970 776 763 618 701 679 879 433 593 761 927 1070 640 713 906 649 454 459 825 894 425 765 796 547 727 968 141 794 464 400 455 733 802 569 1115 893 1154 867 675 667 1080 765 720 433 427 606 433 831 616 1251 412 605 642 636 430 679 922 671 374 747 947 834 519 694 1040 885 882 1002 865 678 980 434 1105 421 836 986 325 949 622 909 571 1084 257 713 460 462 448 830 680 817 667 970 388 446 1097 621 190 433 786 1222 646 502 776 865 419 566 795 528 1072 896 1126 736 526 757 570 649 675 561 554 1009 1020 1025 1148 1231 809 790 718 542 682 463 690 933 1101 938 398 402 440 824 481 762 375 694 78 395 791 335 458 538 488 925 573 969 543 459 1092 1149 720 565 307 615 391 558 956 627 419 290 821 627 497 631 387 185 865 444 838 723 817 547 875 907 686 583 693 978 423 812 561 585 416 471 695 685 387 329 672 425 853 1009 740 849 427 500 60 807 775 438 946 585 302 358 670 962 860 666 996 861 1219 659 582 332 595 613 376 473 692 834 644 980 216 816 306 132 839 929 404 615 786 317 605 741 1054 618 602 681 645 867 1121 550 828 504 602 588 438 655 353 1157 811 414 1073 690 437 419 656 1109 967 618 828 413 630 658 641 801 490 823 956 617 682 528 742 194 614 97 983 824
223 212 309 540 212 567 622 791 50 254 294 165 246 641 206 659 752 607 609 672 0 290 544 407 180 592 403 211 345 615 41 226 308 255 96 682 497 351 332 460 233 333 552 556 384 404 631 715 348 764 134 624 263 576 247 284 323 326 273 813 203 153 112 90 151 454 306 186 123 889 426 356 133 746 150 636 227 191 766 630 500 429 134 56 524 715 807 420 619 448 173 240 180 590 233 618 293 738 627 638 777 341 255 268 371 304 221 352 663 424 341 118 576 655 309 843 181 657 779 752 683 171 160 532 809 858 609 456 259 904 258 479 657 165 373 501 877 154 781 110 632 421 655 594 633 587 723 132 725 157 875 283 351 577 57 494 648 771 643 653 276 104 828 284 661 169 161 627 796 499 647 337 115 105 161 30 347 192 547 349 356 557 596 604 702 743 369 174 681 270 844 581 446 653 303 305 333 653 286 467 31 596 280 273 395 477 611 274 307 321 633 255 214 568 530 622 107 375 97 298 122 774 355 424 395 741 146 184 58 318 521 769 265 712 676 308 152 365 697 184 681 186 765 285 238 143 123 278 219 218 679 298 594 109 619 344 529 380 274 636 176 666 695 576 388 317 220 418 316 117 824 718 102 330 201 612 157 202 355 110 246 671 617 609 814 302 721 563 687 432 548 804 262 314 659 732 416 196 309 402 69 183 236 623 677 621 122 737 212 279 270 646 159 591 554 644 562 587 44 235 273 684 626 801 626 738 345 430 644 446 175 205 331 370 190 653 701 198 543 249 751 351 816
344 81 344 797 283 353 890 769 327 410 246 442 533 883 490 926 761 844 383 934 290 0 417 187 286 652 167 491 451 397 329 512 578 538 368 885 434 519 598 171 243 165 699 346 337 593 452 703 525 734 256 395 552 287 480 501 607 144 550 761 174 322 392 234 261 612 518 352 176 881 138 608 352 707 290 782 476 289 739 787 485 380 390 250 368 953 838 576 784 603 375 169 463 354 68 371 399 808 684 452 814 562 541 508 457 516 112 611 383 603 433 387 643 812 352 823 425 832 825 692 666 416 392 322 798 862 465 359 315 875 501 191 816 186 102 701 854 317 751 369 441 695 694 737 777 735 718 376 726 275 842 552 535 347 347 747 803 798 367 722 562 212 831 572 766 303 407 441 776 210 672 616 282 391 293 273 620 386 369 184 133 281 306 582 712 795 495 413 827 502 820 351 280 820 536 595 242 791 257 654 282 857 558 213 683 627 724 562 346 439 521 536 481 337 242 652 381 654 382 582 411 716 611 601 646 744 311 470 346 606 765 757 494 700 714 221 441 227 643 420 781 258 693 573 154 432 411 565 464 447 735 581 784 362 775 224 343 595 391 792 460 919 695 568 676 44 495 704 592 370 779 696 360 100 229 327 411 366 603 340 509 846 756 652 829 552 633 789 680 719 804 813 202 602 743 750 703 344 517 121 358 457 472 690 640 398 395 736 433 544 540 799 286 773 271 630 723 380 256 510 559 754 414 745 705 737 635 496 707 505 303 494 492 135 458 707 825 212 779 512 1004 65 836
379 420 745 811 347 177 920 383 593 420 250 700 697 845 726 948 403 801 212 940 544 417 0 245 381 382 272 739 361 193 559 738 674 685 638 771 109 468 679 436 639 581 537 167 174 536 125 333 879 345 414 225 755 481 545 825 830 275 672 354 349 663 649 454 399 980 531 428 445 495 443 896 668 313 414 598 569 660 351 617 193 147 540 547 65 896 493 478 628 492 704 316 704 233 463 271 781 512 400 141 479 884 697 571 335 532 367 890 413 529 340 661 385 635 285 434 724 680 498 286 297 534 701 170 418 488 68 90 315 476 571 405 643 558 346 625 460 429 360 535 147 777 384 560 589 565 352 674 366 399 442 654 499 216 580 761 625 453 377 445 781 542 460 734 525 660 533 135 390 418 352 854 616 594 404 514 874 463 100 599 539 351 499 229 363 480 399 717 631 814 428 217 140 658 576 781 213 591 259 571 560 869 684 273 824 498 505 773 746 376 103 776 604 217 409 343 561 757 630 724 615 310 894 522 678 383 431 647 592 757 756 380 546 331 397 239 655 198 245 727 531 364 281 740 324 654 645 720 555 760 436 717 667 652 608 211 121 922 767 620 632 901 339 239 874 378 753 830 700 660 376 318 645 510 616 423 701 426 646 495 785 690 567 359 468 843 218 736 320 852 815 449 612 766 480 404 838 409 849 467 596 719 779 418 257 210 566 372 509 816 804 620 403 645 381 274 577 162 500 641 713 469 187 339 446 373 814 315 425 307 663 679 853 291 730 412 598 346 748 788 975 389 480
349 219 530 831 288 170 934 620 454 413 190 572 623 896 612 967 626 854 206 968 407 187 245 0 311 553 27 618 412 216 438 631 639 621 500 864 292 506 653 199 427 342 649 161 231 584 266 560 698 583 313 220 662 274 519 662 728 82 622 598 213 486 519 324 306 791 536 380 286 733 201 757 505 553 334 727 528 464 588 738 363 259 463 387 188 960 711 548 742 571 535 179 587 183 246 211 581 703 581 265 691 723 628 549 404 535 188 756 283 587 390 522 549 760 303 672 573 792 706 530 524 476 543 137 652 721 283 211 292 719 544 177 767 359 101 690 700 360 598 448 255 756 579 683 719 684 578 522 589 315 685 615 531 172 459 779 751 670 254 623 680 364 691 663 685 473 470 255 627 195 552 744 441 491 330 382 755 421 183 360 296 180 295 444 580 681 459 563 768 658 667 176 106 776 568 699 153 728 209 637 412 891 632 178 769 588 651 675 532 411 347 662 549 163 201 536 469 722 504 665 513 554 757 583 681 607 357 563 465 694 787 612 528 558 597 153 550 104 485 571 696 282 526 667 174 545 528 653 514 602 627 661 758 503 727 121 157 759 570 742 550 942 559 439 788 143 627 784 660 512 619 550 499 270 410 254 554 389 641 409 650 805 697 543 693 701 463 793 542 803 837 676 389 696 651 621 788 366 682 222 474 590 626 592 490 219 479 598 473 684 676 746 325 742 195 492 682 195 364 584 646 652 231 583 613 599 737 422 605 425 474 592 667 52 595 599 752 238 792 653 1024 146 703
62 214 462 526 34 443 625 611 226 124 141 322 324 602 344 660 576 562 488 664 180 286 381 311 0 425 319 359 186 488 184 356 328 317 266 600 321 234 342 439 366 406 424 430 212 308 483 536 528 584 51 505 376 548 209 461 450 234 313 633 115 327 273 106 35 634 235 71 146 712 414 519 313 566 33 509 217 349 586 511 320 254 162 207 374 670 636 296 505 324 353 138 324 478 266 513 464 576 459 493 606 516 326 239 204 234 175 511 593 319 175 289 410 535 129 664 356 551 611 572 504 167 339 409 631 682 449 292 79 725 234 442 539 278 323 416 698 51 602 154 491 445 483 465 504 460 545 310 547 24 696 304 250 462 203 474 527 598 565 489 401 230 651 363 512 336 162 483 617 463 472 473 283 213 23 151 493 111 405 425 402 487 569 424 525 576 222 351 555 445 665 466 311 541 261 406 187 521 126 369 205 586 324 136 464 350 464 393 461 166 463 395 240 455 485 448 180 412 254 360 234 594 515 317 374 563 51 269 217 391 487 590 220 533 504 170 273 233 517 362 530 30 587 368 149 273 265 351 203 395 512 354 499 286 499 210 393 555 446 515 254 642 517 396 498 288 373 476 350 294 644 539 279 369 335 556 331 83 333 114 407 564 485 438 639 468 545 505 508 496 532 628 372 396 501 557 481 60 487 405 220 341 411 459 497 498 186 560 162 437 424 523 22 489 495 465 444 456 145 277 344 522 496 621 465 561 441 260 479 274 341 301 511 293 353 485 562 79 498 410 726 325 642
370 606 887 551 403 556 653 253 629 344 406 689 600 539 686 671 183 498 593 653 592 652 382 553 425 0 577 708 248 575 581 685 524 577 659 424 280 286 513 748 790 805 200 544 325 303 496 188 929 247 476 607 677 825 427 850 752 527 546 319 495 745 654 531 459 1035 371 407 565 320 740 869 721 253 448 231 463 773 245 256 196 294 502 630 438 571 217 237 274 227 762 486 677 611 662 651 885 156 35 514 185 895 594 436 222 373 551 854 787 281 251 678 20 268 309 292 746 321 187 294 181 472 739 541 253 281 420 353 356 356 442 729 277 701 631 334 324 439 260 514 524 582 71 204 222 213 181 709 172 448 336 517 310 593 593 512 259 184 752 71 711 654 254 624 144 758 478 511 255 748 84 785 704 574 437 568 817 412 479 825 784 709 845 174 144 151 233 745 256 827 299 595 464 297 416 680 417 217 395 294 621 596 557 439 670 209 133 696 886 273 361 727 508 593 751 66 538 588 636 599 587 303 862 274 469 181 446 581 611 630 487 223 415 186 90 434 619 454 257 756 149 435 325 633 501 627 632 608 455 787 87 588 333 687 250 444 494 933 866 258 567 602 156 148 763 631 727 661 552 693 315 207 678 751 758 786 721 392 457 490 767 329 202 38 232 830 336 438 163 684 550 227 790 648 100 156 676 396 878 749 607 707 795 39 217 592 533 185 423 788 772 253 441 308 734 161 241 544 566 536 602 102 568 315 64 185 698 165 56 152 763 609 918 576 723 61 217 463 464 771 660 659 231
360 208 511 842 298 186 944 647 449 426 206 568 625 910 609 977 653 868 219 980 403 167 272 27 319 577 0 614 430 231 436 628 646 624 495 882 318 522 660 173 409 319 670 179 254 600 287 587 684 610 316 231 661 252 528 652 725 85 627 625 215 474 515 323 311 775 547 389 281 759 174 749 496 580 339 748 535 450 615 759 389 284 467 380 214 974 737 565 761 589 525 183 583 192 229 216 564 728 605 286 717 713 631 557 423 547 183 749 274 603 408 516 572 781 321 699 565 812 732 557 550 481 535 155 679 747 308 237 306 746 553 152 787 344 76 706 727 366 625 450 275 763 605 704 740 704 605 514 616 321 712 621 546 183 456 790 772 696 247 648 678 354 717 665 708 459 475 275 653 171 578 740 430 491 337 379 750 429 207 336 271 168 274 470 607 707 476 554 789 649 694 187 133 796 578 699 171 750 224 654 406 902 637 190 772 607 673 674 513 427 373 659 554 173 180 562 470 728 501 669 513 581 750 599 691 633 363 565 461 697 799 639 538 585 622 168 549 125 512 563 720 290 553 669 176 543 525 655 521 593 652 665 776 496 747 140 180 748 554 763 552 955 586 465 787 123 622 789 665 505 646 577 492 246 393 240 547 398 651 413 644 825 718 568 720 693 489 807 569 807 848 703 369 698 675 647 791 375 671 196 471 585 617 616 517 233 481 624 481 678 671 767 331 760 179 519 702 213 361 588 649 677 248 610 637 625 738 443 630 447 461 593 653 35 589 624 775 243 806 647 1037 122 730
377 417 364 460 393 777 512 936 166 372 492 48 142 578 24 549 884 556 819 571 211 491 739 618 359 708 614 0 470 824 183 43 247 168 122 666 677 427 273 658 346 490 609 765 570 446 835 860 253 914 326 834 90 773 286 163 118 537 206 972 411 211 100 297 340 349 349 327 333 1024 621 164 161 902 326 683 250 275 915 669 662 611 214 241 726 652 923 490 651 513 169 448 35 801 427 829 297 835 741 843 891 192 154 286 503 347 432 153 870 470 476 104 690 692 475 985 102 676 888 916 833 238 131 742 948 987 806 650 432 1049 277 681 691 326 580 511 1019 314 932 210 838 318 777 648 683 638 864 127 863 340 1023 234 411 788 162 428 687 892 851 756 80 281 959 154 739 244 233 832 940 700 777 126 225 147 336 237 137 305 752 500 529 765 791 761 836 851 476 114 725 134 989 792 653 680 317 135 535 706 480 498 210 505 202 476 243 542 688 88 359 444 822 46 207 779 733 752 183 268 114 186 128 937 159 474 353 876 310 130 154 184 467 911 301 858 798 512 91 571 861 117 761 375 934 148 448 87 94 161 255 125 789 194 604 133 658 550 737 228 279 674 142 584 836 728 192 523 20 275 235 126 979 868 132 510 326 817 97 336 326 248 60 688 672 733 939 122 898 532 831 279 469 932 398 166 752 860 264 344 190 593 146 37 114 731 836 831 183 876 285 81 67 686 337 610 760 795 604 795 254 191 161 785 835 961 725 876 171 563 753 580 248 108 261 580 47 767 761 400 500 64 662 554 939
126 390 644 451 173 489 559 466 381 99 226 447 380 494 450 588 416 451 535 582 345 451 361 412 186 248 430 470 0 526 333 452 329 361 412 452 262 107 328 582 551 587 248 476 205 180 484 391 682 445 236 551 453 680 207 605 530 356 338 506 279 498 409 289 220 788 175 159 331 555 565 634 474 436 204 331 240 529 446 337 212 215 259 385 386 553 464 135 336 159 514 284 437 538 444 577 638 394 282 499 432 652 377 227 34 176 341 620 688 178 23 432 231 361 109 515 500 385 434 455 364 233 492 462 478 520 426 284 136 579 230 575 366 464 461 280 549 192 462 269 502 421 313 286 326 284 394 462 393 207 553 314 137 519 346 400 352 429 656 308 485 413 491 411 326 512 237 491 470 596 308 560 458 330 194 321 589 167 427 607 577 591 701 298 367 398 46 499 376 583 519 523 362 371 222 465 260 340 208 226 374 509 350 249 483 179 279 472 643 26 407 494 283 515 610 284 293 408 390 393 345 474 627 173 318 407 200 349 363 426 397 440 202 388 334 263 379 310 402 509 344 203 477 419 299 386 388 396 228 541 334 383 346 439 325 291 428 691 619 341 334 547 365 263 555 442 488 483 357 445 512 399 430 544 519 666 475 144 288 242 528 398 305 267 474 590 453 387 361 506 454 465 558 440 316 393 494 149 633 564 360 465 551 278 372 540 290 406 188 551 536 348 199 331 607 327 275 491 321 317 389 340 527 496 282 406 491 93 299 110 517 379 670 416 481 309 378 242 393 531 625 476 475
