NAME : X-n327-k20_SARP
COMMENT : Curated from VRPLIB to SARP
TYPE : SARP
DIMENSION : 327
EDGE_WEIGHT_TYPE : EXPLICIT
EDGE_WEIGHT_FORMAT : FULL_MATRIX
EDGE_WEIGHT_SECTION
0 483 682 852 852 720 946 483 785 322 483 431 319 30 307 99 615 586 333 527 1030 504 558 162 225 191 893 14 576 146 642 855 323 184 735 609 911 812 103 590 677 688 488 161 413 283 291 116 565 496 1074 426 95 546 101 822 446 85 329 528 89 269 485 730 428 1079 260 630 896 329 423 345 527 402 831 322 904 492 833 657 251 758 418 677 688 342 440 70 529 740 792 945 25 621 229 563 758 837 224 203 672 111 219 792 157 975 642 517 339 846 145 1038 302 247 870 699 364 49 846 635 541 431 441 872 507 684 239 951 692 517 288 434 347 110 505 693 451 835 534 761 551 436 948 144 755 1010 48 74 699 850 378 491 835 536 304 376 471 848 883 424 36 810 738 980 134 468 780 162 884 464 1121 752 247 829 303 412 491 769 479 573 104 179 69 146 215 14 670 624 950 1126 445 430 772 40 719 125 373 1160 122 172 889 684 366 671 368 497 96 545 389 505 529 25 721 422 931 397 53 388 1074 482 35 725 592 492 703 49 462 522 477 497 334 458 521 816 407 490 970 520 660 461 468 428 817 777 211 320 715 530 128 404 27 62 516 376 460 317 49 718 871 401 672 231 168 477 267 967 609 690 389 749 940 291 502 291 781 811 562 404 228 620 756 170 350 573 49 322 254 224 198 173 43 621 536 537 450 209 521 827 842 692 686 682 111 983 780 367 527 682 712 760 188 421 199 193 587 148 559 311 780 806 254 546 717 255 246 199 8
483 0 199 402 684 404 509 120 318 316 98 530 254 482 198 416 256 296 318 48 640 149 431 642 288 510 972 494 751 590 159 599 204 664 252 398 630 666 400 574 356 543 188 332 73 598 192 500 472 67 774 62 552 478 577 807 57 551 159 447 419 215 142 401 60 758 264 192 645 216 96 158 441 402 824 613 550 329 833 792 244 316 318 618 402 331 173 479 54 841 390 845 487 227 293 409 829 697 705 652 410 372 329 395 631 575 389 424 146 480 626 759 184 237 405 464 359 449 552 483 79 195 145 442 57 349 501 581 509 168 678 516 165 403 30 372 178 591 72 594 311 47 599 350 577 702 531 530 217 489 133 406 903 403 179 166 16 440 606 524 515 480 826 549 604 26 891 639 440 587 731 689 238 493 180 222 203 288 44 90 578 613 464 391 293 494 328 163 940 760 331 128 434 468 447 475 124 801 602 323 508 405 650 309 116 68 465 552 137 136 645 492 397 392 680 134 512 343 761 443 518 568 626 28 496 496 374 147 41 100 410 82 367 502 218 29 585 157 215 359 683 161 366 358 660 194 407 71 600 457 506 473 392 112 402 560 513 393 458 304 540 270 631 18 260 703 499 479 152 435 798 223 54 203 410 535 422 112 278 716 397 642 611 503 482 177 681 686 679 312 512 358 522 361 157 581 157 479 511 796 221 199 518 771 425 124 187 323 240 501 665 184 532 308 145 617 243 233 599 508 563 589 829 292 239 565 476
682 199 0 268 719 406 375 252 171 490 237 684 425 680 388 611 257 356 489 155 539 242 530 842 480 703 1081 692 901 788 40 599 386 864 55 467 610 714 599 688 368 611 287 531 272 784 391 698 576 198 727 259 751 590 776 894 240 750 355 561 616 415 268 393 257 698 451 169 641 392 277 352 554 554 912 795 489 445 923 929 442 187 463 710 424 499 307 678 161 965 317 895 687 236 482 502 944 744 904 850 446 571 522 327 831 472 437 540 344 422 826 725 383 436 245 502 521 647 535 559 151 343 286 326 190 353 688 503 565 247 870 668 357 598 181 378 303 598 155 643 396 246 536 549 623 656 730 730 47 434 316 529 1012 508 378 337 212 350 591 679 715 451 946 419 803 214 1015 839 309 739 623 770 437 457 379 361 298 91 207 109 777 810 663 588 490 693 334 103 1019 668 467 293 410 667 467 672 314 712 802 519 432 431 829 305 314 197 663 677 312 246 789 690 394 537 672 314 711 498 705 573 717 626 748 191 541 693 504 224 214 226 579 247 474 481 360 198 495 234 132 489 847 305 236 274 858 386 413 160 799 611 704 672 503 310 536 739 711 390 359 456 614 464 830 205 453 683 590 527 321 429 833 411 187 397 363 533 519 290 471 847 365 841 789 609 679 373 877 885 878 511 710 411 645 460 288 775 233 437 475 924 91 9 716 774 390 321 256 316 106 517 865 339 724 506 164 816 312 411 639 497 751 719 956 483 437 759 675
852 402 268 0 568 277 109 369 97 580 370 709 656 857 597 802 524 330 574 378 275 498 497 999 685 815 1001 864 901 927 289 421 606 1020 231 408 407 580 755 648 272 517 546 691 456 873 574 834 540 434 489 442 901 562 933 795 458 903 555 542 804 591 368 257 441 451 664 222 453 618 432 508 536 594 813 871 260 456 827 903 601 417 511 635 318 577 555 829 348 915 127 747 850 238 691 468 881 605 1061 985 350 744 652 136 983 210 360 527 539 207 986 499 557 614 61 392 583 827 348 487 394 432 530 67 358 255 785 255 465 507 974 691 505 791 373 270 555 430 395 519 383 442 298 709 499 424 899 882 222 221 535 530 936 487 565 566 407 115 397 707 879 267 893 152 954 426 961 992 41 757 356 673 612 262 565 609 558 265 432 332 932 942 815 728 639 860 250 370 901 405 499 422 245 827 342 806 525 449 961 711 195 328 895 227 509 435 807 655 538 347 788 866 265 570 476 455 868 553 462 576 887 516 715 410 432 875 522 483 390 356 646 397 465 299 607 383 239 494 396 509 878 548 36 100 992 532 287 400 952 646 878 825 493 487 551 811 890 263 111 515 529 665 974 417 589 474 533 424 552 281 672 624 420 598 186 364 484 513 674 820 208 990 855 570 861 531 997 1024 1034 682 887 350 624 443 536 888 493 238 277 884 350 259 855 581 217 492 519 226 171 374 1018 438 836 660 268 965 322 636 505 324 846 701 913 610 624 873 846
852 684 719 568 0 315 554 566 614 543 586 458 867 874 782 868 927 388 531 704 459 833 300 931 826 701 468 866 519 833 708 154 811 943 721 290 201 47 757 292 351 165 871 731 672 686 716 764 287 750 306 666 839 306 878 259 728 850 739 324 862 711 544 330 666 344 829 553 145 831 620 641 325 450 276 658 343 392 290 471 683 906 453 208 295 519 846 792 653 437 445 180 834 487 837 305 388 47 976 864 277 786 648 435 904 462 295 337 723 367 927 253 691 725 629 221 491 859 226 224 741 522 819 514 630 365 647 386 179 851 789 446 628 863 661 340 854 140 736 95 377 686 339 739 108 282 883 833 681 354 768 364 415 327 718 807 673 457 193 463 858 301 412 545 879 705 470 916 554 463 505 174 718 308 716 884 885 774 728 691 875 827 786 708 679 851 384 785 338 456 426 582 327 813 252 741 745 463 906 811 398 289 651 414 709 751 762 335 783 548 440 876 327 431 153 604 832 472 328 370 877 130 334 710 188 896 397 829 644 583 519 610 353 270 878 655 423 840 836 402 566 830 567 485 868 631 307 739 882 455 878 796 346 670 393 610 901 331 471 474 180 802 879 701 634 191 243 204 801 297 115 805 735 766 386 204 300 763 813 406 370 902 624 281 889 653 842 906 953 745 895 326 329 347 833 748 839 332 297 428 807 710 783 139 354 662 870 403 626 203 933 538 710 700 576 884 441 838 85 244 681 361 447 625 750 741 851
720 404 406 277 315 0 306 300 304 403 317 466 630 734 550 701 629 136 394 413 320 548 238 843 618 629 724 734 637 756 398 198 573 861 406 148 226 316 617 377 49 240 592 567 416 662 498 668 275 466 377 405 743 301 780 520 457 749 503 287 698 503 283 20 405 370 610 244 243 591 368 418 282 373 539 651 185 239 552 631 492 592 312 358 45 390 577 677 363 639 151 493 710 184 627 212 604 344 900 805 77 626 501 143 821 276 97 277 486 137 833 356 474 523 335 114 382 709 148 213 447 300 549 242 348 56 587 235 187 565 769 448 409 692 377 33 582 194 444 249 170 421 228 582 229 306 762 729 366 136 515 288 659 238 494 554 398 189 201 465 738 90 616 319 793 429 684 832 278 505 407 398 518 109 493 622 606 459 448 391 778 763 667 577 510 724 77 479 633 407 290 336 55 686 67 641 495 440 809 622 185 54 666 103 464 467 650 390 526 277 526 739 13 346 277 367 719 351 368 330 752 241 444 428 155 755 294 541 369 309 439 346 228 102 618 375 259 553 527 286 628 563 266 181 812 424 10 447 793 415 747 677 250 427 317 591 766 16 211 325 252 594 805 422 458 298 261 146 544 32 428 577 450 540 98 132 226 502 605 548 71 824 628 302 744 438 804 847 873 570 761 105 362 206 561 696 552 110 122 609 495 396 689 373 75 424 583 90 311 112 855 314 646 534 275 801 176 602 240 104 642 436 637 465 543 683 716
946 509 375 109 554 306 0 465 205 660 469 766 763 953 702 902 631 394 653 487 181 608 543 1089 789 896 1008 959 943 1013 398 400 712 1109 336 451 370 574 847 683 319 536 655 786 559 946 675 921 581 543 418 545 990 606 1023 798 565 993 658 590 903 690 462 287 544 374 769 323 422 725 531 605 585 660 817 940 216 521 830 936 697 514 583 656 351 654 664 918 455 937 167 727 942 325 795 515 899 596 1150 1068 384 840 740 172 1071 123 401 578 642 191 1077 438 656 713 140 413 656 924 328 518 503 519 639 75 462 303 861 190 484 616 1050 748 602 890 479 311 664 414 504 522 446 547 240 803 504 361 993 972 330 202 642 586 947 538 666 674 512 118 367 764 972 263 914 44 1042 533 981 1081 69 809 253 682 710 250 666 718 667 363 540 441 1022 1025 906 817 731 953 306 479 892 309 567 517 259 919 363 893 630 353 1052 812 156 361 960 291 613 544 895 697 645 442 832 961 296 634 438 551 958 625 388 630 981 527 750 518 450 972 584 592 494 455 718 497 521 290 716 488 161 604 502 572 932 657 144 170 1075 627 316 509 1041 708 972 916 548 588 610 879 986 295 95 589 551 767 1060 524 681 428 567 445 659 298 648 729 528 702 209 354 530 620 777 853 237 1077 921 609 959 629 1077 1109 1123 778 983 399 668 499 645 967 602 229 259 911 455 368 941 541 233 593 628 285 280 379 1106 527 915 753 370 1053 399 742 505 317 921 742 938 699 725 953 941
483 120 252 369 566 300 465 0 306 240 22 434 331 489 254 437 374 180 239 151 570 268 312 632 332 464 858 496 654 565 218 489 274 653 293 279 525 547 387 460 251 424 305 323 115 538 213 472 355 187 676 105 535 362 566 689 163 537 207 332 438 226 22 300 105 665 318 148 535 292 71 140 325 304 705 546 463 213 715 688 233 410 215 500 291 248 282 462 107 732 320 726 481 145 339 289 716 578 694 624 296 375 289 323 617 509 273 309 190 396 618 656 192 248 389 348 269 459 448 363 189 91 255 392 75 248 443 501 390 288 630 419 137 426 103 267 289 479 183 475 192 123 512 340 459 605 530 516 247 403 214 293 789 285 206 254 108 376 500 429 510 383 715 501 588 140 782 626 401 490 662 570 245 399 205 324 319 342 163 162 565 582 448 363 271 491 228 260 821 682 222 53 338 459 336 445 195 721 594 349 431 292 578 215 165 188 442 441 226 25 544 497 295 289 571 86 500 247 666 333 518 449 515 147 378 507 263 267 79 26 328 46 250 401 319 92 511 277 314 248 596 267 334 299 632 163 301 184 585 361 509 458 275 131 293 489 522 291 397 205 420 308 610 136 223 596 380 361 244 332 680 281 174 248 325 427 304 203 319 609 307 625 539 386 494 164 644 662 667 313 519 242 410 242 268 537 276 388 415 688 307 247 492 658 335 132 306 229 240 389 652 87 485 291 109 599 128 304 481 404 506 480 720 248 262 521 477
785 318 171 97 614 304 205 306 0 534 302 689 569 788 516 728 427 315 530 289 370 404 493 937 606 766 1023 796 893 870 193 476 521 958 136 412 474 619 691 651 283 538 451 625 378 833 500 777 538 344 572 364 840 558 870 823 372 842 475 534 730 519 310 286 363 538 582 160 513 532 361 440 528 566 841 835 337 434 854 904 534 327 478 651 337 535 463 767 265 925 174 794 784 200 611 464 896 647 999 930 366 675 595 185 922 304 368 516 460 275 923 577 485 541 87 416 547 756 406 499 301 382 439 158 280 265 740 342 487 412 930 671 439 716 290 287 462 481 303 553 366 361 380 643 533 504 832 821 125 288 450 514 956 478 489 479 325 190 459 686 814 321 904 249 894 341 973 931 138 740 453 699 540 321 489 517 463 176 343 242 870 887 753 669 576 793 253 274 937 500 471 358 288 763 371 750 442 544 898 636 275 346 862 224 430 344 747 651 451 288 778 797 291 544 540 389 805 519 548 561 820 544 717 323 457 804 500 388 312 288 610 326 451 353 515 302 330 399 300 486 858 457 67 131 937 467 313 308 891 621 809 763 481 412 531 775 820 288 195 478 547 586 916 331 529 545 540 446 464 317 724 542 329 519 231 414 481 427 595 820 244 930 822 571 790 463 947 968 972 612 818 351 619 431 444 839 398 298 338 890 254 163 797 645 262 419 423 229 79 412 957 385 787 595 198 905 292 550 543 374 803 697 921 553 549 824 778
322 316 490 580 543 403 660 240 534 0 253 223 363 340 284 325 552 274 11 363 720 428 243 440 297 236 698 337 442 356 454 533 317 458 532 287 589 507 221 321 365 377 445 188 253 299 212 266 260 369 752 259 339 248 376 570 319 346 255 223 320 196 228 415 260 758 310 375 575 337 221 171 220 113 583 306 588 170 589 493 156 632 96 395 369 26 402 275 334 554 496 660 310 342 309 244 552 535 498 409 351 244 106 494 419 670 321 206 246 535 430 716 193 201 612 377 60 321 524 320 395 153 382 585 302 374 206 638 374 448 396 212 159 320 319 379 413 513 387 449 233 282 630 197 440 688 361 326 487 537 308 179 631 218 221 338 300 552 561 216 337 492 543 688 390 319 603 430 604 279 809 473 194 512 218 415 456 581 343 391 375 366 265 176 138 324 363 479 705 809 123 198 457 286 397 238 286 841 406 272 580 363 339 371 252 370 247 284 326 252 343 344 406 120 610 183 317 71 752 187 353 413 352 340 383 362 146 437 284 264 95 245 199 496 409 302 659 442 531 142 367 383 548 491 416 139 398 386 390 154 350 275 198 223 153 249 370 404 575 79 364 275 404 323 103 646 302 369 340 432 641 298 363 262 475 489 245 318 285 424 448 423 299 277 353 165 418 450 471 204 365 301 262 215 398 308 443 513 523 506 534 486 287 668 468 209 466 379 476 437 453 153 256 158 345 399 261 335 466 485 269 308 538 84 228 294 319
483 98 237 370 586 317 469 22 302 253 0 452 317 488 242 433 352 200 252 130 579 247 334 635 323 472 879 495 672 570 202 508 260 656 280 300 543 568 389 481 268 445 284 323 100 549 206 477 376 165 692 89 538 383 568 710 143 539 196 353 434 221 44 316 88 680 307 148 554 277 62 138 346 322 727 559 476 234 737 707 232 391 233 522 310 262 263 465 87 752 329 747 482 155 330 311 737 599 697 630 315 374 295 332 620 517 293 330 179 408 620 673 187 244 387 368 285 457 465 385 168 109 235 396 55 263 454 512 411 266 639 437 137 421 82 284 269 498 161 496 213 104 525 341 480 621 531 519 236 416 198 314 810 307 198 237 87 383 517 447 512 398 736 506 591 119 802 629 404 508 672 592 242 413 198 306 298 327 142 144 568 588 451 368 273 492 243 240 843 693 242 58 352 460 354 450 180 733 596 343 442 311 592 229 152 166 446 462 209 40 563 496 311 308 589 87 502 264 681 353 519 470 535 126 398 505 283 245 57 14 343 30 271 417 301 71 521 255 294 268 612 248 335 305 638 165 318 162 588 378 508 461 296 121 313 502 520 307 404 223 442 300 614 115 228 614 402 382 227 349 700 270 152 238 337 445 325 185 310 628 320 628 552 408 492 162 651 667 670 312 518 262 431 264 249 545 255 402 430 708 288 233 497 677 348 124 285 242 233 408 655 103 494 293 104 603 148 291 502 421 517 500 740 254 256 530 477
431 530 684 709 458 466 766 434 689 223 452 0 576 459 501 479 774 380 217 574 776 651 229 479 497 254 485 444 221 381 651 513 534 489 719 318 578 413 356 169 447 313 668 363 472 228 432 326 203 587 733 477 395 176 434 391 540 408 477 181 470 412 416 484 478 754 517 541 545 554 435 394 185 130 400 202 634 255 403 270 369 842 220 259 422 202 624 363 538 336 600 521 409 489 508 254 342 432 520 407 392 403 283 594 452 740 369 189 468 601 478 686 414 413 754 385 171 453 536 283 609 343 605 695 506 463 199 688 341 671 333 18 381 479 528 456 636 490 602 381 327 501 665 362 383 682 451 394 671 598 530 181 420 229 442 560 514 649 553 8 427 539 328 784 429 537 383 464 724 57 854 328 405 559 439 636 679 771 561 595 430 371 362 308 334 426 462 689 521 835 220 404 520 391 427 308 509 858 460 459 649 413 205 482 475 589 335 124 549 437 120 456 474 147 574 398 398 188 743 137 448 347 161 556 367 479 189 658 494 461 133 453 246 530 629 512 718 664 743 203 169 606 685 611 411 363 457 601 433 74 454 370 218 445 159 152 479 474 672 229 293 479 425 539 318 615 238 361 563 484 527 513 580 479 559 495 241 541 487 206 530 448 172 190 476 388 383 448 498 389 472 367 131 267 621 291 665 569 564 287 740 678 342 597 541 431 689 485 646 444 479 350 259 345 525 432 397 550 405 509 224 115 318 289 438 286 432
319 254 425 656 867 630 763 331 569 363 317 576 0 303 85 224 298 502 372 280 891 201 577 476 98 437 1059 323 781 459 389 812 57 498 480 580 853 839 284 682 581 708 175 234 216 541 154 390 606 229 1007 228 410 601 420 931 198 403 129 572 232 167 347 631 229 996 66 445 858 39 262 226 568 476 944 570 792 476 951 844 208 454 427 750 616 388 131 350 308 912 640 1007 335 470 92 565 914 870 535 520 615 231 296 644 475 827 589 552 146 724 458 985 178 164 654 662 423 272 777 646 275 346 142 696 305 578 456 828 688 210 586 569 239 211 285 597 140 799 271 772 495 219 842 244 759 936 361 387 457 732 122 526 992 547 150 90 252 692 827 569 355 714 902 803 454 230 959 479 695 628 983 828 171 729 152 93 175 499 226 328 423 489 337 308 244 333 559 342 1067 1009 451 295 668 324 659 376 137 1049 438 154 757 616 615 545 166 229 352 647 118 355 696 316 625 480 895 267 365 426 996 546 348 740 715 246 684 309 490 221 275 327 443 286 517 732 89 277 835 216 365 479 687 125 620 611 528 239 630 266 447 514 332 341 530 204 507 536 328 622 711 406 699 105 486 239 261 923 644 668 105 662 975 65 241 103 653 753 573 143 101 782 637 489 584 630 295 215 566 543 512 203 330 559 624 521 146 492 217 719 746 863 400 429 400 974 665 208 216 559 490 711 504 330 456 238 397 467 454 29 783 733 505 670 894 287 138 477 311
30 482 680 857 874 734 953 489 788 340 488 459 303 0 299 80 601 599 351 524 1042 493 579 173 213 221 922 24 606 171 640 873 313 195 733 627 929 835 120 616 691 710 475 169 412 313 290 146 588 490 1092 426 120 569 119 850 441 109 325 551 71 269 492 743 428 1096 248 635 915 317 427 350 549 425 859 352 917 510 861 687 256 748 437 702 704 361 428 99 529 769 801 971 55 629 215 583 787 861 233 226 689 114 235 802 173 986 659 538 336 859 155 1057 303 247 873 717 385 33 863 656 536 442 430 879 509 696 268 964 712 506 315 461 352 92 504 707 438 854 530 783 566 435 962 153 776 1027 58 101 699 862 371 512 864 556 302 366 471 858 901 451 59 824 767 988 153 465 809 176 890 492 1133 777 248 843 301 397 477 765 475 571 122 204 97 167 225 41 682 617 978 1140 464 436 785 68 735 154 367 1174 135 163 901 699 396 682 365 491 125 571 381 511 558 12 735 444 950 403 81 408 1091 505 45 747 619 489 723 22 482 512 478 501 358 462 540 831 392 490 981 509 652 481 498 417 822 785 233 327 730 526 146 429 28 90 536 377 482 346 33 732 880 419 694 221 188 474 278 987 631 709 380 764 964 281 497 285 793 829 583 397 218 649 768 187 380 597 19 326 279 242 209 176 30 636 561 555 439 239 510 841 856 721 679 680 140 1004 792 368 515 693 713 777 200 431 229 203 591 166 571 298 802 822 284 573 746 269 243 229 26
307 198 388 597 782 550 702 254 516 284 242 501 85 299 0 226 317 420 292 234 821 199 492 468 92 389 981 314 711 434 349 730 33 491 442 495 772 754 246 601 501 624 192 184 144 490 72 354 522 193 927 158 389 517 406 848 148 384 47 488 231 89 268 552 159 918 67 380 776 53 184 141 484 396 862 516 717 391 869 771 134 452 343 667 535 308 142 321 250 836 570 923 317 397 96 480 836 785 530 497 533 202 229 574 462 759 505 468 65 650 451 904 94 93 602 578 343 266 696 561 240 262 137 633 240 500 400 755 604 214 548 493 154 212 226 518 154 716 234 688 411 155 766 198 674 856 353 366 412 657 73 442 914 463 66 73 191 624 745 494 342 636 826 741 437 176 884 468 634 555 914 744 100 652 68 136 198 469 181 282 408 462 306 258 178 319 481 319 985 936 367 214 591 301 577 335 74 975 429 135 684 534 559 469 90 193 316 566 83 279 622 310 546 398 812 185 345 344 918 463 340 655 636 198 600 310 406 216 208 254 368 212 432 652 130 215 764 215 353 395 622 127 561 544 505 155 550 230 432 437 325 313 445 124 424 475 328 543 644 322 614 77 468 186 184 841 560 584 84 582 890 27 201 23 579 671 488 99 83 706 561 475 526 546 295 130 536 525 505 155 328 476 542 436 148 451 216 642 668 788 381 389 368 890 589 126 227 483 438 628 494 246 409 177 332 450 374 55 699 652 454 591 819 213 74 435 299
99 416 611 802 868 701 902 437 728 325 433 479 224 80 226 0 522 565 337 456 1000 417 569 252 136 265 956 101 647 245 572 853 236 274 665 606 905 831 123 625 655 702 397 138 350 366 229 198 583 418 1067 364 194 568 198 867 372 184 257 546 11 212 443 708 366 1068 170 580 896 239 371 297 543 423 877 403 881 489 881 724 210 672 418 708 674 349 350 151 465 803 755 977 120 581 137 568 817 858 311 302 662 82 220 757 252 942 632 531 270 820 234 1035 246 189 814 696 377 50 835 645 465 402 354 829 448 659 305 926 699 428 384 478 302 13 441 671 360 835 459 774 537 370 927 129 765 1000 137 172 633 824 299 504 895 543 239 289 406 811 877 472 135 790 799 938 232 398 846 256 836 519 1092 785 192 809 239 317 398 695 405 504 201 277 141 171 193 113 643 544 999 1104 446 386 749 118 709 196 297 1140 214 93 860 671 448 640 300 419 166 582 307 461 587 92 700 439 932 352 151 396 1064 504 125 738 637 420 706 86 471 435 416 447 364 405 522 800 313 427 940 432 577 467 542 340 767 736 310 280 698 455 225 438 108 140 523 316 475 387 105 697 833 399 688 148 266 407 244 966 626 691 304 732 963 206 426 215 752 804 570 325 143 678 729 267 426 596 71 274 353 321 288 131 106 608 568 535 362 299 433 804 823 754 606 613 200 993 754 310 437 652 652 754 280 389 278 170 534 245 531 220 791 793 334 591 781 245 179 287 91
615 256 257 524 927 629 631 374 427 552 352 774 298 601 317 522 0 541 557 225 796 125 686 774 390 704 1227 620 994 749 243 827 294 796 295 648 847 914 563 830 584 795 127 500 302 803 366 672 728 191 975 300 702 733 716 1063 234 696 316 703 530 392 397 620 298 949 354 386 871 286 345 382 696 650 1079 825 739 585 1089 1041 435 174 571 874 636 572 176 637 275 1094 567 1095 628 445 386 663 1083 945 833 811 650 517 533 575 772 729 633 680 318 670 756 969 375 405 495 706 603 569 770 736 188 449 182 583 302 573 709 757 758 106 865 761 393 509 271 597 164 822 193 842 563 275 787 515 824 904 658 679 303 681 258 661 1158 658 353 244 270 604 826 767 651 690 1079 674 748 242 1144 776 565 831 880 944 410 699 355 206 124 282 217 237 718 778 622 573 485 628 552 157 1195 925 586 381 645 615 682 652 275 968 735 444 685 641 867 526 303 190 633 806 241 386 892 613 619 642 905 379 658 591 956 697 645 818 880 228 741 607 628 116 297 351 647 338 623 717 210 282 751 110 129 613 916 190 493 525 819 415 633 191 742 702 629 628 647 330 655 779 626 615 615 555 793 387 780 242 473 921 754 725 234 656 1043 326 202 338 606 761 678 239 387 967 602 785 831 759 593 391 853 837 810 472 628 603 777 616 169 767 110 680 717 1048 177 265 685 1002 629 344 91 539 360 735 801 437 725 490 354 762 488 303 844 729 766 841 1080 506 390 752 607
586 296 356 330 388 136 394 180 315 274 200 380 502 599 420 565 541 0 266 316 446 445 180 714 484 507 726 600 578 630 336 311 444 732 374 112 352 373 483 340 92 258 484 432 292 552 364 540 226 361 509 284 613 244 649 538 342 619 373 220 563 368 160 144 284 505 478 189 357 464 242 284 213 266 556 546 318 127 567 591 356 540 190 354 115 264 462 546 266 617 227 554 577 123 494 151 591 404 772 682 116 490 368 224 693 395 93 202 356 262 703 484 340 388 375 168 263 574 277 204 353 165 435 320 242 99 469 366 217 463 656 362 274 556 273 107 469 299 349 301 53 303 363 446 283 440 629 598 328 264 391 201 657 163 362 431 286 281 325 377 605 226 597 418 664 318 666 704 346 428 536 415 382 244 360 504 498 430 340 308 648 639 535 445 375 590 90 405 665 541 173 207 186 553 157 512 370 576 679 487 306 114 567 104 337 363 520 337 404 161 464 605 136 241 393 235 588 232 502 247 619 278 404 322 200 620 192 441 256 196 324 226 136 237 498 267 385 452 458 180 548 447 305 232 689 289 133 351 664 317 613 545 166 298 221 485 631 133 305 199 260 460 679 313 322 421 235 184 422 167 503 446 347 409 200 251 168 382 471 507 173 697 528 259 608 303 686 724 745 434 627 63 305 116 448 576 451 242 258 579 436 348 561 478 194 294 482 109 287 210 727 179 525 398 197 673 53 474 304 233 527 382 610 331 408 563 582
333 318 489 574 531 394 653 239 530 11 252 217 372 351 292 337 557 266 0 364 711 433 232 449 307 243 690 347 437 364 454 522 325 467 531 276 578 496 232 311 356 366 451 199 256 303 221 275 249 372 741 262 349 237 386 560 323 355 262 212 331 205 226 406 263 747 320 371 564 345 223 176 209 104 573 308 579 160 579 487 166 634 86 384 359 16 408 284 334 547 488 650 320 336 319 232 544 524 506 417 340 255 117 487 427 661 311 195 252 527 439 705 200 211 607 366 51 332 514 309 397 150 388 578 302 365 211 629 363 453 401 206 164 331 320 370 419 503 390 438 223 286 621 208 429 677 372 335 485 528 314 168 622 207 229 346 302 544 550 211 347 483 535 681 399 322 596 439 598 274 800 463 203 502 226 423 462 580 346 392 384 374 275 187 149 335 355 480 696 799 112 198 448 297 387 247 292 831 416 283 572 354 340 363 258 373 257 275 332 249 337 355 397 110 599 185 327 60 741 177 363 402 343 343 372 373 135 441 286 263 92 246 189 486 416 304 650 447 533 131 365 390 543 485 423 146 388 389 399 147 360 285 187 227 142 250 381 395 568 70 353 285 413 326 112 635 291 358 347 422 629 307 366 270 466 478 234 324 295 417 439 431 300 266 364 172 424 458 480 215 376 291 252 204 404 314 447 503 514 499 535 485 296 657 459 213 471 371 473 427 462 151 263 169 342 408 254 344 455 475 273 299 531 95 237 300 330
527 48 155 378 704 413 487 151 289 363 130 574 280 524 234 456 225 316 364 0 627 136 463 687 325 558 1009 537 795 637 116 611 235 709 209 423 637 689 446 611 366 570 181 378 121 646 237 547 506 58 776 110 598 513 622 839 85 596 200 483 460 261 173 408 108 757 298 184 656 244 142 206 477 446 856 661 546 364 866 834 291 269 360 651 416 377 179 525 51 881 381 870 532 231 329 440 867 721 750 699 428 417 377 387 677 562 409 460 189 476 671 764 230 282 374 483 404 492 559 511 38 235 153 423 77 357 549 574 533 152 726 560 214 443 48 381 181 604 32 617 338 93 596 396 600 704 575 576 179 486 164 443 940 436 223 190 64 428 614 568 560 483 865 528 650 59 931 684 418 631 718 720 283 495 225 233 195 242 54 49 623 660 510 438 341 538 336 116 971 751 371 170 437 513 462 523 160 793 647 364 501 420 698 313 159 58 512 591 163 161 688 535 405 434 691 180 557 387 760 482 562 593 665 36 517 538 412 128 80 127 457 122 401 508 230 62 575 139 169 397 729 171 342 345 707 242 417 35 645 501 549 519 426 159 442 607 555 401 444 347 568 309 677 50 309 711 531 501 175 443 819 258 42 242 407 546 454 139 316 757 398 687 659 538 523 225 729 733 724 357 554 379 560 393 161 629 138 479 513 837 173 157 565 785 426 172 169 327 210 515 710 225 580 355 141 662 264 262 620 516 611 629 869 340 282 613 520
1030 640 539 275 459 320 181 570 370 720 579 776 891 1042 821 1000 796 446 711 627 0 757 546 1160 901 948 927 1044 921 1075 556 311 837 1178 506 461 259 491 928 659 355 495 805 873 678 980 782 986 575 685 250 665 1059 602 1096 717 697 1065 775 595 1000 793 560 306 664 201 886 448 315 852 640 706 591 691 735 967 142 559 749 897 791 691 630 609 360 708 807 992 588 881 251 614 1022 425 909 524 837 506 1218 1125 387 930 814 247 1139 67 413 589 758 185 1149 282 761 815 319 392 701 1015 254 499 650 600 780 213 587 347 906 87 449 769 1088 758 699 990 609 341 808 332 650 458 488 672 122 889 443 208 1074 1045 492 184 769 604 872 552 776 805 640 200 268 776 1051 237 857 143 1110 666 920 1150 236 809 92 615 811 217 775 859 818 539 677 587 1094 1082 981 891 816 1035 360 640 790 130 609 617 265 999 348 958 755 174 1125 916 141 368 979 361 731 686 966 683 776 545 817 1048 315 665 317 651 1034 671 217 642 1064 475 722 654 417 1062 613 744 617 567 758 610 546 247 856 615 61 756 670 606 931 797 303 283 1131 720 327 654 1110 731 1057 991 566 700 634 908 1074 317 184 642 513 878 1123 657 764 294 549 419 792 295 532 849 669 817 249 293 535 751 889 819 274 1142 943 596 1050 728 1124 1167 1191 871 1070 424 659 525 788 1015 754 210 212 863 624 530 1007 408 252 702 782 349 436 338 1173 612 966 839 495 1119 471 867 435 270 961 726 887 775 831 1003 1026
504 149 242 498 833 548 608 268 404 428 247 651 201 493 199 417 125 445 433 136 757 0 576 665 281 581 1109 511 870 633 211 745 181 687 294 547 773 815 444 713 501 692 47 380 181 679 242 552 615 83 912 181 588 619 604 951 114 583 193 588 423 268 290 543 179 892 246 319 791 178 228 257 582 528 967 701 681 473 976 919 310 255 452 763 549 448 71 520 185 974 514 994 515 367 279 555 965 846 726 696 559 401 409 521 661 691 538 565 193 611 648 900 250 282 484 613 480 461 695 631 108 334 63 549 203 493 585 707 658 21 744 638 269 403 172 516 64 737 109 743 460 156 731 395 726 840 549 565 281 621 134 545 1040 547 229 128 160 559 749 644 540 619 960 650 636 129 1023 666 539 707 846 835 287 631 231 122 60 304 105 171 606 661 505 451 361 517 471 146 1085 883 468 266 573 500 595 532 150 925 626 332 634 552 742 449 178 82 514 688 119 285 769 505 540 522 826 259 544 470 896 578 536 717 761 123 645 502 511 20 190 249 522 227 512 643 122 178 707 16 163 497 791 77 464 476 704 290 552 104 630 579 521 512 534 206 537 654 521 536 574 435 688 273 667 132 347 846 644 628 115 578 947 213 99 218 543 680 568 114 276 845 534 673 706 645 488 265 735 724 702 352 522 507 659 507 56 646 17 615 649 927 201 247 566 918 562 220 39 463 327 648 691 320 602 367 277 649 392 197 748 652 643 721 959 381 270 630 496
558 431 530 497 300 238 543 312 493 243 334 229 577 579 492 569 686 180 232 463 546 576 0 654 529 427 551 573 404 560 506 303 522 669 553 91 364 266 460 159 226 135 607 431 400 439 423 481 46 497 525 397 557 65 596 376 464 567 451 49 563 415 290 257 398 539 534 367 341 543 349 352 44 162 393 423 405 104 403 411 385 709 154 188 194 220 575 502 416 436 379 431 543 303 540 30 413 295 705 600 163 487 349 373 629 511 142 45 436 373 647 485 399 428 547 159 195 562 312 77 501 244 550 474 386 243 377 459 134 596 548 212 339 563 416 232 584 281 495 206 135 420 437 440 197 468 593 548 506 369 488 68 482 29 427 527 417 425 337 230 568 310 417 558 602 447 486 641 506 267 627 260 421 330 424 605 620 608 472 467 594 560 495 413 379 559 247 566 510 611 127 311 291 520 198 456 465 636 625 512 420 184 433 272 428 498 473 159 505 303 291 581 248 138 375 324 544 173 531 96 586 170 224 458 150 601 98 576 389 336 234 349 64 301 599 404 489 586 620 102 390 557 477 397 606 338 229 496 604 188 585 505 47 389 100 365 608 248 448 175 123 505 608 445 335 413 69 139 523 255 401 513 485 474 334 273 13 488 516 327 305 629 397 79 593 362 590 643 680 445 602 147 127 72 565 485 586 340 335 398 604 523 501 425 313 379 615 271 467 220 661 259 440 401 367 609 218 547 223 282 424 205 430 325 453 475 557
162 642 842 999 931 843 1089 632 937 440 635 479 476 173 468 252 774 714 449 687 1160 665 654 0 385 230 889 154 565 98 802 956 484 22 894 718 1017 887 246 648 804 773 648 313 571 270 451 175 650 657 1179 584 101 627 67 857 607 96 490 616 244 427 631 855 586 1190 420 780 995 489 577 498 616 492 862 309 1027 606 861 652 404 920 532 738 807 453 600 171 686 740 930 999 155 764 388 664 768 909 63 96 787 271 349 929 28 1108 757 609 499 975 18 1138 459 406 1021 806 466 205 958 727 702 570 602 1014 663 813 283 1078 786 678 213 488 498 265 663 819 611 935 695 845 672 596 1069 295 842 1119 116 117 857 977 540 585 839 636 464 537 630 986 989 473 127 932 743 1121 52 628 772 17 1029 494 1249 807 405 951 462 569 650 929 640 732 67 113 184 272 361 150 801 785 974 1248 556 579 897 175 832 202 534 1279 40 334 1020 801 343 806 528 658 194 603 551 653 549 161 846 516 1028 548 132 495 1182 565 129 809 634 652 803 169 563 683 633 648 420 612 628 934 565 647 1099 681 822 566 456 589 965 920 99 470 837 692 50 476 145 174 617 533 553 334 150 844 1010 518 755 392 59 637 410 1067 693 792 551 871 1006 453 663 453 913 920 660 566 389 635 887 38 345 651 182 475 154 86 37 330 147 740 602 647 611 192 682 952 962 695 847 841 154 1067 908 523 687 816 866 867 29 562 221 342 739 47 694 471 867 920 259 591 715 390 407 194 170
225 288 480 685 826 618 789 332 606 297 323 497 98 213 92 136 390 484 307 325 901 281 529 385 0 340 982 231 694 362 441 788 100 407 534 546 835 794 186 618 570 663 263 141 229 444 121 292 553 284 993 243 314 543 326 866 240 307 131 517 143 117 342 622 245 988 35 466 833 104 261 200 513 409 879 475 791 434 884 761 144 536 375 692 598 323 215 252 340 833 651 955 239 477 11 521 838 824 446 424 592 133 214 654 382 840 563 498 147 726 368 966 144 101 692 633 357 180 761 602 331 320 218 718 327 571 363 832 650 293 487 491 210 123 316 587 226 773 326 731 467 244 839 149 719 923 269 291 504 732 164 471 917 500 126 153 281 706 807 489 261 706 825 827 359 268 879 387 722 547 994 770 108 723 127 188 266 561 273 374 328 392 238 213 164 238 553 409 1001 1012 401 285 662 227 637 278 166 1050 346 56 762 596 520 544 176 285 254 579 171 356 615 225 615 417 870 252 269 366 986 484 256 697 644 290 650 222 435 299 296 335 366 293 473 720 183 304 843 296 440 427 597 204 649 627 431 198 617 321 353 440 241 243 481 202 448 443 241 612 727 354 652 25 391 278 196 901 593 635 168 650 930 70 293 87 656 733 527 190 13 703 636 396 491 573 207 181 468 448 422 111 241 535 559 481 226 394 297 715 739 784 470 481 302 942 663 200 302 557 528 687 412 305 359 152 418 372 442 86 745 717 409 598 813 215 77 379 217
191 510 703 815 701 629 896 464 766 236 472 254 437 221 389 265 704 507 243 558 948 581 427 230 340 0 702 202 385 133 664 729 417 243 750 496 791 657 156 421 595 543 580 206 437 104 339 76 421 546 952 448 142 398 180 641 492 155 388 387 255 313 456 643 450 965 371 606 767 431 425 352 388 266 648 138 812 390 649 466 273 819 318 510 591 243 531 121 542 549 731 774 166 578 349 440 569 680 278 177 567 211 181 729 204 901 539 382 389 764 226 910 335 299 846 582 247 226 735 498 583 385 522 821 513 605 55 864 558 598 168 260 346 271 522 608 543 707 576 616 461 467 851 193 613 894 201 142 707 765 447 359 645 411 353 461 495 786 764 247 178 715 548 923 179 504 589 216 840 278 1035 581 294 735 351 520 587 793 523 596 177 134 127 131 221 183 596 670 765 1029 339 414 684 155 612 70 432 1058 207 287 811 584 183 606 411 547 100 375 463 479 341 215 633 290 799 389 149 278 957 336 201 580 413 528 576 239 340 595 489 485 194 457 407 714 514 505 888 597 716 345 278 515 784 727 183 317 622 573 182 246 209 131 392 400 327 126 235 632 810 308 525 332 181 511 250 839 463 566 470 655 778 386 546 367 707 696 434 468 336 431 679 203 161 421 239 333 182 219 254 236 227 524 373 427 535 73 598 739 745 501 730 700 89 837 698 386 613 614 703 643 235 381 22 214 572 183 497 418 638 699 69 368 526 220 315 58 195
893 972 1081 1001 468 724 1008 858 1023 698 879 485 1059 922 981 956 1227 726 690 1009 927 1109 551 889 982 702 0 904 324 800 1057 618 1014 890 1100 617 669 437 834 398 740 485 1134 847 928 624 910 778 506 1036 750 929 832 496 865 211 996 847 952 527 946 893 837 744 930 797 1001 914 613 1034 882 860 533 587 193 583 805 646 179 238 850 1260 658 373 687 674 1095 823 964 153 874 342 868 849 993 578 145 422 907 796 657 884 768 864 861 926 655 549 941 817 895 696 890 895 1059 610 639 924 685 526 1047 778 1073 957 933 758 654 852 537 1130 684 491 847 957 961 737 1105 600 1040 486 685 954 807 845 505 743 901 839 1054 806 1001 566 69 576 919 1035 957 900 660 492 879 746 157 1005 848 985 117 872 996 438 970 327 888 758 916 1112 1146 1155 1010 1017 861 777 826 787 818 885 770 1116 175 917 642 846 757 855 658 769 979 916 884 943 855 678 546 800 943 1038 798 422 1020 852 369 917 737 589 616 850 850 643 779 531 902 485 349 1000 569 941 599 1113 932 883 616 890 611 718 1106 948 889 1122 1170 614 433 1076 990 905 796 834 714 1041 854 545 911 832 584 908 572 576 936 740 918 675 476 963 830 985 798 649 490 578 1035 720 418 995 1026 959 816 654 562 1008 972 279 793 851 550 473 941 860 747 826 894 874 929 676 451 623 1088 705 1121 780 750 201 1156 1073 788 553 785 895 1149 794 1011 631 877 790 697 830 918 845 769 1031 504 691 644 391 176 772 921 708 896
14 494 692 864 866 734 959 496 796 337 495 444 323 24 314 101 620 600 347 537 1044 511 573 154 231 202 904 0 586 148 653 869 330 177 745 623 925 826 117 603 691 702 494 174 423 291 302 126 579 505 1088 437 97 560 97 835 455 85 338 542 92 280 498 744 439 1094 266 643 910 335 435 357 541 416 844 331 918 507 845 668 263 765 433 690 703 356 446 82 540 751 805 959 36 634 234 577 770 851 215 202 686 122 233 806 152 989 656 531 349 860 137 1052 313 257 882 713 378 51 860 649 550 445 448 885 518 698 251 965 706 524 291 447 359 113 516 707 457 849 544 775 565 447 962 157 769 1024 38 77 710 863 387 505 846 550 314 383 482 862 898 437 35 824 749 993 131 478 790 156 896 476 1135 765 258 843 313 416 496 778 489 583 100 181 82 161 228 19 684 632 963 1140 459 443 785 54 733 137 382 1174 115 179 903 698 374 685 378 505 109 558 397 518 541 14 735 436 945 410 59 402 1088 496 25 739 605 502 718 37 476 529 488 509 348 470 535 830 412 501 983 527 668 476 477 435 829 790 210 333 729 540 124 418 13 74 530 387 474 327 36 732 885 415 686 238 165 487 281 982 623 705 397 764 954 298 511 300 795 825 577 412 235 631 770 166 359 587 41 334 255 221 191 184 29 635 550 551 457 216 528 841 856 703 694 693 119 997 793 378 533 695 723 774 181 434 209 206 599 144 573 317 794 820 264 559 728 269 256 207 18
576 751 901 901 519 637 943 654 893 442 672 221 781 606 711 647 994 578 437 795 921 870 404 565 694 385 324 586 0 476 870 625 744 566 934 494 689 472 528 263 630 426 885 554 693 300 644 460 363 808 823 697 510 339 542 334 760 525 691 360 637 622 635 657 699 856 718 752 643 762 656 613 366 350 333 259 781 462 327 88 578 1063 439 320 593 422 840 507 759 176 783 503 551 696 704 434 213 478 584 472 560 581 484 776 537 897 544 376 684 764 570 771 628 620 951 536 392 611 668 428 830 563 823 877 726 647 343 835 472 890 362 236 601 651 749 635 852 601 823 475 526 722 802 548 485 787 580 519 886 757 747 379 277 416 655 774 735 826 668 227 560 695 184 955 524 758 208 548 910 164 989 348 612 713 652 847 895 987 782 816 537 453 512 486 536 567 651 910 426 956 435 625 686 540 585 454 726 970 560 648 810 583 222 676 693 809 484 247 765 656 114 600 648 365 663 619 530 409 841 333 582 450 199 777 505 623 398 878 715 680 348 674 442 677 841 733 869 884 964 414 110 822 880 801 472 580 627 822 530 295 593 516 412 664 367 261 617 648 848 450 408 678 506 760 530 704 378 505 778 647 543 719 801 688 735 628 417 759 685 113 706 527 228 335 625 606 425 503 570 583 610 552 277 462 838 381 884 728 713 137 960 895 468 651 711 650 907 676 857 584 553 571 378 544 740 521 604 756 500 652 323 201 151 499 643 386 580
146 590 788 927 833 756 1013 565 870 356 570 381 459 171 434 245 749 630 364 637 1075 633 560 98 362 133 800 148 476 0 749 862 455 110 839 627 923 789 191 550 720 676 623 259 517 176 403 93 554 614 1085 529 51 531 68 760 561 63 447 520 235 377 561 769 531 1098 397 711 900 464 516 438 521 398 766 217 940 518 765 562 347 883 445 640 719 367 573 113 629 649 851 901 126 690 367 572 675 811 145 63 697 232 276 849 71 1025 668 515 453 890 98 1044 406 358 953 714 376 195 866 632 656 495 571 938 603 729 186 991 691 648 146 390 435 256 607 734 585 840 649 749 586 544 981 242 746 1026 122 73 799 891 502 492 748 543 416 506 576 907 896 375 113 844 651 1042 49 579 684 83 955 397 1163 709 355 864 415 550 627 878 594 679 64 33 128 202 299 132 719 742 879 1159 467 513 811 135 742 121 492 1189 84 307 936 713 254 726 480 614 125 505 515 583 454 160 760 423 933 483 95 406 1090 470 130 713 536 603 709 179 472 650 576 583 326 549 537 844 545 591 1014 649 782 476 366 560 894 843 71 406 750 645 55 380 146 121 524 478 460 237 165 758 931 432 658 363 49 587 342 972 597 698 518 783 908 423 617 415 830 828 567 526 363 540 803 69 251 554 188 416 108 98 120 283 159 652 505 557 582 96 650 866 874 603 803 787 73 970 823 467 660 735 803 775 101 489 123 282 673 51 615 448 771 830 162 494 624 317 365 96 154
