NAME : X-n331-k15_SARP
COMMENT : Curated from VRPLIB to SARP
TYPE : SARP
DIMENSION : 331
EDGE_WEIGHT_TYPE : EXPLICIT
EDGE_WEIGHT_FORMAT : FULL_MATRIX
EDGE_WEIGHT_SECTION
0 940 881 959 752 1051 1031 982 944 1197 130 311 937 502 1178 880 1187 690 499 652 845 690 792 701 1193 849 1056 879 1216 761 420 813 289 1141 664 1197 993 902 1135 979 499 890 853 791 1001 589 342 587 397 1170 958 220 609 943 1162 828 1312 398 1052 762 980 999 450 465 1301 969 214 1133 642 838 1076 800 1009 1113 503 832 1021 1206 940 674 752 1021 788 840 796 700 973 959 1035 662 1069 950 620 710 753 1172 849 1119 581 615 1063 569 1077 1058 377 971 864 1320 1000 776 496 585 200 385 578 743 1087 1132 396 945 206 878 111 685 575 561 609 754 905 806 628 84 779 1049 323 601 680 430 986 882 789 707 670 1031 469 717 1154 1074 398 894 630 612 1026 1183 652 888 655 632 888 667 720 578 790 985 999 967 765 1071 437 332 750 770 723 857 1065 479 888 897 733 941 677 75 593 299 901 1031 591 1330 820 933 922 1011 403 1049 374 1228 925 585 607 751 1143 542 600 1302 512 1034 918 845 530 870 601 798 796 1071 1154 1341 785 999 972 271 709 699 1144 677 656 954 1180 987 974 792 1137 659 1077 981 923 861 1229 358 1117 710 823 545 540 1029 375 632 261 250 562 449 1044 933 1269 264 1253 1194 1173 993 787 761 440 673 1142 658 468 511 1073 803 778 539 716 535 481 866 996 239 502 602 1357 499 920 881 143 1040 932 377 1077 699 1115 231 1043 420 546 1062 542 340 898 734 1017 1123 973 811 798 1033 724 1054 973 708 740 582 452 986 647 1130 979 1264 614 750 365 835 809 700 656 700 574 800 74 828 980 1094 786
940 0 868 790 198 172 677 396 78 566 850 637 137 440 520 254 692 433 470 328 108 250 148 919 735 147 638 455 751 189 521 626 705 498 467 595 424 1133 545 1030 599 446 980 566 158 927 629 800 562 571 692 720 824 575 644 456 780 549 762 1064 402 553 848 778 662 46 727 630 578 544 438 1000 833 705 858 188 903 763 636 859 598 929 189 584 186 657 178 1063 692 661 803 734 827 763 595 830 856 508 708 425 455 463 953 944 863 147 356 739 209 944 896 365 824 555 377 824 282 581 913 1059 737 416 924 439 880 678 642 1020 1016 354 312 906 215 220 638 829 520 877 278 693 202 516 299 552 909 226 531 917 628 253 343 953 98 732 469 554 694 539 540 779 271 384 217 427 964 91 208 586 714 676 594 339 479 1145 309 462 174 304 590 1112 896 899 426 931 768 148 738 788 870 815 465 390 548 249 575 725 279 404 814 361 758 553 900 775 819 119 63 466 835 263 899 984 441 563 868 760 435 133 941 837 628 566 545 538 301 673 697 131 930 1103 804 838 441 1033 17 197 710 802 607 871 686 992 403 936 596 948 731 844 395 623 706 450 753 708 676 675 700 639 1088 618 946 270 457 283 956 433 387 145 700 416 711 411 462 465 61 923 544 378 749 967 197 831 800 179 675 873 246 717 776 736 631 637 683 552 786 744 960 246 214 585 532 489 182 830 888 779 734 961 1027 657 503 1094 294 605 1025 720 340 829 658 168 308 1023 649 528 534 434 870 531 1133 500 300
881 868 0 145 837 819 318 540 803 607 756 702 747 710 627 620 484 464 620 628 865 769 805 222 458 920 380 427 474 839 717 242 637 602 443 582 522 297 550 164 461 440 143 302 776 339 642 294 650 569 237 776 274 342 494 413 581 797 267 307 532 405 439 417 663 853 801 471 350 327 585 205 166 384 390 944 144 453 279 218 277 140 701 287 699 250 734 197 309 272 255 190 265 179 279 362 32 566 317 528 557 528 197 178 514 1003 519 625 728 169 412 678 683 733 659 139 748 514 516 195 820 464 779 460 327 349 326 264 157 513 757 798 671 766 664 285 380 468 653 187 683 371 865 434 444 806 586 200 556 625 633 334 876 447 448 332 257 393 346 216 640 643 662 513 126 955 883 443 458 601 281 533 402 336 696 713 979 578 291 256 232 806 549 615 119 820 297 599 68 97 436 568 672 738 684 510 613 592 276 516 377 457 312 571 372 860 806 406 356 608 310 189 427 463 316 637 433 798 97 610 267 328 561 364 839 253 472 788 95 329 335 227 584 166 861 671 524 523 473 185 182 429 703 148 632 311 654 632 652 496 306 456 543 672 584 508 461 318 314 256 494 796 642 744 474 782 630 846 176 655 200 686 700 412 878 665 510 611 670 453 686 40 837 797 234 517 773 209 330 697 373 519 361 465 339 551 97 890 739 500 404 379 898 195 179 257 210 248 284 340 822 226 776 490 159 563 826 131 573 703 560 314 285 363 444 434 825 339 269 547 571
959 790 145 0 792 719 177 430 720 467 830 741 661 710 491 537 339 430 625 597 805 732 751 355 313 862 240 336 331 792 733 192 693 468 420 440 407 434 413 266 494 346 286 251 681 463 683 388 675 429 107 826 377 226 350 338 438 815 123 451 422 279 538 500 519 769 851 329 357 252 460 350 54 239 494 892 113 310 161 336 252 138 642 214 638 269 640 315 166 304 119 59 369 255 253 229 164 433 378 511 431 524 168 155 611 933 435 480 629 311 523 661 759 755 643 247 636 374 622 318 870 375 864 429 441 401 361 408 290 445 731 878 613 662 705 389 362 571 550 107 622 344 835 303 556 765 449 140 598 539 606 463 785 303 429 236 305 392 250 303 594 628 601 400 181 880 838 306 523 653 256 474 364 478 583 717 920 489 272 384 359 885 536 716 58 723 369 456 204 48 333 454 695 631 712 365 520 578 376 462 234 474 432 428 468 766 728 326 457 527 430 333 362 328 196 492 372 705 164 694 271 314 424 351 811 126 327 697 151 474 198 337 459 268 787 595 379 606 332 309 149 556 695 145 666 441 714 716 641 537 162 351 399 727 440 363 316 185 459 233 608 764 512 712 591 780 510 791 184 649 243 680 704 325 792 760 529 592 525 574 599 112 896 697 117 615 665 260 189 755 234 564 416 331 428 620 231 850 637 360 284 311 848 74 309 115 71 387 427 383 830 338 747 349 259 418 805 242 622 634 492 456 313 341 453 368 897 267 389 415 508
752 198 837 792 0 351 718 474 233 684 671 459 262 262 643 309 778 374 317 216 94 80 65 840 814 106 694 479 834 9 340 606 539 614 398 706 501 1072 647 1000 478 476 928 544 317 824 461 705 394 679 708 533 732 605 733 459 884 356 794 983 478 607 722 656 790 237 538 712 505 541 545 934 841 766 742 113 903 839 655 780 561 925 162 578 169 599 312 1024 731 592 833 741 737 701 558 884 819 614 614 325 552 347 960 947 723 228 387 854 348 880 777 209 654 371 227 765 438 674 775 1017 547 445 746 377 777 580 558 942 971 355 132 725 187 380 467 736 460 746 387 686 181 466 103 617 784 40 643 929 479 316 219 853 294 808 395 568 621 460 556 704 198 239 202 500 949 215 46 657 585 517 556 320 436 1072 447 283 162 360 546 1062 814 716 314 777 756 327 647 895 825 806 505 482 376 399 400 816 356 277 722 330 817 442 801 877 706 311 202 475 726 310 800 919 431 639 910 876 421 301 923 679 575 512 650 477 103 691 780 292 914 1023 853 757 547 1003 181 247 805 658 690 799 662 875 231 933 431 852 562 683 243 490 746 497 850 536 786 767 780 674 1008 582 814 80 584 116 828 241 506 53 661 259 655 243 286 483 259 761 417 251 872 844 291 806 610 350 686 732 410 655 823 561 684 497 580 627 681 594 922 67 360 674 580 482 65 846 817 809 748 879 945 565 307 1056 109 692 996 823 143 771 504 195 312 933 578 475 434 426 684 526 1088 598 289
1051 172 819 719 351 0 579 292 118 415 949 741 114 552 367 217 559 447 557 403 272 379 289 911 605 319 530 392 619 342 633 583 792 352 484 448 318 1104 406 976 646 379 946 530 53 942 721 812 657 427 614 832 831 494 510 413 633 676 667 1055 300 454 888 816 503 126 843 502 586 494 303 978 754 590 888 360 828 634 559 855 573 856 263 534 255 644 94 1016 594 659 708 660 832 748 570 716 814 369 723 473 326 519 872 865 917 295 307 585 92 923 927 466 912 669 473 804 119 448 963 1015 856 356 1020 453 896 700 654 1009 974 334 438 1007 274 64 734 839 522 920 169 634 263 510 453 443 945 368 386 833 700 208 423 964 91 604 490 489 692 555 474 774 335 474 265 324 900 240 371 469 763 757 569 341 472 1125 161 575 343 246 570 1073 892 1001 484 998 708 24 750 638 835 752 387 275 649 98 678 587 208 476 822 366 642 596 911 628 847 64 149 416 859 231 910 961 411 444 762 605 410 52 879 910 614 558 404 540 450 595 566 64 867 1092 694 835 306 979 184 201 570 861 481 859 642 1018 513 862 686 955 820 921 489 681 607 368 610 802 527 538 571 547 1076 590 989 409 304 404 994 563 247 302 667 512 694 516 571 407 122 999 602 455 590 1000 152 780 916 23 603 926 80 704 667 833 526 701 708 434 808 811 916 408 82 454 440 450 350 746 874 685 655 954 1019 675 638 1044 426 475 970 574 484 807 733 216 298 1022 648 523 570 403 978 484 1089 366 306
1031 677 318 177 718 579 0 288 601 290 902 774 541 697 315 428 176 402 624 553 711 671 667 510 166 772 63 239 188 716 738 219 748 294 407 263 261 611 237 439 537 242 461 244 548 604 720 506 696 252 89 869 503 115 177 268 292 819 88 621 280 126 649 597 347 649 891 153 391 208 296 521 189 83 614 806 265 175 92 478 279 295 558 194 552 338 511 490 15 376 129 129 497 375 278 168 332 259 466 493 268 521 298 295 716 823 334 321 493 478 648 630 834 767 616 391 483 197 737 494 910 273 947 403 574 477 424 576 467 365 686 955 532 518 743 515 366 685 413 169 538 341 780 139 679 698 273 257 643 426 568 610 655 155 419 163 392 410 171 424 530 603 517 256 349 768 763 131 600 706 281 404 342 654 430 709 825 375 299 561 507 959 521 822 205 587 469 311 369 224 215 305 710 485 733 210 398 557 499 401 115 502 571 282 581 633 615 249 576 421 569 504 302 155 193 337 314 574 337 781 323 335 247 363 759 83 165 568 323 646 135 473 294 441 676 491 219 697 155 458 225 698 674 299 696 591 773 802 619 586 29 228 250 779 271 195 155 45 631 271 732 707 341 660 721 760 350 707 276 632 341 661 697 237 668 858 553 564 365 708 480 281 947 557 107 722 516 360 106 811 60 615 492 160 536 694 408 782 498 183 145 258 767 174 463 106 108 546 594 452 822 512 697 172 432 258 762 389 672 538 406 618 379 343 473 304 963 223 564 244 430
982 396 540 430 474 292 288 0 318 227 861 682 258 541 199 165 305 292 498 371 446 449 414 665 344 506 243 131 362 470 606 318 696 163 322 241 29 833 178 691 501 116 675 279 260 720 641 595 594 212 323 782 607 203 259 176 411 676 376 803 8 162 704 636 337 364 800 240 388 231 94 716 462 309 689 544 537 371 269 614 330 565 314 265 306 409 224 734 303 435 417 371 606 502 327 435 539 149 518 369 87 413 579 573 752 542 120 386 205 663 729 456 806 641 450 548 208 200 790 734 817 111 922 298 678 507 452 755 697 178 482 919 295 233 661 617 328 740 125 353 297 306 556 157 754 465 183 540 588 158 392 738 367 340 334 209 466 374 196 538 321 441 278 32 611 486 515 191 604 654 328 219 275 861 156 560 555 115 335 796 651 918 393 849 425 300 538 423 566 465 106 33 598 201 626 342 121 412 599 234 362 450 688 403 649 345 336 167 655 165 686 698 197 169 475 409 204 287 592 779 380 340 183 340 539 304 308 280 579 836 410 599 96 693 397 228 331 710 217 610 371 807 508 571 609 724 724 795 460 547 316 85 376 717 316 293 309 255 820 342 803 486 162 450 802 587 104 450 407 480 449 501 551 149 381 867 482 406 411 800 201 500 868 270 314 760 235 464 381 751 237 574 519 157 605 679 637 541 211 200 147 208 511 454 623 393 364 707 769 479 660 761 486 218 685 350 555 550 623 280 191 779 429 317 418 191 908 226 808 129 219
944 78 803 720 233 118 601 318 0 490 846 635 60 442 444 184 614 384 457 306 160 264 171 867 657 212 560 383 673 225 525 561 694 421 420 518 347 1075 467 964 567 374 920 502 87 883 620 754 555 494 619 724 776 501 566 390 703 563 687 1012 325 477 814 743 588 50 733 552 530 477 360 943 760 627 820 254 832 684 563 808 538 858 161 517 155 601 100 999 616 609 728 662 779 708 535 753 793 431 663 391 376 433 881 872 836 224 286 662 133 888 859 360 814 560 368 767 213 503 884 996 746 345 919 391 836 636 596 967 953 292 323 904 180 151 632 783 468 845 200 625 168 462 336 475 874 250 454 844 608 181 325 908 89 654 424 483 642 492 469 727 241 372 176 350 895 168 256 508 684 662 534 284 423 1089 234 466 248 231 531 1051 845 897 397 910 700 94 692 711 809 746 391 312 544 177 572 647 203 382 767 307 680 519 855 697 780 91 31 398 794 195 853 927 377 485 792 684 373 68 873 819 572 511 467 487 333 600 619 60 861 1050 727 787 363 967 83 135 632 777 529 817 621 953 404 865 586 901 721 828 386 597 630 376 675 701 599 597 622 564 1035 558 914 292 381 290 922 449 310 186 638 408 655 409 463 395 77 907 517 358 674 931 122 765 807 117 604 845 180 662 699 731 554 614 642 474 744 723 897 292 139 507 457 424 237 757 833 704 661 909 975 613 522 1029 310 527 958 642 367 772 640 123 247 974 598 474 497 370 872 464 1070 422 245
1197 566 607 467 684 415 290 227 490 0 1072 903 437 768 49 382 169 507 722 599 640 669 621 784 219 698 228 318 224 679 832 448 908 70 533 37 209 901 65 727 704 306 750 435 409 864 859 750 816 38 371 1003 755 294 130 370 218 903 363 905 227 223 879 816 110 525 1022 142 574 382 141 807 475 246 854 739 548 245 340 744 486 578 530 399 522 564 390 780 302 597 396 417 751 633 484 353 618 79 688 590 140 633 569 570 935 706 345 173 357 761 892 683 1014 867 677 663 296 94 967 784 1039 319 1130 513 827 686 629 859 757 403 707 1130 515 354 880 766 523 915 298 438 515 497 773 188 920 680 44 527 799 372 619 875 505 222 545 337 623 572 331 678 546 668 498 215 635 648 721 166 797 866 486 445 475 943 258 787 738 338 499 851 777 1131 616 1038 490 433 701 223 654 514 275 208 821 321 849 184 331 638 749 459 285 657 831 213 816 479 515 354 817 384 829 790 401 150 413 194 411 436 625 978 539 519 55 530 759 357 181 436 611 932 346 734 138 729 573 439 164 902 135 730 482 957 735 580 829 858 936 996 687 753 308 264 199 933 112 142 189 291 917 490 972 706 111 673 966 814 181 653 530 707 588 728 777 332 532 1063 695 632 188 959 395 569 1088 398 379 943 336 606 327 966 234 781 700 153 770 880 698 751 353 108 241 391 712 454 738 379 398 823 876 658 887 800 708 119 720 160 777 663 833 490 418 896 595 506 625 397 1124 386 853 103 446
130 850 756 830 671 949 902 861 846 1072 0 213 834 411 1056 768 1059 568 392 546 762 602 704 584 1064 773 927 755 1087 680 331 684 165 1018 540 1072 871 796 1010 860 371 766 735 663 898 477 229 463 291 1045 828 150 487 815 1034 703 1184 332 922 657 858 872 332 339 1176 875 160 1005 514 710 954 686 881 984 386 762 894 1077 810 552 623 895 687 711 694 570 867 843 905 532 939 821 497 583 624 1043 724 996 452 498 941 451 951 932 263 897 745 1193 892 659 384 487 73 301 478 618 976 1006 292 829 164 755 75 563 458 431 480 645 788 687 542 59 675 941 214 478 554 317 873 752 685 580 600 904 360 634 1030 947 273 781 525 503 931 1054 528 760 526 504 760 541 614 475 685 862 875 886 691 944 307 207 621 653 598 756 951 389 818 781 604 831 558 58 478 208 772 930 463 1201 696 805 797 890 303 939 275 1099 810 475 483 632 1013 416 484 1174 390 937 823 719 410 757 485 683 672 944 1024 1213 662 898 848 152 580 571 1019 550 583 825 1052 885 849 690 1007 536 956 862 834 754 1101 234 990 589 694 446 447 904 263 521 137 131 460 322 914 808 1141 147 1126 1066 1045 864 684 631 341 591 1022 568 369 435 955 720 649 438 587 440 389 741 903 153 379 495 1230 399 812 754 125 936 803 265 969 570 986 116 915 293 416 936 417 211 777 663 909 996 846 685 723 904 603 925 843 594 632 453 390 871 563 1003 859 1136 541 625 239 732 694 595 526 573 448 676 71 700 869 971 672
311 637 702 741 459 741 774 682 635 903 213 0 627 198 881 571 914 397 189 341 549 389 491 583 928 562 788 591 951 468 119 567 103 844 377 907 696 821 844 835 247 600 722 530 691 508 59 438 88 880 713 100 468 673 883 541 1039 144 812 695 681 721 364 328 1010 663 119 855 389 569 776 692 795 851 408 553 825 944 683 535 502 833 478 581 486 472 662 833 780 439 836 718 478 523 502 930 672 825 386 313 766 270 886 867 328 685 563 1039 689 651 427 276 199 93 268 574 776 846 377 821 138 584 288 392 472 353 382 669 775 504 329 269 468 738 38 464 409 371 677 646 478 434 393 750 418 421 859 872 145 584 319 538 719 918 364 618 446 364 615 493 409 267 479 688 827 673 480 792 259 113 499 466 441 796 756 176 609 591 481 840 555 262 289 343 685 721 410 1056 654 726 634 709 92 738 63 955 617 276 461 448 889 273 501 1030 391 726 611 559 414 561 501 683 507 788 924 1060 495 689 798 244 471 441 852 411 374 705 909 677 796 733 894 514 778 837 621 550 954 265 837 568 593 517 234 842 78 549 115 241 251 206 792 642 997 84 970 917 904 732 723 516 426 379 841 355 449 228 769 507 557 228 508 227 175 580 691 313 221 292 1073 474 609 689 186 729 686 335 766 495 869 103 775 182 341 778 395 197 748 455 706 839 693 531 513 814 586 818 737 608 662 363 199 864 350 848 833 987 333 582 133 525 502 634 429 431 301 509 238 556 875 801 478
937 137 747 661 262 114 541 258 60 437 834 627 0 440 393 128 556 343 443 289 204 276 197 819 598 261 500 325 615 255 521 506 678 368 380 464 287 1023 411 908 536 315 867 449 64 842 606 712 543 439 560 719 733 442 508 334 648 567 627 964 265 417 780 709 538 108 730 493 486 421 304 893 701 567 783 302 773 626 504 761 487 800 150 461 142 553 50 944 556 563 668 604 735 659 484 693 739 375 621 361 319 406 822 813 806 284 229 610 86 837 822 353 798 557 359 717 176 446 853 941 744 287 906 349 795 596 553 919 899 241 331 893 159 120 620 740 423 812 142 568 149 415 362 415 839 271 400 785 586 123 309 865 131 595 385 425 596 451 411 680 221 360 150 290 838 227 292 448 653 643 483 239 376 1039 187 463 302 172 481 997 798 887 371 885 643 98 650 657 756 689 332 254 535 136 564 590 144 362 723 263 621 486 812 642 742 121 79 342 755 140 811 876 325 426 732 631 321 66 815 797 523 463 412 441 355 541 561 53 804 1002 667 741 307 911 140 91 576 749 471 768 566 914 402 806 572 858 705 807 376 569 570 316 619 688 545 540 564 504 987 506 881 308 331 296 887 456 257 222 585 398 605 404 459 338 131 886 490 340 623 894 63 709 804 102 545 815 151 614 639 719 494 588 603 415 705 698 842 326 97 449 397 369 278 698 785 644 602 862 928 573 531 974 322 469 902 587 385 721 619 102 199 928 552 427 462 317 865 408 1015 365 201
502 440 710 710 262 552 697 541 442 768 411 198 440 0 739 405 810 295 92 171 351 191 293 652 833 367 696 479 856 271 82 519 277 703 294 779 561 894 715 864 270 484 768 467 504 609 200 506 134 751 655 282 536 585 773 436 932 135 753 785 542 617 487 429 878 467 291 747 362 490 632 756 764 765 517 362 811 854 613 595 458 825 290 515 299 461 479 874 707 440 785 673 543 544 457 863 685 690 426 204 628 186 871 855 475 490 424 920 510 707 546 89 392 117 92 606 601 726 527 865 304 461 486 294 565 389 390 750 817 367 131 467 286 556 205 536 348 505 511 605 294 368 210 640 548 224 724 849 232 418 150 639 524 825 283 534 460 321 527 532 233 100 300 555 834 476 288 684 353 259 454 324 357 881 587 23 417 436 438 897 624 459 177 519 661 532 458 946 679 708 519 564 113 561 137 852 455 140 527 314 810 256 592 923 487 533 417 455 508 398 591 744 400 674 871 942 387 500 805 419 448 396 722 359 187 643 808 488 800 825 828 571 635 866 423 372 847 409 726 622 563 644 38 834 172 644 300 422 82 262 720 521 892 274 849 808 804 652 812 477 571 182 691 157 588 72 615 309 542 65 511 40 24 473 494 499 209 138 949 608 432 688 365 542 629 484 585 505 800 299 684 259 384 663 472 341 778 267 526 721 588 439 319 777 641 763 687 686 748 384 125 907 153 734 860 874 151 613 251 339 351 729 426 370 266 400 431 475 929 668 323
1178 520 627 491 643 367 315 199 444 49 1056 881 393 739 0 345 213 488 697 568 596 631 579 795 262 653 252 305 270 638 805 452 891 37 516 84 186 923 78 754 691 292 770 433 362 870 839 752 793 73 390 981 759 301 170 356 266 874 393 920 200 230 876 811 147 478 999 176 566 380 107 824 503 281 854 694 577 289 353 752 485 608 492 401 483 564 345 805 327 596 428 438 755 640 483 394 636 66 685 568 115 612 603 602 930 658 319 219 311 776 892 653 999 840 647 674 248 120 964 809 1016 301 1116 494 831 681 624 874 780 378 671 1114 478 306 859 770 511 912 256 452 477 487 734 197 919 641 42 561 783 334 589 882 457 265 528 339 623 560 331 683 513 640 461 194 663 601 679 185 788 849 484 418 461 963 211 758 692 304 496 875 786 1114 592 1031 509 385 700 271 670 536 264 175 797 273 825 231 294 612 752 434 323 642 836 262 815 431 470 342 817 349 834 807 385 164 452 240 395 389 652 967 538 512 68 520 721 375 223 389 638 949 384 741 104 756 527 399 212 893 164 740 491 961 705 610 808 866 919 984 658 738 335 250 247 914 160 186 231 309 933 491 971 668 63 637 966 782 137 610 537 678 592 698 749 321 484 1053 677 604 230 960 353 588 1066 350 395 938 287 610 363 948 257 766 694 164 769 868 720 710 306 134 243 381 669 484 749 410 421 835 890 653 856 827 672 150 747 209 741 674 817 450 388 908 593 496 610 380 1105 382 879 91 416
880 254 620 537 309 217 428 165 184 382 768 571 128 405 345 0 470 232 382 235 285 287 249 696 507 346 394 201 526 305 479 379 605 312 269 401 193 896 340 781 439 192 739 321 166 724 540 595 483 373 438 668 614 322 424 207 576 540 511 840 170 307 674 603 490 234 683 404 369 293 241 767 579 464 672 383 649 533 382 638 360 675 149 334 141 429 124 816 442 442 552 480 615 534 357 587 611 308 506 273 245 320 700 690 707 398 102 548 135 711 712 316 723 515 315 591 209 365 752 814 699 162 836 239 678 484 437 794 771 117 327 827 133 185 557 622 305 708 107 441 133 293 392 313 731 300 339 664 505 13 257 747 258 502 276 300 475 338 287 558 173 310 116 192 712 344 350 351 554 567 357 126 254 913 185 426 398 54 356 869 676 823 290 793 516 211 533 587 629 563 213 176 481 175 510 507 51 295 604 151 517 387 694 568 631 245 191 214 642 13 692 750 198 332 621 571 195 184 689 711 399 341 344 322 377 420 472 172 678 877 559 619 244 784 251 64 496 655 381 644 438 801 368 682 506 738 634 724 328 478 456 200 542 620 479 458 473 388 862 379 775 324 291 292 780 440 213 286 458 350 480 365 419 212 258 801 402 280 569 784 68 582 755 197 422 716 208 489 529 653 386 500 492 320 591 611 714 376 151 366 284 242 347 577 660 527 480 738 804 459 516 846 327 384 775 515 396 595 539 115 82 806 431 305 359 190 806 281 888 291 98
1187 692 484 339 778 559 176 305 614 169 1059 914 556 810 213 470 0 522 748 650 750 747 719 685 50 811 132 332 60 774 863 385 900 213 538 132 277 767 153 583 689 326 625 396 542 780 863 680 831 140 265 1012 678 244 49 377 126 940 220 790 300 194 821 766 183 655 1033 66 545 349 257 689 333 100 788 849 400 77 257 653 439 430 617 349 609 506 515 638 180 544 245 301 672 551 438 186 502 190 635 613 238 649 413 416 886 837 400 145 487 649 823 733 994 894 723 567 445 112 910 644 1052 352 1108 526 749 642 587 746 623 449 774 1114 595 495 886 690 509 857 414 345 599 482 856 170 853 767 180 371 792 463 669 786 646 53 550 299 563 557 300 599 611 711 579 278 489 780 820 126 763 857 440 492 473 815 398 826 857 418 457 712 683 1117 641 992 377 574 640 143 540 387 292 303 842 461 867 42 426 672 674 498 122 648 747 116 754 620 635 358 750 468 745 672 413 140 248 161 425 570 484 946 488 488 157 510 838 258 13 567 469 813 183 648 254 585 696 533 44 863 89 633 399 874 782 430 837 766 927 966 729 738 180 292 83 929 101 29 24 201 798 435 907 784 264 744 896 866 312 755 450 746 515 771 814 339 667 1025 695 673 189 884 503 449 1093 539 282 892 483 534 170 961 145 767 657 152 708 854 567 845 487 107 223 383 816 308 637 234 278 720 765 616 934 655 781 87 576 83 849 564 824 585 479 791 545 488 617 412 1117 360 709 194 506
690 433 464 430 374 447 402 292 384 507 568 397 343 295 488 232 522 0 226 167 409 306 346 486 541 460 402 194 564 376 341 238 404 451 37 511 302 706 447 627 213 203 558 180 394 499 352 370 311 483 363 497 392 290 489 146 646 420 460 632 290 328 443 371 614 431 516 461 146 196 386 571 482 471 441 482 538 561 319 427 188 557 249 223 249 228 353 651 411 229 493 386 395 334 185 568 446 429 279 92 373 128 597 582 478 554 179 643 367 515 481 233 514 372 217 397 434 449 521 645 534 188 630 7 452 254 212 588 599 125 301 627 220 416 373 399 88 476 323 323 233 92 406 355 499 342 464 570 296 243 176 524 471 533 45 239 261 109 232 347 179 203 216 294 577 512 420 398 324 362 183 106 66 714 399 308 520 225 172 692 463 626 120 568 388 437 308 662 452 438 237 323 320 403 346 564 260 156 383 81 515 161 470 637 400 464 377 165 413 218 469 555 110 392 578 664 98 407 550 491 203 139 456 107 382 350 519 394 542 671 533 405 388 629 423 252 561 428 442 439 292 572 273 565 322 517 432 506 218 257 424 245 605 426 573 523 514 357 656 209 544 336 454 283 548 359 389 385 288 230 284 260 296 184 460 580 190 165 676 554 294 433 581 427 338 486 438 288 505 460 390 283 261 382 362 390 548 426 382 442 299 144 435 492 457 471 398 528 594 230 420 683 318 452 622 592 375 402 330 266 150 591 216 101 131 112 617 180 716 405 141
499 470 620 625 317 557 624 498 457 722 392 189 443 92 697 382 748 226 0 154 396 238 331 562 767 423 628 418 790 324 115 436 237 660 216 729 514 803 665 772 179 425 676 387 506 523 163 416 102 701 575 287 446 515 713 371 872 195 674 696 497 554 409 346 831 490 303 686 272 416 591 665 679 696 434 425 723 786 537 504 373 736 297 436 304 371 475 782 632 348 704 590 453 452 372 788 594 644 335 135 583 103 784 767 406 543 378 866 502 615 466 109 357 146 93 513 588 672 458 773 320 406 463 223 478 297 298 660 725 320 189 450 284 551 177 447 265 431 488 521 294 287 287 580 470 277 678 763 162 395 134 553 544 758 204 462 368 233 456 440 223 86 293 507 744 520 351 623 272 206 369 280 282 792 567 94 478 403 353 806 533 445 107 463 574 539 366 887 587 620 460 524 100 550 129 790 428 87 437 264 738 164 505 862 402 548 436 390 423 372 504 653 336 616 791 887 323 507 715 367 359 310 673 274 262 564 744 494 710 736 752 480 593 774 454 363 786 341 667 530 476 564 98 745 129 556 264 374 76 178 645 465 830 245 795 748 740 579 723 391 498 243 655 201 513 164 581 357 453 58 420 81 81 410 519 453 118 103 897 531 421 598 374 544 549 415 579 413 725 276 616 181 293 605 384 278 686 337 518 665 525 369 379 693 549 683 606 596 659 292 206 815 213 676 768 816 233 521 189 341 314 641 335 288 176 336 425 401 837 620 289
652 328 628 597 216 403 553 371 306 599 546 341 289 171 568 235 650 167 154 0 272 142 204 624 677 313 543 322 699 220 244 406 389 533 186 611 392 856 547 790 274 325 714 346 352 614 318 491 255 582 525 436 518 439 610 286 769 307 619 768 372 460 523 454 708 342 450 585 289 356 461 718 649 615 537 328 705 699 477 564 354 724 145 387 151 385 321 811 564 377 655 552 523 485 352 722 608 521 400 109 458 138 764 750 536 422 255 754 349 664 574 85 509 280 80 549 437 561 586 804 465 299 617 169 566 366 342 726 757 202 135 604 129 397 332 522 248 551 342 490 140 258 239 480 584 180 554 737 302 248 22 641 394 669 181 392 405 244 383 488 68 75 139 387 744 390 260 524 387 356 350 158 233 856 419 192 373 265 338 847 599 599 102 605 556 386 432 783 611 605 359 393 249 398 278 691 284 76 508 154 662 232 589 760 499 397 287 305 517 227 588 703 252 512 737 776 239 353 717 513 362 301 553 264 214 510 649 340 709 808 688 541 464 793 313 209 685 474 564 583 459 671 137 733 283 639 417 522 93 296 578 358 730 399 683 646 647 508 793 375 620 169 520 116 631 217 443 239 452 115 440 131 184 319 372 601 217 52 781 643 268 598 522 390 501 545 425 440 659 430 532 310 368 500 470 418 709 262 365 557 431 298 280 657 601 631 562 664 730 350 289 843 150 571 785 710 210 556 334 187 180 720 363 265 220 249 578 339 874 499 152
845 108 865 805 94 272 711 446 160 640 762 549 204 351 596 285 750 409 396 272 0 161 67 890 790 61 680 477 808 85 431 627 625 570 439 665 474 1115 610 1029 544 471 967 565 247 885 548 761 480 640 713 626 787 602 703 466 848 450 793 1035 451 593 792 724 741 151 631 686 550 553 504 979 851 750 808 99 917 817 658 830 589 941 164 592 167 637 252 1057 725 636 833 751 792 742 587 873 850 575 669 378 516 409 971 960 799 151 379 812 288 924 844 287 742 463 303 805 372 642 850 1052 641 440 837 414 838 637 608 992 1006 360 220 817 194 311 555 792 497 818 342 702 183 499 192 598 854 128 601 938 557 290 281 912 205 786 438 572 667 506 559 752 231 313 204 475 971 125 100 635 655 600 585 333 464 1120 390 373 115 339 577 1100 865 808 373 859 775 248 701 857 860 824 496 448 463 335 488 786 325 343 777 350 803 504 860 842 771 225 129 480 789 291 859 963 444 615 904 834 435 226 945 762 611 547 612 516 197 695 754 220 935 1074 843 807 507 1032 91 221 773 736 663 845 686 942 317 948 516 910 649 767 320 562 740 485 817 624 746 736 755 670 1060 610 887 172 534 197 900 335 459 42 691 339 693 328 374 484 169 846 485 316 826 913 248 831 704 275 694 809 339 697 814 650 671 572 639 603 742 674 954 138 297 644 569 494 78 852 863 808 754 931 997 619 401 1088 199 663 1024 787 237 811 585 173 313 989 623 509 490 438 777 538 1124 563 297
690 250 769 732 80 379 671 449 264 669 602 389 276 191 631 287 747 306 238 142 161 0 102 763 779 185 653 433 800 87 272 542 464 599 327 687 474 996 625 931 398 432 855 482 337 744 387 626 319 659 653 470 654 557 703 406 859 301 743 904 452 567 642 576 777 281 476 681 430 484 528 858 782 725 662 192 842 804 602 703 493 862 140 519 149 526 322 952 684 518 781 684 659 627 491 839 749 595 536 248 532 268 899 886 644 305 348 834 357 804 696 129 581 305 147 690 449 648 695 945 488 403 677 309 698 501 481 864 899 307 62 658 154 396 394 657 389 666 380 625 154 398 109 581 704 41 626 870 400 297 142 773 339 773 322 516 546 385 505 628 141 159 171 471 883 286 120 623 504 440 489 267 370 995 448 213 242 334 478 988 736 650 235 699 693 357 569 871 753 742 464 462 302 409 328 786 338 198 644 273 775 363 722 851 626 351 235 424 646 285 721 843 375 607 860 857 364 327 856 602 504 442 630 406 91 637 748 316 848 945 807 679 531 934 233 233 777 579 659 722 597 795 156 870 355 773 489 607 163 410 698 459 823 464 765 738 747 627 931 515 734 38 575 37 748 186 496 120 593 180 582 167 214 434 307 685 336 172 856 764 287 738 550 374 630 653 426 582 777 490 643 417 501 595 601 515 851 121 371 646 539 425 145 789 741 757 692 801 867 487 259 985 47 663 926 798 111 697 426 186 269 855 504 406 356 371 620 468 1015 576 243
792 148 805 751 65 289 667 414 171 621 704 491 197 293 579 249 719 346 331 204 67 102 0 824 756 114 639 429 775 59 374 569 563 550 374 644 442 1051 585 969 477 425 904 507 252 818 486 695 419 617 662 572 721 555 673 414 823 401 746 969 419 552 725 657 726 181 579 654 484 499 482 914 798 711 741 141 863 782 608 764 529 886 109 537 115 574 246 995 681 571 785 698 725 678 526 831 789 551 603 312 491 342 918 906 733 218 334 791 282 859 777 223 681 407 238 742 373 614 784 990 589 394 779 350 771 570 542 927 944 308 164 760 138 315 494 725 434 752 323 646 129 437 166 561 787 80 580 886 492 256 214 845 239 751 373 522 602 441 509 686 167 247 151 441 913 189 101 600 589 537 524 277 403 1055 381 315 174 302 516 1037 799 752 306 794 718 265 635 833 797 767 452 421 403 333 429 756 294 276 711 291 763 436 793 816 704 253 140 428 722 252 792 899 389 581 859 813 379 238 887 698 548 484 588 452 162 645 721 228 878 1009 801 741 485 972 131 186 745 670 631 780 627 875 257 893 454 843 588 704 256 495 695 443 790 564 723 707 722 624 994 550 821 123 519 136 833 286 442 41 631 275 630 266 315 435 206 783 418 249 809 846 226 772 652 286 642 743 345 633 771 591 630 506 572 569 675 609 893 131 294 614 527 440 100 801 799 760 703 865 931 553 357 1027 146 633 964 761 197 748 520 134 262 922 558 447 423 383 722 484 1062 537 243
701 919 222 355 840 911 510 665 867 784 584 583 819 652 795 696 685 486 562 624 890 763 824 0 665 936 565 536 684 844 633 349 498 764 453 764 655 242 722 279 382 551 153 388 862 121 527 148 556 747 421 638 117 494 686 503 791 705 477 146 658 565 251 259 856 915 662 660 341 435 731 109 386 586 198 952 363 664 445 60 340 352 735 402 735 267 819 260 504 257 472 384 109 165 343 582 195 730 228 516 705 496 408 389 324 1039 606 829 822 76 207 648 512 639 628 121 865 693 313 246 680 566 593 480 126 265 282 102 205 579 734 617 706 868 545 120 399 272 757 347 719 405 840 598 238 803 755 420 447 704 621 112 950 654 453 463 225 384 474 140 659 612 702 645 314 998 883 619 325 472 343 583 444 232 816 647 996 667 341 256 29 628 527 414 309 906 196 810 155 310 561 697 582 845 585 715 705 566 126 560 588 404 102 781 198 940 862 504 176 683 100 101 500 634 538 843 501 879 291 432 297 356 733 381 815 431 673 868 298 185 553 83 731 281 909 732 726 353 656 55 304 207 657 359 528 89 507 453 616 398 505 581 751 532 781 705 662 496 170 325 281 782 797 731 259 723 766 862 260 611 218 640 636 519 943 470 444 591 873 234 763 245 683 890 408 324 882 207 544 550 556 411 269 633 189 400 202 880 836 679 554 466 904 415 48 470 408 43 108 276 743 288 756 673 279 766 791 122 451 751 621 114 270 393 407 508 654 440 293 707 622
1193 735 458 313 814 605 166 344 657 219 1064 928 598 833 262 507 50 541 767 677 790 779 756 665 0 850 140 355 23 811 882 384 909 262 554 182 316 734 201 546 697 352 596 402 587 765 876 671 847 190 252 1024 667 255 96 397 127 961 191 765 338 217 815 763 222 699 1046 105 551 359 303 662 300 83 779 888 363 28 255 638 442 392 652 353 645 504 558 602 167 542 210 282 660 539 441 138 478 238 632 633 282 666 371 376 882 881 431 168 531 625 813 759 998 913 747 550 492 158 903 610 1065 379 1112 544 737 642 588 722 591 477 804 1119 629 542 898 679 520 850 457 333 633 494 888 198 844 801 229 331 802 501 694 769 691 11 566 310 558 566 313 588 642 735 613 315 452 823 856 157 765 866 444 520 488 784 445 848 898 454 461 677 665 1122 661 988 356 619 635 146 517 361 318 345 859 507 883 53 465 694 663 523 83 659 733 117 746 666 677 378 741 504 731 646 433 175 202 179 446 615 449 947 488 494 206 519 870 249 40 611 435 785 140 634 300 548 738 571 71 862 128 615 390 859 806 392 850 749 934 967 752 746 162 321 86 938 141 77 35 201 771 436 897 817 314 774 885 891 359 793 442 768 507 795 836 360 712 1024 707 696 212 871 544 425 1105 585 273 888 530 526 132 970 153 775 657 187 702 858 536 880 532 151 246 399 854 274 618 202 257 699 741 617 958 618 811 131 540 107 879 547 832 622 510 768 544 498 629 433 1125 371 672 239 537
849 147 920 862 106 319 772 506 212 698 773 562 261 367 653 346 811 460 423 313 61 185 114 936 850 0 740 536 868 99 443 683 644 628 488 724 535 1165 670 1083 581 531 1018 621 299 925 567 804 499 699 772 632 831 662 763 525 907 451 852 1080 512 653 827 760 798 193 635 746 598 611 563 1028 909 810 846 42 975 877 717 876 643 998 220 649 224 688 309 1110 786 685 892 809 836 792 640 933 904 634 713 422 576 448 1029 1018 829 124 439 870 344 973 881 314 758 472 332 856 424 702 881 1104 643 500 848 464 878 679 654 1038 1058 418 237 826 250 363 571 835 548 851 401 759 240 551 180 659 888 146 660 996 585 350 320 954 242 846 486 631 715 554 618 799 281 344 262 536 1027 123 83 696 689 622 639 390 518 1168 446 387 60 400 630 1152 911 816 413 883 831 294 745 917 912 880 556 508 480 389 503 846 385 379 821 405 863 543 902 901 809 265 184 539 828 351 901 1012 501 675 965 892 492 276 1001 784 663 599 671 566 192 754 814 272 992 1120 904 853 566 1086 134 282 833 764 723 893 741 979 336 1006 536 952 667 788 349 595 800 545 877 640 805 796 816 730 1106 664 919 184 591 222 933 339 517 75 745 365 744 349 390 543 204 866 520 353 884 948 308 886 706 325 752 838 390 746 875 664 732 603 681 664 782 700 1007 117 351 704 629 552 50 911 911 868 813 976 1043 663 398 1142 214 723 1078 846 234 862 610 234 372 1033 671 561 533 495 782 596 1176 622 354
1056 638 380 240 694 530 63 243 560 228 927 788 500 696 252 394 132 402 628 543 680 653 639 565 140 740 0 222 163 691 743 253 770 232 414 202 215 673 174 502 558 221 523 265 501 654 736 550 707 190 145 885 550 115 121 260 257 822 145 680 236 87 690 634 290 607 906 95 414 220 238 581 251 72 658 776 326 158 127 530 307 357 532 216 526 374 467 553 76 411 184 190 545 424 305 193 392 197 503 495 211 527 357 355 754 784 307 275 446 536 694 624 862 773 611 445 429 135 779 557 925 250 976 405 622 510 455 635 530 347 673 982 507 467 758 562 380 726 367 219 513 354 762 86 724 677 210 315 663 391 560 662 608 131 426 170 431 427 173 471 513 599 492 211 411 728 738 69 630 727 308 388 348 715 376 710 792 340 325 624 561 985 522 860 264 539 509 275 428 286 189 255 719 433 743 172 359 556 545 389 123 519 621 247 623 586 577 241 620 389 619 564 296 94 233 293 308 529 400 813 356 357 184 380 742 134 125 523 386 706 167 523 236 504 638 459 176 731 93 512 271 749 670 360 710 643 796 833 615 608 85 197 214 799 218 146 117 71 691 303 777 690 279 645 767 755 294 678 322 631 385 658 698 224 624 893 567 560 317 756 441 342 965 508 157 760 463 404 139 832 13 637 524 101 577 722 470 759 450 120 114 259 739 234 518 163 170 602 652 484 821 575 682 110 495 214 749 444 694 508 384 675 413 359 489 296 987 232 627 184 409
879 455 427 336 479 392 239 131 383 318 755 591 325 479 305 201 332 194 418 322 477 433 429 536 355 536 222 0 378 477 532 193 591 268 216 318 127 714 255 585 386 15 556 148 349 589 544 464 506 291 238 690 476 126 295 52 454 609 317 676 125 139 577 510 422 433 710 268 262 104 213 592 378 294 560 569 449 377 182 484 199 475 320 142 314 278 307 624 252 304 356 279 475 372 196 406 423 242 389 283 193 322 499 489 627 598 99 448 301 538 599 403 696 565 392 421 330 255 663 622 729 39 812 199 547 380 324 628 582 126 451 812 293 340 566 486 206 613 227 243 300 182 542 162 624 459 276 463 482 203 339 607 451 348 228 100 335 255 86 407 292 380 278 117 513 545 524 206 483 548 197 167 157 738 280 494 592 153 204 681 521 813 311 727 318 393 408 469 445 364 43 164 514 314 540 373 186 340 468 168 343 339 557 445 519 434 392 38 525 191 555 574 84 198 431 470 96 372 491 662 249 211 265 215 522 220 329 363 479 710 374 468 213 588 451 260 369 588 249 482 250 676 451 481 515 594 619 679 397 435 267 55 413 616 379 331 326 195 694 211 675 469 283 423 672 536 235 469 281 414 319 440 483 18 456 748 378 341 482 670 263 388 774 370 221 635 350 333 345 649 211 463 392 188 475 563 524 543 311 248 110 78 529 377 495 332 280 579 641 351 603 653 461 258 579 398 527 424 516 304 167 650 298 192 307 82 807 97 697 217 191
1216 751 474 331 834 619 188 362 673 224 1087 951 615 856 270 526 60 564 790 699 808 800 775 684 23 868 163 378 0 830 905 406 932 272 576 187 334 747 213 558 720 374 611 425 602 785 899 692 870 198 273 1047 688 278 109 420 107 983 208 781 357 239 837 785 217 715 1069 122 574 382 317 678 315 105 800 907 375 25 278 657 465 404 672 376 664 526 574 614 188 564 224 301 681 560 463 142 495 250 654 656 297 689 380 386 904 897 452 154 546 642 834 781 1021 936 769 569 505 172 925 622 1088 401 1134 567 757 664 611 738 605 498 825 1141 650 555 921 699 543 872 474 354 653 517 909 219 865 821 238 340 825 520 716 788 706 33 589 333 580 589 336 609 663 757 633 334 464 839 876 177 787 889 466 541 511 798 458 870 915 473 484 689 684 1145 684 1010 375 634 657 126 534 378 340 362 882 521 906 45 483 716 684 545 97 682 753 98 768 680 694 401 762 524 750 663 456 194 207 163 468 630 462 969 511 517 217 542 891 270 54 627 448 801 150 654 314 560 755 590 66 885 145 634 412 879 828 403 873 768 957 990 775 769 183 342 69 961 136 84 53 224 787 458 918 837 323 795 906 913 372 812 463 791 528 817 859 383 727 1046 730 719 198 892 561 442 1128 599 294 910 543 548 146 993 176 798 679 206 723 880 551 900 547 166 268 422 873 288 636 218 277 717 758 639 980 629 832 146 552 97 900 566 855 641 531 786 567 521 652 456 1148 394 683 253 558
761 189 839 792 9 342 716 470 225 679 680 468 255 271 638 305 774 376 324 220 85 87 59 844 811 99 691 477 830 0 349 607 547 609 401 701 497 1075 642 1002 484 474 931 545 309 829 470 710 402 675 707 543 737 603 729 458 880 366 793 987 474 604 728 662 784 228 547 709 508 541 539 938 841 763 748 108 904 836 654 784 562 925 159 578 166 602 305 1026 730 596 832 741 742 704 560 882 822 609 619 329 548 352 960 947 730 220 384 849 341 883 783 216 662 380 233 768 431 670 782 1020 556 443 755 380 783 585 562 946 974 353 140 734 185 372 475 741 462 753 382 687 179 468 112 614 790 48 638 929 486 312 224 858 285 805 398 567 625 464 555 708 199 246 200 496 950 206 47 654 591 525 558 319 437 1076 440 292 155 357 548 1065 818 725 318 785 757 318 651 890 827 806 503 478 384 391 408 812 351 283 727 330 815 448 806 872 712 302 194 474 731 307 805 923 431 636 908 871 421 292 924 687 577 514 646 480 113 691 776 284 915 1027 851 761 542 1005 172 242 801 666 686 802 664 881 239 933 439 857 571 691 250 496 744 495 846 545 781 763 777 673 1013 584 821 89 578 123 835 251 500 43 663 266 658 251 294 482 249 769 423 256 867 850 285 807 619 342 686 739 402 659 821 570 682 504 585 624 686 601 924 72 352 670 578 482 60 845 821 808 747 883 949 570 316 1058 118 688 998 818 152 774 512 191 310 938 582 477 438 426 693 526 1091 594 288
