NAME : X-n336-k84_SARP
COMMENT : Curated from VRPLIB to SARP
TYPE : SARP
DIMENSION : 335
EDGE_WEIGHT_TYPE : EXPLICIT
EDGE_WEIGHT_FORMAT : FULL_MATRIX
EDGE_WEIGHT_SECTION
0 1345 579 691 923 1241 309 1068 931 382 979 1087 859 916 391 518 691 206 1044 1051 990 139 1007 791 499 985 622 731 1263 232 662 811 945 858 584 132 910 248 850 937 1066 579 1164 546 1018 1001 725 1092 906 684 813 1222 418 1021 685 1146 270 1000 609 393 919 817 892 900 89 600 373 1404 1292 982 1003 694 944 941 1267 1120 321 529 439 767 684 751 630 841 863 843 786 1121 272 989 335 1004 770 898 723 952 719 790 1080 779 1138 1035 960 814 258 660 969 785 993 643 938 961 439 1137 762 727 649 603 899 261 285 914 855 386 1090 811 1106 993 1287 889 795 1026 162 969 860 725 301 830 584 888 765 438 784 741 735 436 1128 770 656 825 924 934 514 974 1122 753 703 1399 1033 761 534 75 535 575 320 711 502 452 267 188 932 819 937 652 567 885 1114 410 931 926 617 780 817 990 870 266 389 570 739 1019 469 878 933 826 789 792 474 933 879 791 860 1192 805 989 1316 788 749 1044 829 1137 679 1195 517 931 355 655 1164 911 919 884 1191 380 1108 1184 727 528 652 1220 950 265 1059 602 308 635 628 1132 948 546 621 161 954 396 884 910 673 269 1174 281 711 705 433 883 395 880 781 717 759 1127 1215 694 851 129 857 290 1218 928 1068 498 1199 983 1153 889 999 788 293 1300 1236 138 768 1043 974 570 409 984 984 1069 785 847 393 1035 903 454 1278 684 464 803 943 872 1190 731 749 598 966 1250 332 898 833 1051 1055 1081 1091 1023 464 406 765 411 1126 442 713 50 1117 509 319 850 574 754 739 1235 472 975 1207 887 636 818 1044
1345 0 798 727 469 105 1043 519 873 1049 552 271 696 717 985 964 709 1189 419 326 712 1209 691 850 848 372 798 636 176 1117 865 675 763 813 989 1255 964 1185 497 511 392 770 197 964 344 506 745 306 564 716 532 188 933 373 717 262 1076 438 789 957 886 529 676 839 1276 756 1087 89 140 375 508 664 401 498 198 380 1103 1018 915 675 987 739 751 968 751 704 565 392 1124 584 1087 667 798 467 823 620 682 888 427 630 455 320 553 597 1131 778 471 860 853 964 606 499 972 333 768 935 890 773 454 1136 1140 476 807 1037 356 729 248 733 65 751 784 603 1195 392 631 621 1122 525 794 460 669 909 634 704 899 981 344 785 882 524 474 456 1025 473 247 636 646 74 588 694 831 1272 1014 797 1125 946 845 1012 1083 1202 549 593 525 695 946 527 244 945 888 502 971 664 529 571 961 1088 960 873 629 326 885 891 737 547 683 926 875 955 790 928 632 217 786 398 30 558 598 534 701 321 707 304 853 416 1016 771 239 921 426 821 320 971 325 229 799 976 773 133 397 1099 447 792 1107 976 732 320 628 947 736 1207 880 971 955 898 673 1134 226 1086 842 661 990 523 1038 469 898 666 648 350 131 944 734 1229 498 1078 171 740 288 974 162 672 293 457 778 563 1130 140 248 1240 700 312 458 929 937 923 495 407 569 741 971 494 464 985 204 723 1013 837 964 618 176 859 666 750 387 167 1032 450 520 419 627 508 541 687 885 983 631 1028 297 964 825 1298 312 905 1115 510 772 597 615 159 888 739 328 785 715 598 302
579 798 0 123 348 698 271 686 760 252 408 529 318 645 334 458 113 398 602 552 715 456 719 619 192 426 83 309 754 376 502 252 704 655 548 523 800 504 312 524 488 98 639 218 457 602 452 521 525 108 290 654 173 448 108 648 322 421 335 260 758 309 347 433 529 231 292 868 774 475 428 269 410 362 765 541 305 529 147 198 632 212 303 748 350 304 238 680 330 426 289 464 275 417 528 395 364 647 502 401 728 479 389 420 338 402 390 621 526 293 594 382 378 559 246 338 225 25 398 342 342 458 648 239 626 279 551 476 747 377 570 688 418 467 520 241 460 347 291 376 425 209 207 177 604 184 550 545 512 322 473 473 522 547 606 174 242 861 474 199 50 513 269 12 478 333 185 450 313 486 547 425 360 193 212 306 592 172 488 501 560 442 296 630 765 313 202 121 317 481 240 726 416 377 228 388 133 813 387 388 295 623 583 511 768 276 216 474 540 666 100 724 62 407 343 104 661 773 383 685 726 272 632 614 509 220 381 684 426 315 481 325 444 581 74 555 620 198 236 425 784 311 773 758 168 450 668 300 244 137 194 455 241 373 358 335 181 549 669 605 591 484 301 292 653 413 548 201 671 444 578 356 762 240 332 783 749 508 463 526 535 471 197 834 407 627 231 592 304 459 423 417 778 362 231 336 826 304 665 279 396 115 455 736 341 352 280 612 730 693 721 491 211 186 375 233 551 369 232 538 541 365 317 288 127 208 187 716 259 460 746 392 219 239 509
691 727 123 0 260 632 388 699 827 336 288 456 198 696 454 565 34 501 598 523 760 574 760 694 305 359 74 351 708 497 590 129 758 721 651 643 877 627 278 539 385 193 588 238 384 616 521 433 551 31 273 568 295 360 29 614 442 319 421 382 827 300 225 331 647 315 369 804 723 445 312 319 366 256 723 434 397 637 269 76 728 98 381 830 236 184 209 671 431 303 380 342 178 410 606 272 421 726 391 444 728 411 269 454 441 481 285 698 419 266 627 272 493 458 141 280 186 107 380 443 436 459 714 326 609 163 480 357 682 263 638 716 530 442 561 266 582 349 382 354 478 330 98 54 689 269 448 615 602 316 476 471 633 553 563 96 281 794 351 76 173 629 289 132 600 281 297 565 430 608 570 458 247 250 222 207 545 293 390 512 660 493 281 656 845 427 324 147 357 429 355 799 299 393 105 314 255 887 279 315 173 536 650 495 697 272 210 354 594 643 58 699 182 374 465 44 623 846 341 750 704 394 609 526 585 249 460 625 391 426 369 413 567 679 128 457 657 221 312 534 850 431 851 829 206 573 627 410 171 114 276 470 323 355 281 387 79 446 602 696 648 603 248 401 571 296 505 248 616 322 482 320 814 209 426 732 714 628 521 486 537 572 320 902 294 621 196 651 424 343 416 531 736 430 287 244 901 183 613 204 449 198 424 689 464 303 235 608 759 705 737 369 329 288 418 311 459 485 154 653 447 472 406 230 221 189 168 666 372 342 724 282 287 134 458
923 469 348 260 0 377 613 559 792 591 180 199 261 635 615 665 246 745 434 321 679 794 671 692 458 116 332 342 470 708 630 217 699 694 729 854 863 811 152 420 151 351 348 495 130 484 524 174 456 253 189 309 506 101 253 395 658 91 485 562 797 214 254 431 866 402 627 548 479 257 158 340 170 74 489 209 649 735 484 207 775 275 437 834 324 264 163 490 677 221 633 314 344 277 620 231 421 730 184 407 561 161 163 396 686 516 77 698 482 500 535 100 628 216 310 481 423 323 235 689 687 331 686 580 421 279 224 370 427 336 623 604 764 263 495 270 755 259 464 210 454 508 165 236 710 523 208 608 646 225 345 331 735 416 336 175 301 537 262 227 389 854 545 350 767 489 452 690 656 809 465 397 106 321 477 61 313 513 490 393 726 462 194 543 840 657 536 407 342 201 506 780 341 314 219 485 453 866 373 487 185 277 633 325 439 215 205 224 554 442 249 490 408 195 637 304 398 825 157 717 499 576 410 267 594 508 500 375 202 662 172 481 739 740 295 209 568 479 386 772 810 595 842 803 278 756 399 647 380 218 531 367 579 218 454 388 181 209 347 736 607 819 105 639 311 343 283 508 371 305 230 161 745 161 678 487 491 838 501 271 394 651 521 863 124 450 156 612 591 180 281 656 503 452 547 395 879 175 371 401 431 337 239 449 645 124 126 443 646 559 597 345 492 533 388 568 204 619 362 879 194 580 660 96 365 187 194 425 516 365 520 370 357 130 227
1241 105 698 632 377 0 939 448 794 949 482 178 617 634 880 862 612 1086 335 228 637 1104 617 760 744 274 701 532 142 1012 767 589 684 727 890 1150 883 1081 394 418 324 667 100 870 249 423 647 228 472 619 428 146 829 288 620 182 971 360 686 852 806 424 600 770 1171 652 988 172 126 271 438 559 297 415 168 325 1002 918 812 584 893 651 647 883 676 625 463 323 1022 518 986 606 715 364 727 550 579 798 366 529 394 221 479 497 1028 677 390 769 793 876 520 420 868 278 683 853 800 672 350 1034 1038 376 721 936 275 646 153 672 50 679 692 529 1091 288 538 517 1018 421 689 355 570 804 541 612 806 881 288 692 784 419 375 356 924 382 150 539 541 163 529 604 729 1167 920 696 1021 862 740 909 979 1097 459 494 445 590 852 437 143 841 822 406 873 566 424 491 877 984 856 777 525 222 781 807 669 444 595 848 772 876 718 850 549 164 696 299 76 453 495 474 609 249 608 249 751 311 911 676 161 840 322 737 265 866 244 175 703 881 671 39 293 996 383 688 1002 879 631 261 545 853 631 1103 803 866 873 817 569 1029 149 983 755 561 891 424 938 364 819 563 554 294 30 849 645 1124 397 975 120 672 185 878 71 609 238 353 704 461 1029 132 206 1136 603 209 365 828 833 848 421 328 468 652 866 430 361 882 179 621 916 758 885 536 87 774 565 646 283 123 927 348 419 337 558 439 475 629 780 882 529 929 231 860 738 1194 246 802 1014 410 668 495 513 101 783 676 278 714 610 506 197
309 1043 271 388 613 939 0 822 774 154 676 781 568 710 197 372 384 156 774 761 786 186 798 623 216 678 323 453 972 118 486 512 755 680 465 258 783 269 546 674 757 273 867 300 711 745 503 783 653 378 512 914 110 712 378 858 62 691 370 138 766 520 600 640 259 322 184 1105 999 689 698 412 643 632 979 811 140 423 130 464 569 458 372 718 583 553 479 853 114 690 137 715 493 611 537 655 463 637 772 520 883 729 657 552 110 436 660 621 736 410 701 653 267 827 477 488 387 294 606 121 150 635 675 147 813 522 801 714 987 610 601 796 152 677 621 430 249 539 332 591 519 156 478 439 583 167 819 574 488 529 647 654 410 708 828 444 412 1100 736 461 225 242 315 266 276 475 216 326 43 231 680 557 630 357 315 576 818 101 683 658 491 536 516 750 743 45 84 285 462 718 207 727 653 546 489 552 168 802 608 552 560 884 614 705 1013 489 445 742 609 858 371 917 209 632 176 355 875 769 617 710 915 134 827 876 531 285 421 920 651 62 752 360 238 514 319 823 719 291 342 164 798 184 755 761 370 225 884 56 440 396 170 613 161 585 532 451 452 818 912 560 646 216 550 54 910 649 772 247 902 695 844 587 813 482 144 1007 953 243 537 748 703 412 111 840 678 800 477 644 174 730 616 305 991 436 231 538 814 570 893 467 497 294 671 958 153 593 526 782 832 833 850 738 187 120 500 174 816 264 438 267 807 310 152 542 273 448 432 941 219 697 933 615 350 510 744
1068 519 686 699 559 448 822 0 358 903 736 469 805 216 678 577 667 977 132 265 194 932 172 370 608 462 739 383 348 844 440 741 249 316 561 948 449 849 437 162 629 603 355 904 477 84 347 545 169 672 429 564 728 545 673 267 825 616 461 693 372 400 806 978 983 503 948 514 387 306 706 425 389 631 332 667 935 606 724 700 522 773 450 464 868 803 494 127 931 778 923 872 857 295 381 789 359 402 682 302 82 452 721 274 931 409 625 380 1038 962 135 654 633 633 818 978 883 668 332 940 961 242 312 889 177 807 458 928 460 885 319 85 953 296 208 446 785 350 493 360 305 666 655 715 430 848 636 333 453 384 225 234 617 148 314 615 445 522 813 721 687 994 955 678 776 980 609 641 849 890 143 268 665 498 895 605 335 749 1039 187 534 290 421 81 452 861 744 803 374 385 617 383 897 310 731 1003 680 439 918 1005 729 561 316 235 504 427 490 767 252 200 647 221 710 364 713 731 288 407 403 316 206 702 206 566 366 906 417 409 357 884 686 469 773 530 615 613 137 883 485 972 362 675 444 385 518 809 300 877 868 587 859 232 897 356 970 373 648 642 448 482 257 940 483 873 538 898 324 885 377 864 605 407 259 494 953 391 280 938 301 319 167 528 713 404 673 126 508 264 680 717 289 626 333 388 911 920 446 722 362 899 325 580 322 353 738 440 483 125 109 14 38 903 635 823 324 896 578 628 850 1018 586 561 949 504 584 511 532 361 608 924 206 918 487 637 373
931 873 760 827 792 794 774 358 0 902 968 772 989 165 583 418 794 909 459 581 164 814 188 151 602 729 836 481 705 743 288 914 110 106 347 799 92 684 642 396 905 662 695 965 756 371 308 840 347 796 612 891 717 817 798 613 750 871 431 636 16 583 1001 1151 841 529 943 871 744 585 950 508 645 864 689 953 910 402 726 859 256 921 457 124 1045 981 665 484 887 1008 903 1093 1004 522 240 1006 406 141 954 394 434 740 950 397 880 361 868 153 1230 1053 279 891 516 928 966 1095 984 753 563 892 923 475 113 889 519 974 768 1138 812 1068 190 272 863 569 297 569 631 534 477 586 352 638 824 863 197 867 929 215 287 570 465 484 417 422 648 772 548 879 1052 877 737 864 1009 748 611 1091 607 482 784 743 349 396 892 578 965 819 664 740 1212 418 314 340 605 303 102 800 719 878 476 674 581 54 1092 478 897 1138 690 82 1094 1139 922 882 178 523 856 593 639 1016 240 552 769 578 754 614 613 842 636 50 645 77 564 640 550 884 253 961 381 755 617 828 951 442 625 297 708 910 251 946 524 885 25 592 91 31 621 664 649 828 993 719 877 430 901 576 1106 440 806 934 788 237 185 808 692 828 868 1091 640 930 723 1080 909 633 111 666 917 748 638 793 307 625 443 369 689 75 916 467 679 181 600 970 521 487 690 399 942 1070 92 920 707 1028 381 646 592 708 640 670 679 457 259 370 345 1125 611 827 417 906 878 516 977 884 883 463 924 708 634 665 679 714 564 1128 563 1096 544 821 674
382 1049 252 336 591 949 154 903 902 0 613 779 482 820 344 516 346 177 836 799 895 296 904 751 307 677 263 521 1004 261 617 442 871 803 611 377 920 415 562 746 721 306 890 166 706 822 613 765 736 339 537 900 186 693 339 896 211 655 478 272 896 553 516 520 363 404 44 1120 1025 722 642 479 661 592 1014 770 63 572 182 407 714 377 468 857 482 467 489 915 109 618 47 624 389 657 662 578 552 770 726 603 955 729 596 630 124 549 622 750 614 270 794 608 412 794 384 353 268 277 643 120 102 692 798 14 866 434 801 611 998 508 721 890 227 713 715 474 402 585 435 623 613 264 435 378 718 69 784 694 621 565 706 709 560 775 856 417 465 1112 659 397 227 334 167 254 429 338 303 476 176 366 761 635 582 409 186 543 842 163 555 726 635 630 543 838 880 162 184 197 530 733 321 858 552 605 422 418 225 937 498 418 493 868 734 752 1019 520 464 675 716 908 344 967 203 657 327 294 910 902 634 834 968 273 875 859 651 148 531 936 676 140 703 468 392 658 322 793 816 165 419 222 926 327 891 892 403 376 917 126 330 389 60 680 14 619 404 532 413 783 920 700 758 330 552 119 901 547 798 117 922 604 817 606 930 491 93 1034 995 363 639 775 766 551 213 971 629 861 483 757 317 673 663 452 1027 534 86 422 950 506 916 350 587 330 703 987 306 603 531 845 929 913 935 643 291 80 580 29 793 408 332 353 782 444 70 539 320 458 438 967 338 594 987 505 417 470 760
979 552 408 288 180 482 676 736 968 613 0 319 154 813 724 805 296 784 608 487 859 862 851 862 567 277 356 505 601 785 789 171 877 868 878 931 1037 908 327 600 160 451 484 478 273 663 691 254 636 301 358 366 581 208 300 549 730 129 633 659 973 386 127 288 935 537 639 640 601 431 45 494 346 106 624 183 675 876 556 213 934 238 586 1004 201 166 314 659 714 42 659 137 265 457 786 68 585 900 133 579 732 304 21 571 726 674 111 868 318 442 714 81 751 225 247 395 381 388 415 726 714 511 861 604 589 197 343 199 527 199 795 783 817 439 673 423 860 434 604 389 625 605 205 238 876 548 213 778 804 399 525 510 875 594 485 253 452 626 84 218 458 917 518 415 875 408 560 819 719 894 644 572 77 456 456 152 461 580 341 573 878 634 365 723 1013 716 610 416 507 362 618 954 187 490 191 377 536 1041 238 379 119 336 805 501 526 380 351 66 729 604 314 646 470 373 741 324 546 1000 336 893 656 672 574 324 761 494 656 492 379 714 110 627 843 895 383 234 747 467 526 820 987 702 1015 979 407 854 545 698 321 317 554 546 599 397 352 551 232 208 453 897 783 891 277 689 381 190 441 508 499 133 261 340 924 313 705 609 636 916 672 434 573 798 604 1040 65 623 302 788 697 66 460 784 637 611 548 290 1054 107 503 327 600 445 414 580 743 303 291 617 825 735 774 167 597 574 558 585 255 742 308 941 240 715 683 261 473 327 323 554 632 199 677 233 496 181 383
1087 271 529 456 199 178 781 469 772 779 319 0 445 607 745 754 438 923 337 203 632 953 617 706 598 103 526 413 282 863 682 412 667 688 798 1005 855 946 241 376 174 509 165 693 73 414 563 78 427 445 281 143 671 114 445 238 818 191 571 706 781 287 430 604 1023 516 817 349 285 188 278 431 159 241 304 201 834 817 651 406 820 473 527 841 505 451 302 367 857 359 818 452 538 268 654 386 477 745 226 438 444 53 313 413 864 578 218 714 637 699 494 249 742 164 506 676 623 503 237 869 871 303 681 767 298 471 25 517 227 510 635 535 933 205 485 376 885 301 565 230 485 655 364 435 741 710 168 628 699 287 310 290 821 353 174 365 404 339 379 426 564 1015 743 529 891 685 593 793 822 955 423 411 272 445 675 259 149 681 659 355 787 486 280 483 841 825 699 602 409 101 640 774 505 341 417 675 614 853 549 677 374 120 642 250 242 309 339 326 554 301 436 334 585 185 773 500 231 813 178 705 346 721 276 118 628 705 568 178 172 835 236 571 869 796 465 144 525 676 497 943 786 728 840 791 416 892 228 821 578 392 720 353 767 241 645 452 377 174 147 777 601 975 231 813 132 508 145 703 180 451 138 208 701 300 861 293 318 990 526 151 331 727 679 836 255 344 304 607 726 277 267 762 318 516 741 584 864 361 184 597 472 490 185 261 786 190 255 344 573 464 504 478 634 714 430 757 110 734 561 1041 118 682 845 241 514 333 350 236 645 518 366 546 472 329 99
859 696 318 198 261 617 568 805 989 482 154 445 0 845 652 760 220 658 686 580 900 752 896 866 502 376 247 508 725 683 773 76 909 884 843 826 1047 819 369 654 307 388 604 335 384 726 691 391 680 222 386 514 486 331 221 656 626 258 606 578 991 417 33 173 825 502 504 782 730 512 196 486 424 204 745 336 545 833 460 136 914 110 563 1006 64 16 326 748 589 142 529 147 112 512 782 100 586 901 286 595 816 417 146 597 602 660 227 871 241 289 759 198 691 376 100 243 233 305 473 600 584 566 877 476 679 49 470 160 665 80 804 839 699 516 704 421 778 469 570 445 637 527 165 145 868 423 364 784 786 432 582 571 828 658 596 218 444 769 178 124 368 802 371 328 797 255 495 762 609 795 694 600 173 428 312 204 573 480 234 627 850 649 395 777 1018 604 514 289 513 462 553 966 106 522 98 231 451 1055 113 233 77 482 816 577 668 399 350 204 750 703 246 751 373 444 662 217 658 1013 406 912 759 590 670 470 759 352 640 623 456 597 263 599 762 869 321 383 791 326 496 698 1010 629 1023 994 379 767 659 581 170 277 427 591 469 450 203 551 185 360 588 881 805 783 322 572 526 104 544 371 624 127 411 399 961 325 575 738 751 811 683 532 638 764 514 1063 201 705 312 808 622 220 517 728 759 603 410 141 1068 86 626 173 609 391 493 704 659 367 324 696 883 807 843 172 527 456 571 454 400 682 159 825 385 667 551 301 416 324 310 679 570 147 781 113 468 171 488
916 717 645 696 635 634 710 216 165 820 813 607 845 0 537 401 663 858 299 417 76 787 91 157 513 567 715 346 554 705 256 772 64 100 364 788 251 680 487 231 742 550 534 860 592 211 208 675 183 666 461 727 635 654 667 455 699 711 343 572 175 431 854 1011 827 423 863 722 593 421 792 380 483 707 540 790 839 414 639 719 310 785 354 252 903 839 519 334 824 854 830 941 870 361 194 854 282 187 793 252 298 575 795 247 820 274 710 167 1086 938 115 734 479 764 832 972 865 634 403 831 858 312 96 807 361 834 604 989 654 925 123 137 822 405 141 431 619 380 385 426 220 561 681 727 220 776 765 146 265 417 301 320 428 258 486 631 416 728 896 739 631 844 907 635 605 970 517 468 729 730 184 245 737 454 857 666 501 658 1073 254 334 204 453 147 244 743 643 766 339 509 505 174 946 325 756 1010 598 246 953 1011 775 717 114 358 698 445 497 857 106 398 638 431 651 452 571 717 478 208 485 104 417 579 392 719 189 858 290 595 454 770 790 353 610 326 585 746 89 840 413 843 179 539 239 185 492 648 491 766 866 584 786 269 817 417 977 312 666 770 627 273 65 788 537 764 704 946 475 830 563 929 745 474 118 519 851 598 490 780 184 461 278 349 612 231 758 310 533 68 547 811 359 461 543 289 848 936 257 772 547 900 250 530 428 555 597 511 527 298 149 230 216 973 531 741 278 819 714 476 849 866 718 413 853 555 524 522 539 558 491 980 420 954 427 675 509
391 985 334 454 615 880 197 678 583 344 724 745 652 537 0 175 436 327 656 675 613 254 627 433 158 646 412 352 885 169 296 582 575 494 268 277 587 201 505 548 766 273 795 459 682 610 337 766 515 432 464 886 187 702 433 767 167 703 219 80 574 460 679 761 307 229 379 1035 917 612 735 321 590 655 887 823 337 229 209 524 372 546 243 522 683 638 456 732 306 748 333 796 604 523 352 722 330 444 793 390 748 692 703 425 299 271 678 430 856 567 548 680 70 828 578 636 524 347 531 311 344 531 490 333 705 613 760 810 924 710 421 639 285 597 471 369 141 460 197 526 375 125 520 508 389 332 821 394 296 463 540 552 217 586 750 472 341 1032 797 530 286 316 488 323 152 625 165 134 202 220 542 431 663 301 469 594 745 205 812 538 294 389 465 600 547 218 171 408 360 663 109 534 750 446 558 695 203 606 718 695 620 859 432 609 957 435 414 790 444 752 414 809 286 571 35 438 787 575 568 523 804 74 724 853 350 448 261 855 589 247 776 212 125 316 341 819 561 446 250 306 607 23 559 568 338 149 797 249 563 410 339 497 347 516 670 331 493 823 857 363 472 262 526 250 877 747 700 411 831 776 836 537 632 458 339 925 853 264 379 675 586 216 153 647 708 681 460 469 31 765 527 108 898 294 407 661 619 628 820 595 359 281 599 874 61 556 501 663 670 691 702 823 127 284 377 357 804 67 555 340 798 124 349 526 253 428 421 862 100 794 819 724 272 544 685
518 964 458 565 665 862 372 577 418 516 805 754 760 401 175 0 540 495 586 639 473 396 492 273 266 667 541 341 839 326 145 686 427 339 96 389 415 279 529 476 813 373 768 619 702 523 234 792 432 539 487 896 346 737 540 721 338 756 184 245 408 472 784 891 429 267 553 1000 874 591 806 329 595 719 836 870 512 72 364 626 198 663 230 348 801 748 502 656 480 835 508 896 732 499 207 816 283 277 849 335 654 704 783 369 472 186 737 268 983 722 442 747 105 866 701 784 670 463 520 484 518 489 337 505 644 728 764 921 900 828 279 521 445 574 373 396 219 453 202 524 300 269 610 616 221 498 861 255 138 469 493 509 70 517 718 556 365 1001 884 636 417 449 652 446 204 776 273 67 375 331 456 373 735 349 626 660 720 367 946 475 119 309 485 495 374 391 337 554 345 660 221 367 864 419 663 840 343 434 842 840 715 873 288 568 937 457 461 867 326 691 515 743 424 569 200 560 743 406 578 366 735 243 669 870 215 610 191 831 584 421 836 186 211 142 440 853 445 603 280 468 442 190 386 401 397 249 755 423 700 492 506 444 519 513 812 302 584 864 843 190 338 392 564 424 882 862 677 573 803 879 865 550 481 504 514 882 795 381 282 653 524 52 313 478 775 609 511 333 200 835 502 70 844 241 574 794 447 720 790 734 298 370 583 831 226 578 541 592 545 590 593 926 254 451 333 527 832 109 689 470 830 93 524 570 345 482 483 824 202 907 747 847 310 625 677
691 709 113 34 246 612 384 667 794 346 296 438 220 663 436 540 0 504 567 495 726 569 726 663 283 339 89 317 683 489 560 148 725 688 624 636 845 614 249 506 379 168 564 261 365 583 488 420 518 7 242 555 285 347 8 587 435 312 391 366 795 268 245 361 642 285 381 784 700 417 315 286 340 251 698 430 404 612 260 88 698 128 351 799 264 208 178 640 435 315 388 361 210 379 575 286 388 695 390 410 697 391 276 421 445 450 280 666 448 297 593 270 471 451 173 313 217 92 350 447 443 427 682 334 579 190 461 381 662 290 605 683 529 413 527 233 567 316 353 324 445 313 94 76 658 277 441 583 572 284 444 439 608 521 538 73 247 775 363 96 162 626 313 120 584 314 276 542 426 598 537 425 247 219 246 198 520 286 421 480 632 460 250 622 813 425 315 165 324 405 334 767 324 360 124 347 241 855 308 348 185 522 618 465 679 239 177 362 561 614 26 670 175 345 449 68 596 814 314 717 675 379 580 513 553 271 429 603 363 426 369 383 551 651 100 448 623 243 282 534 817 413 820 797 173 560 601 410 204 80 286 437 333 324 314 354 69 440 582 667 615 597 223 402 556 322 480 266 593 342 472 292 780 179 433 708 687 621 488 459 505 545 308 869 294 590 166 618 407 346 385 508 711 398 304 276 868 193 589 238 416 170 396 664 449 278 208 577 726 672 704 389 309 291 385 322 448 463 187 650 437 447 415 206 195 157 135 643 350 367 695 311 256 127 434
206 1189 398 501 745 1086 156 977 909 177 784 923 658 858 327 495 504 0 930 915 934 151 947 760 372 820 429 609 1125 172 623 614 899 820 582 228 909 303 693 830 883 421 1018 340 851 901 652 918 809 498 661 1052 261 846 498 1012 160 816 522 287 900 671 691 694 202 479 168 1254 1150 841 811 568 791 755 1133 934 115 533 276 574 687 552 527 842 659 642 623 1009 70 791 130 801 566 765 678 753 618 770 892 676 1039 871 767 707 59 586 784 757 787 438 855 773 394 955 560 522 444 423 758 58 80 790 816 182 969 609 944 788 1134 684 745 949 70 829 775 583 317 693 485 743 674 312 597 547 714 236 945 718 622 681 803 810 519 864 979 571 566 1248 834 567 359 168 330 396 345 506 372 438 129 240 835 713 748 511 361 702 968 246 726 814 611 690 666 904 868 116 239 370 618 865 360 860 728 701 593 587 318 929 674 586 665 1020 757 859 1159 639 592 848 760 1013 497 1072 338 782 296 461 1028 900 764 850 1071 279 982 1012 674 322 572 1069 801 94 870 512 314 633 458 952 872 341 498 53 934 320 881 894 520 283 1037 105 506 532 231 769 191 737 575 607 573 944 1058 685 793 183 692 111 1050 724 923 293 1052 781 975 735 957 625 87 1159 1108 218 689 899 859 541 267 972 795 956 620 791 312 842 771 425 1144 590 259 597 942 677 1044 525 652 443 823 1110 269 738 669 939 984 988 1005 820 342 214 656 206 949 393 509 183 939 449 113 682 424 592 574 1093 371 770 1089 682 505 632 892
1044 419 602 598 434 335 774 132 459 836 608 337 686 299 656 586 567 930 0 134 304 905 286 434 558 333 645 321 263 813 466 626 349 394 592 932 548 842 324 110 498 530 236 816 346 88 353 413 156 572 325 438 672 414 573 156 787 486 438 655 471 299 685 859 963 452 880 431 301 177 576 362 264 505 255 535 874 629 663 589 576 663 414 550 750 685 389 80 877 650 861 745 746 188 417 664 326 470 551 265 131 320 594 230 879 403 497 443 915 864 187 527 622 501 708 872 784 582 219 888 904 145 389 822 64 692 327 803 356 764 369 201 915 170 221 363 777 256 460 246 289 619 543 608 485 775 504 374 482 284 130 129 638 70 191 508 371 436 684 611 612 968 868 595 773 876 558 645 805 874 136 225 539 427 805 483 208 691 920 118 570 278 317 156 543 816 692 715 312 253 578 473 774 231 618 893 619 541 799 894 610 433 371 109 399 330 393 637 288 107 549 157 636 242 690 633 180 505 280 403 150 666 94 437 395 821 404 296 232 835 555 444 764 571 529 481 210 796 432 932 468 648 538 482 436 797 193 826 762 489 786 161 828 244 860 327 539 510 330 533 316 917 367 821 413 775 193 803 264 738 474 289 373 389 895 307 210 920 305 187 71 543 663 515 545 26 402 323 651 587 182 624 261 363 833 807 551 602 248 792 298 506 195 260 712 319 370 10 236 129 168 775 590 757 279 825 447 616 745 994 455 550 888 388 516 411 432 261 573 799 164 798 425 522 241
1051 326 552 523 321 228 761 265 581 799 487 203 580 417 675 639 495 915 134 0 433 912 417 534 552 210 580 323 212 819 539 528 473 506 663 950 668 872 246 192 367 497 130 754 218 214 419 280 246 501 263 310 653 286 502 97 784 361 469 658 592 246 575 751 975 452 841 362 242 78 452 357 159 388 218 402 845 692 640 499 665 574 434 662 644 582 319 172 856 529 830 624 653 153 499 547 358 573 420 305 247 190 475 271 860 453 376 544 800 787 302 407 654 367 615 785 707 529 157 867 878 150 499 785 102 593 193 685 261 656 465 333 910 86 311 332 807 222 479 177 343 615 452 522 578 734 371 464 556 235 147 130 699 160 79 428 350 362 560 522 572 976 806 548 808 790 550 690 797 894 236 267 422 404 740 376 86 669 811 178 645 338 256 283 658 805 677 654 315 125 582 589 661 229 524 798 597 663 693 800 504 302 469 72 301 279 336 510 382 123 482 176 596 149 707 562 114 625 183 519 182 671 90 305 475 761 449 194 132 821 425 472 792 651 479 348 331 734 430 924 593 663 655 602 398 822 123 810 677 424 745 197 790 181 766 347 454 377 215 621 421 928 276 804 287 663 60 749 165 619 340 203 502 318 869 250 196 936 375 55 140 603 651 641 422 141 329 428 664 460 148 664 230 400 783 710 673 494 151 704 341 474 99 199 726 222 287 141 370 261 301 654 587 724 307 784 313 647 659 1002 321 585 858 296 490 347 368 187 582 682 203 691 415 426 109
990 712 715 760 679 637 786 194 164 895 859 632 900 76 613 473 726 934 304 433 0 862 25 216 588 602 782 411 542 781 328 829 61 149 430 862 256 752 536 262 777 621 540 931 625 219 284 703 223 730 514 742 711 689 731 455 775 751 418 649 179 484 908 1069 901 496 939 708 581 450 836 447 520 753 526 821 915 482 713 779 365 847 428 277 961 895 575 321 900 900 905 990 932 402 267 904 352 237 828 317 270 605 842 306 896 350 753 224 1141 1006 144 779 554 792 893 1038 932 703 444 907 934 350 148 881 362 893 625 1040 652 981 195 109 898 435 199 494 692 432 460 470 290 636 739 788 280 850 794 220 336 469 337 354 496 279 495 691 481 716 941 799 702 918 979 705 677 1036 592 540 805 803 216 303 784 523 927 715 512 733 1131 288 398 273 506 150 262 819 719 836 403 537 581 195 1000 378 815 1073 672 245 1010 1075 829 735 185 382 696 502 556 900 180 391 703 415 723 490 647 783 477 214 525 136 400 655 392 738 263 930 366 598 490 846 828 429 683 388 653 773 112 911 485 919 168 615 253 192 558 721 490 842 930 647 860 313 892 462 1040 380 725 800 633 332 141 862 587 840 717 1000 493 902 566 979 770 519 69 575 927 585 474 853 257 481 301 421 688 211 802 309 589 144 623 852 399 535 527 362 921 998 252 825 549 964 319 601 460 546 673 556 579 301 97 207 181 1022 607 816 343 894 740 552 914 941 746 488 929 605 596 581 599 553 567 1033 399 1011 497 730 533
139 1209 456 574 794 1104 186 932 814 296 862 953 752 787 254 396 569 151 905 912 862 0 878 669 361 851 508 592 1124 93 537 698 820 734 472 81 802 158 714 799 940 446 1026 461 885 863 591 961 769 563 677 1089 288 891 564 1007 136 874 472 254 803 680 784 813 73 461 303 1266 1153 844 883 555 808 816 1128 995 246 419 311 650 576 642 491 733 764 737 652 983 193 876 255 899 672 759 597 841 581 673 957 641 1001 900 843 676 177 526 844 665 908 567 803 838 308 1009 659 649 558 479 761 186 221 775 731 296 951 705 971 894 1150 790 667 893 81 830 725 588 189 691 446 750 628 300 663 625 617 337 1000 642 532 687 785 795 404 836 983 627 565 1262 921 646 409 64 462 450 214 635 364 332 144 91 795 681 815 514 480 759 976 284 850 787 503 643 680 855 761 148 258 465 600 882 330 762 834 687 674 715 342 823 785 714 745 1060 678 850 1179 651 614 928 697 998 555 1056 394 793 219 541 1025 798 783 762 1052 241 969 1052 598 444 516 1082 812 159 936 465 191 524 499 1003 815 457 482 100 837 259 774 795 537 154 1035 175 616 576 336 745 308 742 699 578 637 1000 1078 580 722 34 723 184 1084 829 930 410 1061 878 1024 752 875 654 225 1162 1097 68 633 905 835 447 275 871 863 931 652 718 255 915 764 329 1139 546 382 712 835 756 1051 640 612 464 828 1111 195 763 699 913 923 945 956 921 325 297 626 324 995 310 616 90 987 376 249 717 439 621 607 1097 333 877 1068 792 497 694 907
1007 691 719 760 671 617 798 172 188 904 851 617 896 91 627 492 726 947 286 417 25 878 0 238 597 591 785 412 520 796 347 826 86 172 451 879 280 771 530 252 765 626 521 935 612 203 295 689 217 730 510 725 720 678 731 435 788 741 429 661 203 479 903 1066 918 503 948 685 559 437 826 450 509 745 503 808 925 503 722 776 388 845 436 301 957 892 571 299 912 892 915 983 931 394 284 897 357 260 817 319 246 591 834 305 908 362 744 247 1136 1009 137 770 570 778 891 1038 934 706 436 919 945 340 171 890 342 890 609 1034 631 977 213 88 912 423 200 494 710 427 470 462 295 647 736 787 302 857 780 237 355 464 327 343 516 266 477 688 482 693 932 797 708 935 984 709 696 1038 601 559 818 821 206 302 776 526 931 708 495 742 1128 278 420 278 502 134 286 832 729 840 405 524 592 219 995 374 812 1073 680 267 1007 1074 824 718 204 368 675 498 554 890 189 370 703 392 729 480 662 784 457 238 516 161 377 668 373 722 280 935 377 578 479 858 817 439 701 410 655 759 105 915 491 933 190 629 277 216 559 739 469 854 930 647 868 306 900 454 1040 384 723 786 614 354 156 879 580 852 699 995 477 908 546 972 755 511 87 572 938 563 451 871 265 466 288 440 698 232 793 289 586 159 636 842 390 552 504 370 928 996 275 819 530 964 323 605 448 525 688 547 573 282 73 184 157 1014 617 825 345 902 726 567 914 958 732 503 939 599 601 579 597 532 579 1027 376 1008 502 726 518
791 850 619 694 692 760 623 370 151 751 862 706 866 157 433 273 663 760 434 534 216 669 238 0 454 647 697 360 695 596 137 791 161 69 216 660 183 547 540 343 818 521 660 819 677 349 176 766 288 664 505 837 567 732 665 589 600 777 286 486 145 478 881 1023 702 388 792 864 734 519 849 381 562 761 684 871 760 270 577 733 153 791 316 142 920 858 551 481 736 900 753 980 872 441 92 894 281 39 865 285 453 666 842 300 730 217 769 10 1106 910 249 789 367 852 835 956 844 614 478 742 773 403 68 739 497 847 707 1020 786 944 71 294 715 501 224 447 490 435 331 496 238 488 702 734 64 718 851 84 138 467 397 417 284 378 610 648 423 869 947 750 593 722 862 607 473 952 459 339 634 603 302 300 786 444 820 711 621 590 1083 357 184 230 499 295 152 650 568 735 357 605 431 108 971 381 772 1002 542 194 967 1003 804 822 65 467 829 482 519 915 153 538 636 577 609 532 464 706 612 155 557 93 565 489 527 823 110 814 238 723 539 678 859 296 483 172 571 835 235 801 385 737 175 441 157 141 490 522 625 678 856 591 728 353 751 485 971 316 682 855 749 116 118 666 588 677 816 970 588 782 692 966 838 539 209 552 767 740 636 653 191 569 395 223 539 220 815 449 564 110 450 872 441 341 689 264 793 938 207 803 676 892 262 507 521 694 491 576 572 435 304 385 373 1012 462 677 305 756 806 367 842 743 808 313 773 602 492 545 557 694 413 1009 570 970 408 704 611
499 848 192 305 458 744 216 608 602 307 567 598 502 513 158 266 283 372 558 552 588 361 597 454 0 497 275 237 764 269 325 431 564 500 357 407 630 354 357 458 609 116 665 368 532 530 306 614 439 280 318 737 123 547 282 648 232 545 172 109 598 319 528 626 428 106 350 904 792 483 577 198 448 496 770 666 330 336 126 371 446 401 162 572 539 489 302 637 324 592 319 644 467 400 362 567 250 477 635 305 667 545 546 336 323 244 520 454 718 465 491 522 188 672 437 522 407 200 400 333 354 420 495 293 599 467 614 662 789 566 417 587 359 469 411 227 298 331 128 389 309 62 364 358 429 265 665 390 333 325 432 440 330 492 622 314 204 900 641 379 152 425 408 181 310 514 8 260 248 357 465 341 505 154 371 436 615 145 681 442 371 326 320 538 593 258 136 292 246 522 51 562 604 331 407 576 88 645 578 576 466 709 430 492 819 291 261 632 409 644 259 703 162 432 180 296 666 608 424 531 701 123 614 703 349 362 225 721 451 278 618 162 281 393 185 664 512 350 126 374 626 137 602 595 183 299 675 270 435 252 276 397 304 381 547 235 337 666 718 422 452 380 373 265 729 601 569 329 700 625 681 393 624 304 346 801 741 393 332 544 487 282 106 673 549 584 305 451 133 607 405 226 781 228 340 529 658 472 690 469 285 123 467 751 189 407 348 567 625 618 637 672 37 228 285 307 651 180 424 451 644 174 344 371 95 273 264 736 67 647 718 583 137 386 546
985 372 426 359 116 274 678 462 729 677 277 103 376 567 646 667 339 820 333 210 602 851 591 647 497 0 428 326 355 761 607 332 629 638 717 903 807 847 142 340 175 406 233 597 36 394 492 125 384 346 184 240 568 87 346 280 715 154 483 605 737 195 368 545 921 420 715 445 366 157 244 339 85 178 373 225 731 732 548 317 749 388 437 786 440 380 199 382 754 319 715 414 459 208 586 337 397 686 226 367 455 52 265 347 761 498 166 654 591 611 459 197 648 206 425 596 533 401 169 766 768 255 631 665 312 395 124 475 323 450 576 516 830 169 434 279 788 220 472 152 415 554 271 343 675 609 204 565 624 198 267 249 735 327 220 266 309 436 352 338 461 913 648 426 795 604 492 701 719 854 387 347 213 346 580 176 197 578 603 315 709 419 184 458 789 722 596 504 324 87 540 725 452 268 333 601 511 808 487 603 301 213 584 228 342 213 237 304 499 329 335 375 482 116 674 403 282 767 91 658 384 620 298 207 560 608 486 266 113 731 226 482 771 721 362 191 491 580 401 840 746 629 789 745 314 793 283 718 493 289 618 300 665 163 570 369 282 208 244 707 550 873 128 710 233 454 168 604 259 409 199 117 670 197 758 375 375 888 460 158 305 644 576 798 213 346 200 556 627 255 209 670 387 434 642 511 819 290 257 516 398 387 143 335 686 91 152 341 557 461 500 444 533 612 354 656 166 639 475 939 165 591 743 138 412 230 246 311 547 472 405 485 375 239 111
622 798 83 74 332 701 323 739 836 263 356 526 247 715 412 541 89 429 645 580 782 508 785 697 275 428 0 372 771 436 583 189 775 730 630 581 879 572 334 576 458 177 653 174 454 655 527 506 583 82 322 641 239 433 81 673 380 392 415 335 835 346 278 351 582 309 296 873 788 502 383 335 427 329 785 507 323 611 214 145 714 137 380 828 271 232 261 720 359 367 307 394 193 457 606 332 434 726 464 466 774 480 338 481 370 480 359 699 445 225 655 345 459 532 166 260 150 83 431 371 363 503 723 253 661 204 550 400 751 299 645 748 461 497 585 295 533 391 372 407 495 287 172 118 685 195 521 621 593 361 519 516 605 595 625 162 302 864 413 139 127 561 227 95 553 256 268 532 365 549 604 486 320 261 161 281 608 233 405 552 643 510 330 689 845 361 267 76 380 494 322 804 340 429 166 306 209 891 306 307 238 608 658 546 768 315 252 421 610 698 98 755 128 431 419 33 684 851 401 760 759 347 664 599 587 182 459 692 449 357 442 405 517 663 130 531 684 155 312 463 859 389 852 835 225 520 689 341 162 157 203 507 250 406 276 403 152 520 671 687 663 539 311 332 643 336 567 177 682 374 555 378 832 262 353 797 774 565 535 547 581 554 268 910 367 669 250 664 381 414 463 498 799 437 215 253 904 250 678 197 465 190 481 753 414 365 295 655 790 745 775 419 292 217 440 238 532 451 149 585 521 448 333 294 206 236 214 731 341 384 779 312 292 208 522
731 636 309 351 342 532 453 383 481 521 505 413 508 346 352 341 317 609 321 323 411 592 412 360 237 326 372 0 534 499 288 434 408 376 392 627 540 551 194 225 482 221 444 527 361 301 186 452 217 320 154 556 352 401 322 416 468 431 158 338 483 133 522 670 654 132 565 683 565 261 495 42 254 406 537 538 556 406 344 378 434 441 116 501 564 501 191 401 557 542 543 620 526 171 281 533 80 396 523 94 435 363 484 112 558 175 418 366 749 597 285 435 336 529 487 627 522 294 183 567 584 183 369 507 362 493 423 660 573 587 296 379 596 245 213 88 487 113 158 183 129 299 343 383 371 465 525 277 305 129 195 204 409 256 397 291 70 681 589 396 305 655 577 299 489 626 237 381 485 572 241 117 429 117 521 353 394 371 732 206 386 143 149 322 512 495 371 429 9 321 262 458 613 95 416 664 300 547 613 665 444 532 308 258 608 127 159 560 244 407 293 466 328 229 385 372 435 505 237 404 464 351 378 529 256 528 160 504 245 514 513 158 472 399 243 515 312 507 112 612 503 340 516 486 147 500 445 505 520 240 476 160 515 173 631 46 325 528 510 394 299 607 236 500 542 612 349 505 480 605 526 210 463 192 575 573 506 614 175 324 250 318 342 555 462 347 204 302 342 521 175 352 548 110 529 592 560 443 468 554 100 198 249 522 404 240 217 330 421 392 416 652 270 442 68 513 493 328 504 681 491 271 570 248 202 185 198 509 260 650 480 615 105 343 340
1263 176 754 708 470 142 972 348 705 1004 601 282 725 554 885 839 683 1125 263 212 542 1124 520 695 764 355 771 534 0 1031 726 687 595 652 852 1161 796 1081 442 367 449 706 122 944 341 346 610 350 417 690 467 288 864 396 691 119 996 474 676 870 718 454 712 886 1187 664 1045 169 39 284 559 569 345 521 26 459 1052 887 850 671 838 743 644 806 786 730 516 221 1065 640 1037 732 814 365 679 668 564 731 496 506 280 309 596 471 1070 653 500 705 918 965 447 531 862 413 779 951 886 729 367 1076 1086 355 647 990 200 748 258 797 127 793 632 433 1121 296 483 542 1016 434 689 383 539 827 625 697 748 937 422 637 742 444 348 334 895 326 147 612 561 175 657 692 777 1188 997 750 1015 959 762 893 1009 1105 398 467 553 615 929 530 163 879 941 364 831 531 461 407 796 1016 888 847 526 278 794 726 788 439 688 954 807 786 831 956 652 303 633 277 168 486 539 602 551 157 675 129 801 347 919 750 99 754 372 657 144 883 172 313 656 954 651 115 327 1032 511 680 1001 833 682 395 465 926 642 1136 710 874 790 731 606 1032 89 1020 848 620 948 395 993 388 923 555 633 428 162 796 578 1140 460 1014 261 790 206 945 102 732 374 398 606 514 1076 45 72 1148 563 228 316 799 862 751 537 246 524 585 875 555 360 869 38 604 981 863 794 640 99 871 542 683 302 21 938 406 477 261 454 336 367 757 800 931 513 986 362 855 830 1214 376 792 1064 478 701 546 567 47 794 799 152 828 627 594 250
