NAME : X-n308-k13_SARP
COMMENT : Curated from VRPLIB to SARP
TYPE : SARP
DIMENSION : 307
EDGE_WEIGHT_TYPE : EXPLICIT
EDGE_WEIGHT_FORMAT : FULL_MATRIX
EDGE_WEIGHT_SECTION
0 433 394 536 416 1032 847 1120 620 906 418 790 154 336 599 387 914 240 942 346 870 165 535 972 705 1147 769 818 1001 647 930 829 690 671 338 563 1197 820 828 708 327 1093 928 407 879 832 997 514 907 715 794 915 182 572 656 819 351 792 350 1056 402 615 392 989 882 891 290 111 738 756 774 939 316 424 384 752 904 917 292 520 417 1006 644 238 299 279 1030 327 976 588 329 989 885 776 638 849 125 123 415 879 418 524 962 1079 255 1073 976 995 804 466 976 198 299 281 333 916 1116 912 691 337 886 342 346 282 529 723 318 717 834 305 270 1122 613 909 898 1192 482 184 516 227 609 886 814 943 700 1112 389 1040 469 714 1332 853 719 325 1007 983 475 1019 942 213 973 432 744 852 487 477 837 960 468 600 280 740 288 273 961 745 592 417 287 899 448 262 276 1158 288 480 614 806 924 530 1007 832 431 257 1153 450 990 602 342 1249 769 873 323 376 708 733 592 1004 741 901 1034 643 713 1341 1059 933 751 583 1031 279 378 371 603 722 1025 491 749 1146 787 225 777 1035 249 945 835 810 183 420 581 421 153 329 881 1157 734 999 883 305 999 850 1204 701 652 611 562 279 713 758 966 656 1031 772 722 577 309 1259 284 914 676 260 363 868 172 312 929 582 1110 1228 1054 940 894 663 1014 500 265 791 385 866 603 236 418 794 618 274 785 1349 799 270 1024 890 278 797 7 1047 563 708 345
433 0 100 123 505 755 455 858 194 494 246 470 332 345 587 563 510 429 703 92 932 429 355 577 537 897 436 733 762 553 838 430 515 532 285 631 964 389 440 705 105 886 533 304 866 523 1051 395 540 545 428 822 257 219 576 389 501 504 98 810 445 511 194 688 890 508 316 321 827 646 345 759 119 243 355 557 587 838 184 474 95 620 649 289 225 154 635 340 744 484 103 556 494 344 646 433 313 410 20 528 346 259 820 691 324 713 1016 952 395 456 680 321 134 169 153 728 786 676 285 126 513 92 449 363 410 587 126 532 488 209 179 853 597 525 511 871 330 428 85 205 688 462 842 710 782 858 500 751 491 496 1052 458 745 327 616 741 42 621 613 470 748 263 688 885 445 138 470 730 64 511 438 805 241 310 577 428 659 49 272 536 232 171 165 812 144 343 217 446 724 534 940 423 253 470 857 589 1038 520 91 944 532 497 110 523 771 301 542 774 665 979 812 504 578 1058 920 700 637 520 959 322 559 64 548 646 907 568 472 843 854 230 747 746 363 706 447 615 333 394 382 57 346 110 735 824 572 695 507 335 698 474 921 602 639 180 200 353 548 683 596 225 643 664 296 609 294 1012 149 744 618 358 72 891 291 121 508 517 768 956 697 699 513 444 924 480 360 443 105 581 319 389 16 411 628 484 520 1064 648 163 719 504 402 467 426 895 232 739 182
394 100 0 147 407 706 456 805 236 512 148 431 268 247 488 469 521 344 642 70 833 356 267 581 455 842 402 643 702 460 750 436 434 445 187 530 904 435 438 607 108 820 537 204 770 480 952 300 526 463 411 734 212 187 483 434 406 453 55 752 346 418 94 646 793 503 224 286 727 557 389 685 95 145 255 481 550 748 109 375 24 618 550 209 136 146 639 243 681 390 103 610 495 406 547 456 269 346 85 505 246 185 739 691 237 697 918 859 410 356 636 247 127 113 68 655 757 613 297 57 502 110 353 272 316 501 81 453 461 121 124 803 499 521 509 839 235 352 167 181 588 495 743 647 682 803 403 705 391 423 1007 461 646 231 617 681 126 627 581 391 684 166 594 787 346 88 454 666 87 417 348 705 153 220 573 386 559 52 181 519 140 155 121 790 132 247 220 426 653 434 850 438 156 385 815 491 940 425 106 907 465 487 97 428 671 359 445 711 573 880 748 416 491 1014 840 637 549 423 870 231 465 104 451 553 824 468 416 804 754 171 652 700 276 644 445 541 261 294 299 47 280 80 654 796 490 654 498 241 656 464 876 511 541 233 173 261 466 590 584 295 642 575 334 509 199 957 130 667 523 270 73 793 232 107 536 421 744 907 679 638 507 369 837 380 271 416 9 531 258 304 89 405 529 397 462 1021 566 152 679 501 311 432 387 817 187 639 86
536 123 147 0 521 644 332 749 89 375 240 357 415 372 562 596 388 485 603 191 906 503 307 454 467 790 320 675 660 506 773 308 445 472 313 625 859 288 317 672 218 789 410 303 822 410 1019 363 417 474 306 757 354 116 531 287 534 398 186 705 457 466 206 573 851 385 360 426 814 586 242 673 221 233 366 477 472 776 256 452 124 497 623 354 279 267 513 370 644 441 215 463 371 262 622 316 412 493 133 407 343 198 741 568 378 590 981 896 274 450 566 393 246 256 215 641 666 577 162 201 390 209 479 407 375 524 218 456 369 264 268 743 570 402 388 752 300 497 92 313 682 351 810 611 769 750 523 638 490 413 938 335 718 358 493 639 94 499 494 535 650 250 642 853 431 95 347 631 69 471 484 786 295 360 454 317 651 119 321 413 210 281 260 689 254 316 94 324 633 520 878 302 240 525 742 608 1005 480 207 827 440 374 217 553 753 215 510 674 614 957 713 448 515 943 839 602 577 486 895 368 593 184 514 596 832 572 371 727 833 317 704 633 417 605 323 531 408 395 321 115 427 208 659 703 501 580 383 373 583 351 807 549 609 91 97 398 478 630 473 162 520 603 187 595 332 904 256 660 576 409 178 856 378 229 394 483 647 844 574 599 389 366 856 466 410 324 156 473 232 446 132 288 606 536 420 949 575 275 604 381 448 351 529 811 140 714 224
416 505 407 521 0 720 699 785 602 786 282 562 297 162 190 99 777 176 609 431 469 252 284 809 364 802 561 413 662 269 523 695 359 318 221 151 838 777 676 292 452 725 771 219 463 582 595 220 710 372 620 508 365 467 268 773 76 530 417 716 64 253 320 703 467 719 201 396 344 368 733 567 423 289 156 418 647 507 339 156 419 822 228 257 288 441 857 168 634 237 449 951 729 776 222 750 367 294 488 665 182 363 571 888 214 843 570 579 696 105 687 261 443 370 356 551 844 581 605 387 700 468 74 167 224 355 403 386 623 304 369 794 203 735 732 903 250 233 572 416 204 806 402 605 301 773 30 737 76 409 998 709 304 180 829 647 532 852 692 215 626 274 336 441 140 426 653 619 485 232 136 335 277 215 779 525 181 459 245 697 315 430 388 901 434 235 540 620 567 126 593 719 283 167 844 87 587 230 464 941 467 693 435 65 301 728 202 657 340 507 679 298 346 1009 661 597 366 204 617 201 103 483 213 322 621 77 488 844 385 340 362 731 191 612 682 465 267 131 316 453 288 421 496 884 382 714 704 178 712 677 880 315 239 612 472 176 368 355 764 683 845 381 677 161 216 905 425 540 275 185 451 456 320 434 831 204 852 893 823 609 721 377 603 125 180 594 401 584 408 188 492 642 203 155 503 1018 427 437 736 724 147 578 411 654 439 293 324
1032 755 706 644 720 0 406 107 631 471 619 287 878 706 568 816 435 840 119 775 731 907 497 387 356 152 326 427 98 459 422 434 362 403 694 677 227 612 400 567 814 209 392 625 576 234 774 529 302 348 366 417 876 536 471 605 789 253 760 92 685 467 658 84 622 357 745 948 738 396 604 236 799 614 659 301 181 446 767 564 689 346 583 794 741 849 384 714 118 483 808 686 389 682 589 503 922 930 755 272 621 526 318 360 781 252 731 551 483 620 83 835 832 794 735 223 165 142 526 750 329 814 750 765 516 376 781 334 293 740 804 99 561 354 369 191 551 890 733 874 696 551 640 129 714 113 746 32 644 322 303 414 618 712 364 96 736 395 181 898 134 603 481 664 586 625 339 126 691 488 809 694 749 761 342 327 677 723 745 294 595 855 810 232 835 555 557 344 195 605 503 474 606 857 125 771 757 492 809 222 264 342 802 784 682 663 528 120 450 780 145 422 382 311 357 133 392 519 504 757 821 799 519 455 394 695 291 126 711 827 524 30 798 117 398 259 851 636 452 715 881 784 310 194 341 85 342 734 78 357 172 430 557 659 554 765 352 448 292 705 351 395 591 627 724 261 831 257 490 785 776 647 866 812 525 518 197 202 241 117 353 370 454 595 781 331 710 175 448 821 757 404 593 854 249 318 322 854 76 368 788 296 1025 321 524 625 708
847 455 456 332 699 406 0 509 276 95 459 185 708 597 643 794 79 736 425 515 941 777 416 126 445 557 159 644 464 542 704 30 429 481 553 742 632 206 22 715 547 600 81 505 813 216 1026 482 109 446 84 692 666 275 568 199 742 252 506 490 640 517 464 322 853 59 610 741 889 564 201 542 545 451 566 416 231 718 556 567 433 165 692 631 557 594 183 600 461 509 543 311 39 278 694 99 723 781 465 135 529 351 631 237 640 268 983 843 81 599 323 675 573 568 514 512 366 411 171 512 79 539 688 651 482 506 536 420 132 547 579 496 645 73 57 453 452 766 400 636 787 156 838 438 850 518 713 386 638 366 660 11 771 592 162 445 421 172 225 794 474 454 650 876 566 370 76 454 398 534 721 851 572 618 123 195 759 446 586 113 421 607 577 373 580 466 240 95 491 636 808 68 450 769 467 779 1010 543 536 536 344 64 543 752 825 266 586 485 614 994 524 474 502 662 709 431 555 564 818 622 795 515 583 604 725 718 267 447 887 621 713 383 672 426 17 439 691 572 389 439 717 531 571 398 465 323 67 612 329 51 538 556 668 301 285 644 452 624 151 324 189 576 202 697 581 658 581 544 610 662 505 869 678 555 152 561 338 581 256 419 64 359 770 594 660 126 464 284 291 702 464 57 686 774 296 666 514 602 341 52 687 163 840 674 289 771 505
1120 858 805 749 785 107 509 0 738 569 711 393 966 788 620 879 534 918 179 875 733 988 585 480 425 48 432 448 124 518 415 538 435 469 782 725 124 715 505 599 914 147 489 712 577 340 759 610 404 417 472 414 969 640 525 708 858 354 859 71 757 533 753 188 622 458 830 1040 759 438 709 246 898 707 740 373 287 441 862 633 790 434 626 883 833 948 469 797 152 552 908 781 491 787 632 605 1012 1013 858 377 704 624 308 435 866 325 718 530 588 690 189 922 931 890 832 248 212 208 632 849 432 914 823 847 595 433 879 407 399 833 899 21 611 454 469 190 638 970 839 970 737 651 651 181 741 22 813 123 710 406 214 517 645 796 452 139 840 481 284 975 161 694 514 669 658 726 444 166 794 553 884 716 840 847 436 432 721 826 834 397 690 953 907 271 933 640 663 450 225 665 478 578 698 932 104 829 742 556 910 174 351 445 902 850 709 769 587 131 487 779 124 492 440 225 315 189 436 582 473 841 885 901 577 496 362 752 390 124 725 920 546 126 880 176 502 321 937 713 540 817 967 884 328 222 404 186 444 818 180 461 99 480 600 765 658 847 420 481 387 812 435 432 698 677 811 155 929 273 537 868 876 649 956 911 622 581 252 109 318 180 454 458 426 662 864 437 810 277 548 901 860 510 639 927 345 233 366 952 170 469 867 402 1113 282 627 654 803
620 194 236 89 602 631 276 738 0 302 321 346 503 457 626 680 321 573 606 274 967 592 367 392 505 781 307 718 660 559 808 248 483 518 399 698 853 200 266 731 297 794 349 383 872 399 1074 428 374 510 272 793 440 154 585 199 619 399 271 700 538 521 292 554 904 334 447 509 881 628 154 691 304 313 447 506 452 814 345 520 213 439 686 443 368 346 449 456 648 499 294 374 314 175 686 240 498 582 209 375 422 258 766 508 467 543 1035 937 207 525 550 482 325 343 303 659 631 583 110 289 344 285 563 495 438 565 303 490 342 353 354 729 633 349 333 718 369 586 125 395 753 268 868 616 837 741 606 620 565 441 914 277 780 444 433 639 154 434 467 623 655 328 692 911 502 178 309 635 153 528 572 851 384 448 399 314 722 203 409 373 287 362 346 647 335 386 87 293 647 590 915 234 319 613 718 689 1060 538 284 797 457 328 298 637 819 127 572 676 662 1018 716 496 557 919 860 607 619 548 931 456 678 258 574 646 859 649 380 701 896 404 757 616 505 608 272 555 496 473 372 200 516 292 688 666 537 560 336 459 564 305 786 597 669 28 141 485 515 678 425 93 461 645 102 664 419 892 338 682 631 497 258 911 466 310 314 545 607 825 529 602 338 401 889 537 498 301 245 468 268 534 207 243 671 624 429 923 608 355 582 328 535 335 614 830 185 776 313
906 494 512 375 786 471 95 569 302 0 535 278 773 675 737 879 36 812 505 565 1035 848 504 107 540 618 254 737 539 636 794 91 524 576 628 835 693 163 115 810 593 673 81 585 906 304 1120 571 170 540 179 782 723 343 662 157 826 344 558 559 726 611 533 386 947 118 684 797 984 658 180 628 595 527 648 509 307 809 617 658 488 162 786 700 624 641 156 678 539 602 589 223 86 245 788 63 781 848 506 212 612 430 717 218 713 286 1077 934 102 687 391 743 620 624 574 598 400 494 215 569 148 583 770 727 572 600 589 514 221 613 636 554 739 117 103 484 537 839 427 687 881 83 933 519 945 581 799 447 727 461 699 83 865 669 149 522 456 140 291 869 553 532 744 970 655 430 166 533 443 628 799 945 640 691 138 290 852 493 657 180 497 656 631 392 629 551 292 189 576 728 897 74 527 847 513 868 1103 637 581 570 437 140 591 836 919 249 679 561 708 1089 598 568 596 699 791 513 649 657 906 696 880 557 677 699 810 808 361 491 982 682 808 445 747 506 112 531 759 657 480 488 783 581 661 425 559 386 136 689 393 138 584 651 762 322 348 720 547 718 185 324 178 670 207 790 656 712 631 631 705 736 552 963 741 603 59 654 365 629 279 499 120 453 858 685 735 220 520 369 378 777 505 146 780 853 388 701 607 650 400 106 765 256 899 756 362 866 571
418 246 148 240 282 619 459 711 321 535 0 374 266 142 340 360 534 277 538 202 686 321 134 581 324 742 356 499 598 315 609 448 304 306 94 390 799 502 437 459 237 705 538 63 622 414 804 153 501 333 393 593 258 195 336 499 301 374 184 651 217 273 56 572 645 493 151 330 583 416 457 561 212 8 126 359 486 605 154 227 152 606 402 183 122 254 635 144 575 244 232 678 494 495 400 490 303 330 232 466 104 111 607 678 183 660 770 713 438 214 559 226 244 186 134 533 698 508 335 160 483 246 245 192 169 363 190 327 421 122 194 712 351 511 503 774 90 309 298 265 447 542 595 540 538 705 285 624 251 309 921 467 498 134 609 578 264 626 524 335 574 19 447 639 200 145 433 559 211 270 265 560 131 161 561 328 417 197 134 490 38 255 205 741 242 100 264 400 535 288 706 463 13 312 737 368 792 278 241 832 360 471 220 317 526 447 296 604 427 733 638 277 353 929 707 531 408 275 727 163 359 248 303 407 687 333 332 729 608 209 504 619 214 540 444 420 243 156 175 190 272 201 521 739 358 581 482 154 581 451 791 367 393 330 196 186 334 445 559 402 631 434 400 364 123 857 235 540 375 203 214 645 248 226 573 272 693 817 641 535 496 255 696 234 201 381 146 449 187 243 236 402 382 319 370 937 432 257 606 495 230 382 411 687 173 492 98
790 470 431 357 562 287 185 393 346 278 374 0 640 492 475 661 254 635 264 500 758 690 285 260 264 436 40 458 315 368 520 201 251 305 463 580 507 370 167 536 537 450 230 401 628 53 841 342 151 264 108 508 620 252 392 363 617 68 486 354 510 349 400 218 669 175 519 695 713 380 349 368 526 367 452 231 119 534 507 416 412 263 519 557 492 577 301 498 305 346 532 495 197 426 522 278 671 703 472 103 412 267 453 327 554 289 798 659 238 457 210 600 558 529 471 336 328 244 246 481 149 535 566 551 337 323 510 238 65 487 540 386 475 188 190 408 333 675 446 607 621 339 655 275 676 396 581 281 493 186 582 197 592 493 272 294 449 298 152 694 314 362 467 693 422 346 113 294 406 368 612 673 503 532 223 46 593 442 508 137 342 585 544 367 562 343 270 91 318 479 625 242 362 662 387 635 825 376 531 476 158 148 527 621 649 397 420 332 431 811 372 302 320 588 537 267 371 400 637 531 663 518 415 423 548 567 85 374 707 572 530 276 579 266 169 254 617 446 247 434 646 511 388 368 281 225 157 515 228 142 451 376 494 374 270 548 271 441 202 426 285 391 322 532 493 548 560 365 433 567 497 685 619 538 337 398 320 487 269 259 175 192 589 445 565 62 437 122 187 607 473 151 516 663 111 594 329 583 249 184 583 22 783 504 245 594 449
154 332 268 415 297 878 708 966 503 773 266 640 0 186 466 300 778 136 788 240 765 101 381 833 553 993 620 677 848 501 791 692 538 521 184 448 1044 703 688 581 236 942 789 253 754 680 892 361 762 563 650 775 88 432 512 702 247 639 237 902 268 467 246 836 762 749 138 99 638 611 657 789 214 272 234 599 752 780 159 376 291 864 516 84 151 199 889 177 823 439 236 877 745 670 511 720 70 79 313 730 266 374 816 936 103 925 867 866 672 325 822 45 212 163 201 764 964 758 560 215 741 253 223 140 378 574 206 564 685 161 153 968 479 767 757 1039 327 106 416 153 500 762 698 789 596 958 274 886 335 560 1178 715 600 174 865 829 372 879 791 151 820 279 607 738 342 343 692 807 351 453 169 632 138 120 818 594 479 304 133 752 298 182 167 1007 201 326 482 660 772 396 873 699 278 173 999 352 884 457 251 1095 615 729 225 274 598 624 451 850 601 802 881 492 564 1187 914 780 605 439 896 128 292 280 461 581 882 374 596 992 681 102 646 881 109 791 694 658 32 273 426 305 15 222 733 1005 583 846 740 155 845 707 1050 556 521 499 425 134 562 618 821 554 888 627 602 453 155 1106 193 764 537 117 260 752 42 217 802 438 959 1074 906 787 752 508 876 360 123 643 259 712 452 110 316 653 491 190 631 1195 650 191 870 749 150 648 147 900 420 589 203
336 345 247 372 162 706 597 788 457 675 142 492 186 0 290 224 673 143 610 270 615 202 213 716 370 813 481 494 668 315 607 587 355 335 60 300 861 643 575 410 292 757 674 92 583 526 740 179 629 379 526 591 227 338 327 640 163 479 255 723 106 280 166 671 596 627 52 278 498 424 598 603 263 150 48 417 596 597 179 192 261 738 346 116 127 284 769 9 642 253 288 820 631 632 342 632 248 225 326 591 85 246 630 809 83 781 710 690 579 145 657 142 284 212 194 580 806 580 477 225 614 307 107 60 194 388 242 383 546 142 212 792 303 645 638 875 160 185 414 267 357 684 537 610 453 779 156 717 166 384 1002 605 437 19 742 650 373 761 638 202 638 143 426 579 157 278 565 627 328 267 124 483 117 71 693 449 330 298 88 618 180 276 230 854 277 153 406 532 589 223 693 604 149 173 829 244 730 271 303 926 442 604 275 182 448 584 268 669 417 658 699 307 377 1012 728 600 419 254 716 59 221 322 278 397 697 230 435 824 533 192 470 711 92 612 581 475 155 87 257 294 185 259 547 846 398 682 615 31 681 585 876 370 346 463 338 59 377 434 687 532 762 441 541 291 56 925 268 578 354 80 289 590 192 274 715 253 805 897 762 608 630 336 693 179 76 509 240 547 313 116 331 540 322 178 464 1020 463 282 706 630 91 504 329 714 315 428 163
599 587 488 562 190 568 643 620 626 737 340 475 466 290 0 268 720 361 451 534 346 438 260 735 225 630 488 223 497 113 333 648 230 177 330 110 659 768 622 121 564 544 703 286 293 480 464 199 626 230 559 319 517 473 97 763 265 426 517 549 198 127 394 568 309 648 341 563 256 186 729 388 536 344 253 277 533 319 458 113 492 736 62 405 407 567 775 299 469 135 560 931 666 787 60 715 533 477 573 575 246 368 383 795 368 731 430 401 663 145 551 424 563 492 459 376 710 426 595 489 624 577 254 326 188 191 513 252 540 418 495 631 14 662 663 758 263 418 634 555 145 776 256 444 213 605 220 590 131 294 828 654 158 308 747 485 602 774 578 404 459 324 146 299 143 472 583 455 548 109 321 225 401 360 698 450 118 537 375 612 358 561 512 772 557 247 548 553 396 69 408 680 334 356 690 211 452 100 572 784 343 621 547 249 193 742 58 489 151 395 506 174 186 840 471 438 186 81 432 347 275 584 60 134 431 136 392 694 271 481 181 584 357 453 626 309 433 208 265 530 459 529 313 747 229 579 631 319 575 610 717 139 56 643 485 332 224 165 672 717 757 196 678 60 342 728 549 360 87 348 550 306 479 549 790 84 724 725 711 452 649 286 415 113 343 522 485 460 376 364 576 592 45 345 389 850 254 566 598 655 322 496 593 466 443 153 421
387 563 469 596 99 816 794 879 680 879 360 661 300 224 268 0 872 164 704 481 484 225 380 906 460 893 659 487 755 361 591 789 456 413 284 192 926 862 771 349 496 811 867 300 508 682 610 318 808 468 717 578 381 552 356 859 62 629 469 809 154 349 390 802 504 816 247 394 351 453 817 654 467 368 236 515 747 573 385 254 485 920 291 287 338 475 955 226 727 335 493 1038 825 855 284 841 369 271 544 763 268 452 650 987 246 942 590 630 788 204 786 276 481 411 410 640 943 677 692 439 798 512 117 202 323 447 449 483 721 355 407 888 280 832 828 1001 342 208 636 440 227 896 435 699 314 865 80 834 173 508 1090 804 346 239 927 741 595 949 791 174 719 356 408 469 240 502 750 713 552 328 135 355 324 255 877 623 216 519 292 795 397 462 426 1000 471 328 624 717 658 214 650 811 364 133 941 66 604 324 508 1037 565 790 480 43 325 807 292 750 418 514 770 395 439 1102 735 692 452 297 674 243 9 532 302 402 691 133 588 941 401 369 422 829 211 707 777 560 275 222 414 515 288 468 580 983 476 813 801 228 810 774 975 402 308 687 556 212 464 431 862 756 943 464 761 223 270 994 462 627 355 211 501 488 333 476 923 298 951 986 922 704 818 476 667 223 208 691 462 683 503 194 549 737 267 115 602 1111 516 469 835 820 166 677 383 732 527 334 383
914 510 521 388 777 435 79 534 321 36 534 254 778 673 720 872 0 812 472 577 1012 851 494 75 518 582 233 711 505 618 765 87 503 556 628 820 657 197 101 789 606 638 45 582 881 276 1094 560 136 518 161 754 732 346 643 190 820 319 569 524 718 594 536 351 922 86 685 807 965 634 210 597 607 526 644 485 274 781 624 646 498 129 768 703 629 654 129 676 506 587 602 255 57 278 770 90 790 852 521 181 606 427 686 190 714 252 1051 905 115 677 356 747 633 633 581 568 364 463 226 578 116 597 765 726 560 577 600 492 194 618 645 518 722 82 71 448 530 840 446 699 865 119 910 486 926 545 792 411 717 439 663 69 845 668 118 488 473 114 256 869 520 530 721 947 644 437 141 500 457 611 797 925 643 693 103 271 836 506 659 147 496 668 641 358 642 544 302 168 545 714 868 87 526 845 477 858 1078 620 595 535 412 110 604 830 900 279 663 527 685 1066 564 550 574 664 759 480 626 641 877 696 873 572 660 677 779 797 338 455 961 689 785 409 747 473 96 504 763 650 468 500 788 593 632 390 536 350 105 688 357 113 548 630 744 343 353 720 525 695 149 350 147 645 231 774 656 676 643 601 685 737 565 939 747 616 91 639 330 593 244 467 88 435 827 673 735 199 529 338 369 777 520 135 763 851 363 666 581 662 364 75 763 232 907 723 363 846 576
240 429 344 485 176 840 736 918 573 812 277 635 136 143 361 164 812 0 739 339 636 77 353 857 494 940 624 582 796 420 694 725 483 454 184 324 984 768 715 468 347 875 815 235 639 668 763 311 772 503 668 679 220 470 425 765 114 620 331 851 169 393 285 810 642 768 128 231 507 526 721 718 321 285 184 545 738 680 244 293 364 880 404 139 208 320 911 138 769 369 346 944 771 747 398 765 205 118 409 734 224 386 733 951 107 924 740 755 714 236 795 116 329 264 278 698 946 710 608 302 756 365 107 86 324 501 306 511 689 223 258 923 374 786 779 1014 302 57 508 281 372 815 576 738 466 908 149 853 232 519 1132 744 479 145 884 779 465 902 780 59 764 282 507 614 263 398 706 754 430 375 40 504 191 125 835 592 353 390 164 761 315 305 276 996 318 294 533 673 710 292 767 740 286 42 964 218 756 376 362 1061 577 746 333 141 471 700 359 795 506 671 822 428 491 1143 826 729 523 354 791 118 156 388 371 487 790 251 576 961 552 214 538 847 68 742 721 600 113 205 397 388 124 324 654 987 519 821 757 124 819 726 1008 472 413 575 468 92 500 523 829 639 904 541 665 337 157 1049 309 692 441 77 361 630 171 327 849 353 947 1027 904 738 771 474 776 269 77 652 336 686 455 40 413 679 378 57 603 1151 576 314 844 771 53 647 235 817 450 468 261
942 703 642 603 609 119 425 179 606 505 538 264 788 610 451 704 472 739 0 711 618 809 409 441 247 205 304 311 61 344 318 449 256 291 605 559 263 626 413 448 750 187 433 535 466 216 669 431 337 238 364 311 795 489 354 619 681 207 694 114 579 356 582 153 511 387 652 865 619 277 609 133 732 534 562 194 199 340 690 456 628 411 464 706 659 780 452 618 41 374 744 727 419 687 470 524 837 835 701 293 525 457 223 441 688 343 626 455 493 512 138 744 765 719 663 112 278 30 510 681 357 752 644 668 416 260 712 228 295 660 729 185 443 391 402 311 462 791 694 800 577 580 525 14 595 170 636 146 534 229 393 435 499 618 427 40 690 459 224 796 50 520 362 551 480 567 350 29 640 377 706 576 665 669 394 292 558 667 658 325 519 785 737 345 767 463 525 343 84 491 410 491 525 753 239 657 652 380 747 334 178 366 736 674 563 661 414 71 331 669 110 313 266 403 287 14 273 407 415 663 710 741 404 335 310 580 233 244 594 746 407 142 701 3 412 144 759 534 364 658 790 718 196 310 228 162 369 639 155 374 271 312 438 634 508 668 242 329 347 689 422 275 586 509 633 319 762 147 372 689 714 535 780 746 563 406 304 288 327 6 385 283 364 485 685 321 645 144 386 723 703 407 475 748 184 412 203 785 171 399 688 280 935 251 471 506 632
346 92 70 191 431 775 515 875 274 565 202 500 240 270 534 481 577 339 711 0 875 337 329 640 519 912 470 701 771 517 810 494 498 507 213 565 974 473 498 655 38 888 596 248 822 550 997 355 590 528 476 794 167 253 538 473 419 523 18 822 374 475 146 715 842 565 234 235 764 617 428 752 30 201 289 548 619 807 96 422 88 679 595 200 144 79 698 264 751 447 33 644 554 434 592 507 224 318 73 571 288 254 804 752 237 762 964 915 464 396 705 230 59 77 77 722 825 682 351 46 565 44 370 279 371 563 34 519 528 128 86 873 546 583 570 907 292 336 177 122 623 541 789 716 719 873 422 775 427 491 1077 520 690 251 677 750 133 686 649 378 753 221 649 832 391 155 519 736 122 472 352 745 157 226 635 455 595 72 189 584 202 91 73 856 65 302 276 491 721 475 908 492 212 381 885 511 985 479 39 976 534 550 28 442 710 389 495 780 629 920 817 477 553 1084 905 706 609 474 929 238 476 52 503 609 886 499 486 873 794 138 704 770 275 714 505 608 241 331 365 77 254 18 718 864 554 724 561 255 725 527 945 569 588 265 238 269 530 647 648 316 703 635 376 549 215 1027 66 733 576 272 21 840 199 39 585 472 811 977 745 708 569 437 897 423 274 483 66 601 328 300 77 467 573 396 531 1091 630 86 748 563 317 501 340 882 255 683 114
870 932 833 906 469 731 941 733 967 1035 686 758 765 615 346 484 1012 636 618 875 0 706 601 1010 496 720 781 311 636 411 319 951 513 464 665 318 712 1092 921 236 903 603 986 629 157 743 127 544 896 495 858 319 833 812 385 1087 522 695 858 671 511 447 739 768 112 931 663 864 133 378 1057 496 874 690 587 527 775 292 792 459 838 997 284 723 740 900 1038 623 613 468 899 1245 955 1120 286 1024 835 751 917 844 588 711 426 1042 681 955 109 240 976 479 752 730 898 826 799 508 895 607 924 829 903 916 543 634 532 435 852 521 820 754 827 752 337 942 947 913 609 688 980 880 265 1087 102 606 170 713 491 761 450 575 901 952 188 634 1010 635 949 1041 815 657 597 670 291 67 487 818 871 606 894 438 599 133 732 679 966 746 288 883 703 882 705 891 845 962 891 593 885 846 536 400 289 989 680 613 830 420 121 428 911 907 601 904 885 496 168 1077 396 617 327 54 610 479 439 915 450 604 387 420 307 665 493 926 393 337 394 392 674 843 84 805 228 757 659 619 924 520 735 544 597 875 755 868 422 924 476 778 912 639 771 899 828 386 298 985 826 643 488 317 930 1059 1013 369 1009 326 671 779 882 474 339 654 892 85 789 886 1092 423 922 816 938 622 931 591 335 453 649 815 829 697 706 655 921 896 304 597 651 925 440 897 789 941 615 780 866 471 782 194 762
165 429 356 503 252 907 777 988 592 848 321 690 101 202 438 225 851 77 809 337 706 0 414 900 565 1011 675 659 866 495 771 764 553 527 228 398 1056 790 756 544 336 949 857 289 714 725 833 378 821 574 713 756 189 505 501 788 186 680 332 921 245 467 315 873 717 813 171 176 575 602 744 792 313 328 248 615 797 757 249 368 378 927 480 150 226 300 956 194 840 442 335 966 813 762 474 798 156 45 409 785 287 431 809 999 138 978 811 831 748 311 858 109 313 259 289 771 1006 779 638 307 803 353 184 142 392 575 303 581 740 239 251 992 451 831 823 1077 361 20 512 253 444 844 649 808 536 978 224 918 309 585 1202 785 554 198 930 849 468 946 837 55 835 329 584 687 337 423 754 824 442 449 117 575 210 159 882 645 427 397 192 811 357 283 266 1054 302 355 562 721 782 369 844 775 331 93 1030 286 826 451 351 1127 643 792 324 211 543 715 435 866 583 738 894 500 565 1212 903 799 598 429 868 158 217 379 447 564 866 326 636 1026 622 200 614 913 111 811 763 671 96 275 458 397 86 319 729 1047 591 883 803 175 882 772 1076 547 490 590 500 143 572 599 879 648 951 617 688 413 198 1121 293 766 518 123 357 703 143 316 881 429 1005 1096 959 808 816 538 853 345 126 701 348 748 505 86 413 721 455 110 666 1220 651 292 907 815 123 700 160 893 488 543 281
535 355 267 307 284 497 416 585 367 504 134 285 381 213 260 380 494 353 409 329 601 414 0 526 191 614 280 378 469 200 483 413 171 178 197 340 668 513 393 365 366 572 487 128 516 314 711 68 429 200 337 468 387 214 225 509 333 267 311 522 227 159 186 459 544 436 248 456 515 291 473 427 343 132 169 226 384 482 287 160 263 541 319 298 251 387 575 220 445 134 361 682 445 528 319 472 428 434 345 386 129 110 475 609 284 573 674 597 419 183 445 338 376 319 267 399 593 379 339 291 418 373 281 273 73 234 321 194 343 254 327 587 267 452 448 663 54 398 387 398 392 531 503 411 472 578 300 507 223 179 797 426 413 217 547 449 362 569 427 413 443 115 336 546 151 225 370 429 305 163 328 485 257 264 497 245 362 308 249 417 127 388 338 642 374 60 289 337 402 231 585 440 121 378 619 364 697 173 368 716 234 410 350 339 453 482 205 473 311 651 506 149 224 806 575 401 283 181 604 260 382 371 208 292 557 305 223 613 530 339 398 501 303 412 399 287 353 161 45 300 384 331 389 634 225 469 421 239 468 394 669 247 303 385 226 270 201 328 485 458 564 309 420 301 226 728 368 407 269 291 339 548 371 357 552 178 594 693 553 407 437 127 570 183 287 311 267 335 127 328 349 360 305 379 252 814 301 390 493 440 301 299 528 554 183 410 231
972 577 581 454 809 387 126 480 392 107 581 260 833 716 735 906 75 857 441 640 1010 900 526 0 522 528 250 703 466 628 746 147 510 564 675 839 604 270 145 794 671 595 44 624 872 267 1085 589 114 521 190 736 791 401 652 264 857 317 631 479 752 608 588 306 915 90 732 866 972 632 285 570 670 573 683 484 245 764 681 670 558 55 779 755 682 718 58 720 471 605 667 301 87 352 782 165 848 905 588 166 644 471 661 116 763 181 1041 886 185 706 314 799 697 693 639 543 298 435 292 638 111 663 803 771 587 579 662 495 195 672 705 463 735 74 78 380 566 889 517 761 880 187 908 455 935 494 826 361 744 445 596 120 850 712 43 451 542 46 217 915 486 575 721 944 672 495 156 467 522 627 840 931 696 741 47 287 853 570 709 128 543 731 702 286 705 579 364 189 518 736 846 159 571 889 415 887 1068 636 660 467 409 116 667 864 908 354 679 489 685 1063 524 562 577 596 726 450 623 659 853 744 907 638 675 678 751 822 345 392 964 747 782 360 794 441 138 493 816 685 494 564 842 656 614 321 536 303 106 733 310 132 485 633 753 414 410 765 528 693 96 425 72 641 305 792 704 617 706 578 691 783 630 933 804 679 147 656 262 531 176 435 88 450 803 699 781 216 590 319 405 824 587 180 776 893 359 598 572 726 313 86 807 239 965 690 413 852 630
705 537 455 467 364 356 445 425 505 540 324 264 553 370 225 460 518 494 247 519 496 565 191 522 0 446 286 214 303 112 306 456 22 49 374 335 492 602 425 272 557 389 495 306 376 259 587 192 410 9 362 290 572 355 132 596 434 207 501 357 332 111 377 346 414 439 415 637 449 126 570 238 534 323 321 55 309 310 477 209 448 518 259 473 437 578 558 378 275 127 551 749 461 639 263 529 608 593 529 358 288 278 285 573 451 506 545 432 482 266 329 508 566 509 457 212 488 218 441 482 413 563 398 426 176 63 512 28 328 442 517 432 222 452 455 541 237 547 555 587 367 591 393 244 413 414 390 374 288 79 639 457 328 380 529 286 537 558 354 550 270 305 205 432 233 400 377 260 481 133 459 409 441 434 482 251 342 492 428 396 317 579 529 548 565 233 418 351 219 251 411 493 312 507 481 418 571 138 558 577 118 412 541 428 385 600 177 301 170 549 329 67 57 650 385 236 116 165 429 426 466 559 169 159 370 342 180 481 443 525 270 368 460 250 428 106 523 290 156 483 553 522 199 526 35 357 421 400 353 405 518 112 233 528 373 428 11 182 452 597 537 141 527 285 400 556 559 216 169 448 528 426 550 548 596 163 501 534 486 247 439 104 390 239 443 320 456 235 237 479 532 400 260 502 166 659 111 580 377 448 443 286 698 363 328 330 422
1147 897 842 790 802 152 557 48 781 618 742 436 993 813 630 893 582 940 205 912 720 1011 614 528 446 0 475 446 145 533 401 585 458 487 810 733 76 763 552 600 950 120 537 740 564 383 738 634 452 437 518 402 1000 680 537 756 875 393 895 91 777 551 786 235 608 506 857 1070 754 445 756 247 933 738 765 396 333 428 894 652 827 482 631 911 864 982 516 822 171 572 945 829 539 834 638 653 1042 1038 897 424 729 659 295 481 893 371 698 508 635 709 235 949 967 923 866 254 256 235 677 883 480 951 842 871 619 447 914 431 445 864 932 66 621 502 517 224 667 993 880 1003 741 699 642 204 739 40 830 171 727 434 198 564 644 822 500 165 881 529 332 996 176 725 516 657 678 764 491 187 834 571 905 711 870 874 484 473 726 864 863 444 723 988 941 312 968 667 706 496 235 679 455 625 729 952 140 841 721 572 947 190 382 493 937 866 707 816 601 145 492 764 124 512 455 210 288 213 445 598 448 868 900 939 591 502 339 764 427 163 718 951 543 174 904 202 549 340 964 736 569 855 994 919 328 262 422 234 492 843 227 508 110 492 606 809 698 872 440 484 435 857 483 438 744 686 838 115 964 275 545 892 913 636 985 947 671 598 297 98 365 207 502 488 403 680 888 482 846 318 584 925 898 557 646 946 380 220 377 987 218 517 889 446 1140 257 665 653 836
769 436 402 320 561 326 159 432 307 254 356 40 620 481 488 659 233 624 304 470 781 675 280 250 286 475 0 487 355 384 553 171 270 322 447 590 546 334 139 556 507 490 215 389 655 92 868 341 150 287 76 541 596 219 409 327 613 103 456 394 506 361 378 253 695 161 505 672 731 406 311 405 496 349 443 258 152 566 483 420 382 261 535 538 471 547 296 486 345 356 502 466 178 387 537 247 649 686 439 110 404 246 489 329 538 305 826 692 204 458 246 582 528 503 445 373 355 284 206 453 140 504 560 539 338 347 482 261 65 465 514 424 489 176 175 438 324 662 408 580 633 309 679 315 693 435 579 318 495 207 618 171 612 480 268 334 413 292 179 683 354 346 490 717 423 315 95 333 372 379 602 692 483 516 218 38 605 410 490 138 322 557 517 390 533 336 232 65 356 486 659 211 345 652 422 638 852 388 500 509 188 134 497 618 667 358 431 372 455 835 412 316 343 623 575 307 397 410 671 517 661 486 428 445 584 572 108 408 728 548 554 313 565 306 142 287 599 440 245 402 627 482 422 395 306 260 144 502 263 122 487 397 510 334 236 535 293 465 206 386 285 418 283 543 478 587 531 402 451 554 466 710 598 509 311 408 343 523 285 299 162 202 624 449 551 35 408 162 170 594 440 117 530 655 144 629 359 554 284 168 572 31 762 542 215 613 426
818 733 643 675 413 427 644 448 718 737 499 458 677 494 223 487 711 582 311 701 311 659 378 703 214 446 487 0 337 185 114 658 235 203 520 304 460 813 625 156 736 343 682 461 170 437 383 347 590 209 563 98 718 566 168 807 489 392 683 380 415 226 555 458 212 628 545 772 312 90 782 202 710 500 449 229 465 106 641 302 640 687 199 609 594 749 729 503 311 255 731 953 654 852 206 733 742 696 723 538 429 480 166 731 576 644 340 220 688 353 442 634 741 676 631 205 589 297 654 659 599 745 475 538 330 153 687 233 517 602 681 463 210 637 643 615 409 639 760 747 300 795 215 299 293 430 443 456 350 286 641 655 198 509 701 333 738 732 504 627 297 480 79 244 336 601 571 302 682 232 542 268 592 564 658 455 291 686 571 576 503 746 696 655 737 399 632 549 232 290 207 697 489 579 536 426 366 226 740 621 300 602 719 472 261 813 227 321 77 364 325 229 161 654 248 297 99 239 228 553 495 746 216 97 208 354 379 546 283 677 98 452 571 312 627 210 645 406 355 677 673 700 120 620 185 468 609 524 462 599 546 132 180 740 583 543 204 60 620 810 703 73 741 264 539 530 730 176 141 561 713 231 686 724 795 241 614 545 626 314 627 318 200 318 556 518 642 387 450 582 726 604 221 568 349 664 131 749 480 638 540 480 811 246 538 207 593
1001 762 702 660 662 98 464 124 660 539 598 315 848 668 497 755 505 796 61 771 636 866 469 466 303 145 355 337 0 395 324 490 314 345 665 603 203 668 455 483 810 137 464 595 481 264 676 489 369 294 410 320 855 547 402 661 734 263 755 55 634 409 643 163 526 422 711 925 649 317 655 140 792 594 620 251 234 349 751 510 688 430 505 765 719 841 470 677 28 429 804 760 454 733 512 563 897 893 760 330 584 517 220 451 747 347 634 454 537 567 153 803 826 780 723 132 263 90 561 742 393 812 700 726 475 309 772 286 339 720 789 133 489 423 436 279 522 848 751 860 618 617 547 59 628 112 690 130 587 290 337 473 532 677 447 22 748 479 250 852 40 581 397 569 535 627 392 43 699 430 762 605 725 729 419 346 600 726 718 359 580 845 798 330 827 522 580 389 106 542 405 532 585 809 199 706 659 432 807 289 238 403 797 727 596 709 464 23 368 685 59 369 316 348 264 68 314 458 407 722 761 801 453 375 297 629 291 209 619 807 435 127 759 58 453 197 819 592 424 717 849 778 217 289 280 168 405 698 161 414 220 358 479 688 566 727 297 364 371 741 438 313 635 555 693 259 822 163 415 747 774 551 840 806 596 458 295 232 334 64 419 343 356 539 743 369 706 193 445 780 762 452 518 804 242 357 244 845 169 434 745 329 994 227 530 539 692
647 553 460 506 269 459 542 518 559 636 315 368 501 315 113 361 618 420 344 517 411 495 200 628 112 533 384 185 395 0 297 549 119 65 336 223 569 682 521 177 551 458 598 276 316 369 516 162 517 117 458 281 535 404 27 676 343 315 499 448 251 42 371 456 346 542 365 592 347 110 646 300 525 316 268 165 421 291 456 127 459 626 151 428 409 563 666 324 366 70 546 838 562 709 154 619 562 528 542 466 245 308 316 684 398 618 477 399 569 184 439 456 555 490 446 282 598 318 512 474 517 561 316 364 145 86 502 139 433 417 495 527 110 556 557 648 225 475 586 562 255 681 311 339 309 505 298 480 195 184 730 553 231 329 637 381 561 665 466 471 358 296 136 353 159 425 478 352 505 48 382 310 408 384 589 347 230 505 388 503 321 561 510 659 552 214 476 449 298 147 392 584 305 425 583 313 501 44 556 678 230 515 534 333 283 666 69 389 113 464 410 69 78 741 413 332 105 66 413 374 367 563 59 93 383 236 283 585 349 493 199 474 398 347 525 201 469 228 187 496 498 515 235 636 118 467 524 346 463 506 614 55 126 579 419 368 111 130 561 652 647 127 598 173 357 636 544 273 72 387 529 352 505 539 691 67 612 626 598 345 543 184 385 151 382 419 459 347 295 412 545 493 149 417 277 750 159 564 486 550 372 389 640 400 374 230 408
930 838 750 773 523 422 704 415 808 794 609 520 791 607 333 591 765 694 318 810 319 771 483 746 306 401 553 114 324 297 0 722 328 306 633 403 397 886 687 246 846 285 731 573 163 490 353 458 636 299 628 16 831 660 281 879 597 453 792 354 528 337 664 471 207 680 659 885 364 193 859 187 820 609 563 305 502 27 753 415 746 723 301 722 706 860 765 617 304 366 841 1014 708 932 308 798 855 809 829 586 542 582 107 758 689 661 310 140 757 466 457 747 851 787 742 207 587 315 736 769 650 854 586 652 441 251 798 318 573 714 793 433 320 687 695 598 518 751 860 860 389 859 245 305 358 394 553 453 462 368 585 715 271 623 739 327 840 770 535 737 288 589 187 256 450 704 628 300 784 345 654 323 705 678 700 525 385 792 685 622 610 858 807 654 848 509 722 611 235 401 107 763 598 690 513 528 335 339 849 588 366 655 829 579 327 896 340 304 190 365 293 334 260 599 150 306 201 353 123 666 600 854 330 210 100 460 448 527 321 790 174 450 684 319 688 266 759 520 456 783 786 810 133 613 272 480 661 638 473 656 509 243 285 832 678 657 295 173 657 900 736 175 822 369 653 466 841 172 254 674 821 235 799 835 853 354 618 497 646 323 678 408 87 431 669 582 750 429 543 694 832 670 324 678 410 609 201 861 487 691 652 541 924 160 633 282 704
829 430 436 308 695 434 30 538 248 91 448 201 692 587 648 789 87 725 449 494 951 764 413 147 456 585 171 658 490 549 722 0 439 490 541 744 661 179 35 724 524 626 103 496 827 237 1040 480 139 457 95 709 647 259 575 172 736 269 485 517 635 522 449 350 866 89 598 722 896 577 172 564 524 440 558 429 257 735 538 568 413 191 698 616 542 572 205 590 486 513 520 295 65 249 700 77 704 765 441 162 522 341 651 261 627 298 997 861 51 596 351 660 551 548 496 533 396 434 145 493 109 516 681 640 481 517 516 431 154 531 560 525 650 102 86 483 446 753 373 615 791 138 849 462 857 547 708 415 636 377 690 28 779 581 186 471 396 192 254 782 498 444 661 888 564 351 99 478 375 538 711 858 557 606 150 205 762 423 572 143 410 585 557 403 559 461 218 111 513 637 827 42 439 759 497 777 1023 548 513 567 359 94 521 746 832 236 590 510 625 1005 549 480 513 693 732 454 568 568 837 609 789 491 588 615 746 717 279 477 896 603 725 412 660 450 37 456 676 566 389 417 701 509 589 428 477 352 97 602 358 77 568 566 675 273 267 633 463 636 181 294 214 589 172 700 569 688 559 564 618 650 483 881 661 533 142 565 368 611 285 443 94 365 790 594 648 140 444 307 287 690 440 56 691 765 312 696 529 580 370 81 677 180 822 697 276 779 489
