NAME : X-n313-k71_SARP
COMMENT : Curated from VRPLIB to SARP
TYPE : SARP
DIMENSION : 313
EDGE_WEIGHT_TYPE : EXPLICIT
EDGE_WEIGHT_FORMAT : FULL_MATRIX
EDGE_WEIGHT_SECTION
0 815 869 721 682 338 803 212 710 311 804 890 610 636 620 791 739 413 928 333 774 546 892 298 923 433 893 346 941 562 710 708 762 865 786 626 857 408 820 665 568 843 475 380 553 858 714 672 825 835 842 734 754 713 289 997 654 901 288 661 258 303 201 378 442 56 956 39 341 412 805 305 913 944 767 782 265 291 858 634 811 31 738 249 958 832 803 797 458 261 856 860 315 791 263 213 778 361 838 567 331 208 841 776 773 354 674 446 329 752 662 371 646 206 793 981 812 325 663 1032 721 778 91 638 433 959 592 641 631 909 448 661 842 653 387 825 347 644 671 654 546 949 589 322 347 675 734 397 271 358 921 741 361 458 1013 172 676 593 451 883 672 466 77 226 860 711 637 695 339 695 900 431 717 348 710 496 120 498 661 794 815 816 482 764 377 360 767 232 366 973 728 937 196 538 264 617 551 879 673 809 772 378 857 405 749 823 537 970 150 649 337 812 374 524 408 507 318 700 477 918 367 184 337 356 802 359 918 462 799 765 877 95 778 330 854 812 507 726 309 332 309 741 847 869 324 725 898 424 900 750 846 596 825 710 724 701 434 847 541 831 691 765 786 715 513 76 304 974 295 259 487 776 279 499 871 720 594 604 724 428 794 934 969 249 844 605 192 479 476 655 197 862 292 262 162 69 862 984 748 101 269 798 752 767 812 737 880 871 729 492 968 684 984
815 0 212 135 285 849 38 773 148 842 88 234 349 183 249 328 155 980 156 724 295 369 169 846 121 847 84 846 127 254 133 296 448 74 35 263 142 942 134 701 616 234 629 840 268 154 305 332 618 151 139 359 440 145 832 211 682 174 653 157 874 710 629 681 852 816 200 853 822 407 159 833 623 193 49 116 700 538 166 356 170 846 327 569 143 269 266 78 964 766 83 223 875 248 861 620 127 955 210 259 485 680 332 98 158 759 165 919 489 80 283 833 378 644 105 432 283 673 207 372 325 214 766 251 804 287 231 695 248 194 368 159 27 243 829 213 565 336 178 204 302 203 453 853 755 291 113 919 858 511 243 575 606 421 597 705 213 672 857 167 152 631 742 592 123 219 335 369 757 548 200 451 149 926 131 857 755 796 163 100 45 544 361 70 847 456 222 831 815 261 288 208 621 500 773 223 807 518 217 183 137 552 482 417 173 172 477 376 792 182 898 576 960 291 873 725 815 269 542 103 614 679 845 813 113 500 321 427 143 145 102 822 350 889 118 469 872 458 762 840 899 364 143 218 903 199 282 955 86 431 135 327 348 143 178 122 747 289 398 143 133 186 285 193 697 787 905 563 800 833 431 44 544 398 139 101 698 275 135 837 246 197 623 796 84 241 687 506 389 257 887 103 833 723 712 823 186 577 184 769 910 114 144 64 121 149 66 66 336 636 153 600 542
869 212 0 326 201 818 249 877 337 817 131 26 531 274 418 158 357 941 122 694 504 533 64 824 169 791 249 812 215 357 317 497 655 268 236 439 72 899 83 576 520 42 562 797 388 361 188 527 445 63 73 217 646 335 812 361 559 68 646 298 864 691 710 641 793 856 377 908 788 499 371 810 430 105 218 326 693 628 46 272 65 900 188 643 229 80 477 144 911 755 136 432 851 459 850 658 119 926 33 390 560 778 138 307 106 722 336 864 546 188 216 792 280 734 316 220 105 802 387 562 197 93 840 430 746 483 363 576 423 392 448 306 205 216 784 425 558 526 354 379 324 102 366 826 720 486 306 877 845 628 52 422 740 559 388 728 400 566 796 58 308 567 803 645 93 158 522 569 888 410 42 449 341 898 314 785 836 720 247 311 168 368 488 183 805 520 431 827 775 447 168 81 676 672 761 379 717 324 197 395 117 535 291 470 378 54 648 166 809 338 869 404 928 380 825 645 788 468 701 215 587 705 814 776 111 614 528 569 90 120 296 898 186 862 96 290 798 661 887 809 878 570 69 7 879 145 490 909 204 275 344 284 161 331 150 287 687 501 354 71 297 106 495 392 863 859 886 356 779 822 583 204 591 381 80 216 592 265 329 781 91 87 420 787 291 396 781 664 395 442 894 116 813 838 736 860 26 370 390 846 901 112 349 186 98 350 200 249 540 799 250 466 333
721 135 326 0 325 802 102 656 14 792 195 351 215 147 118 406 39 935 291 681 189 237 296 793 255 816 185 801 251 174 18 171 331 151 100 130 263 899 243 722 622 338 614 801 171 142 358 202 678 263 256 418 322 11 778 275 702 302 599 86 813 662 526 647 822 729 237 758 777 310 99 783 700 326 109 61 644 434 284 380 271 751 388 472 263 365 175 183 928 710 215 175 824 154 802 542 215 904 315 155 392 568 423 56 241 719 48 885 407 141 314 793 407 537 72 543 372 548 74 357 380 297 663 117 776 271 132 711 115 197 283 78 158 264 792 147 517 203 51 74 271 336 467 804 714 160 21 877 801 393 366 621 480 298 695 631 78 681 828 292 65 614 645 506 248 270 201 242 630 586 325 410 15 876 21 836 649 779 148 73 167 609 246 144 807 372 120 769 775 267 347 339 532 366 718 105 799 599 245 116 221 510 562 343 64 277 343 492 718 75 848 637 910 213 836 714 767 142 409 225 576 605 799 771 216 384 270 302 241 224 157 717 422 839 243 540 852 334 637 793 845 246 261 332 851 257 234 914 212 489 127 333 434 11 233 54 721 214 391 255 54 264 185 66 563 684 849 658 749 775 301 124 464 374 265 123 705 274 4 806 332 328 710 737 125 120 576 373 351 122 816 232 780 603 637 738 302 672 74 664 848 215 42 140 228 33 194 164 216 502 266 632 641
682 285 201 325 0 617 306 716 329 616 210 217 473 194 362 122 364 741 299 493 512 451 246 623 324 594 361 612 363 249 308 479 640 359 284 388 222 700 190 417 338 167 366 598 286 428 43 493 353 194 208 98 629 329 611 490 397 254 446 252 663 489 540 441 597 664 485 721 588 351 410 609 384 298 253 360 492 468 209 76 161 712 77 472 381 151 501 213 714 554 260 486 650 479 648 469 166 726 169 299 395 616 166 340 141 521 306 668 370 210 22 593 93 568 358 313 131 662 353 654 63 110 662 383 549 567 282 411 373 476 299 263 298 67 585 465 358 481 322 339 158 298 175 625 519 456 313 678 643 489 249 297 609 446 410 532 372 391 601 236 272 370 620 462 236 67 475 540 748 265 240 253 337 697 305 593 662 529 181 354 250 287 374 217 606 352 445 626 575 544 49 280 494 587 560 317 533 292 80 433 156 334 255 299 389 171 563 291 611 291 669 313 728 252 627 455 587 450 598 351 386 510 613 575 191 473 587 458 168 147 387 720 121 661 233 224 607 633 741 608 677 558 211 199 678 87 549 711 334 166 408 86 158 323 107 271 491 538 153 195 274 116 509 384 759 679 685 369 578 621 482 247 408 184 237 209 417 96 329 584 115 282 406 585 365 330 616 562 206 405 695 251 612 686 541 667 204 383 399 670 699 187 364 223 192 357 319 349 527 695 400 316 362
338 849 818 802 617 0 851 537 796 26 803 831 778 672 739 690 833 132 912 125 922 716 861 41 927 101 933 10 959 629 786 859 963 916 829 755 834 100 799 402 349 780 270 48 640 944 632 837 605 807 819 623 953 798 49 1057 399 870 205 721 96 141 431 176 109 281 1031 353 30 528 900 33 701 914 802 862 164 476 825 546 776 346 642 423 977 755 938 801 139 105 858 971 42 920 83 308 764 109 785 660 459 493 738 849 747 96 757 113 421 771 605 43 542 460 869 853 730 617 769 1155 628 727 410 762 120 1071 675 380 752 999 532 727 871 623 61 938 286 810 762 756 547 915 459 18 98 824 806 78 73 563 862 534 626 635 825 230 788 344 117 852 739 262 358 359 845 672 801 874 657 500 857 398 804 81 784 165 436 189 687 867 831 625 618 783 42 454 888 106 51 1069 651 897 355 767 98 715 240 703 649 913 756 297 693 465 851 787 757 863 190 729 52 607 111 590 71 234 36 840 721 941 236 249 4 46 791 554 1053 645 776 747 936 432 668 46 841 651 174 933 629 10 71 915 823 814 65 691 1024 115 922 606 927 540 716 793 701 762 157 984 466 806 756 728 929 824 807 405 81 792 59 79 679 805 371 453 850 748 332 580 807 100 728 899 765 96 906 710 477 708 460 786 169 856 46 571 233 269 821 799 855 423 116 787 842 788 796 829 904 914 894 769 993 466 813
803 38 249 102 306 851 0 751 116 843 122 271 316 180 219 359 118 983 192 727 257 339 206 846 153 854 90 848 149 242 104 259 411 65 23 232 179 945 170 721 632 269 639 844 251 124 330 296 647 187 176 386 402 113 832 206 701 211 652 142 872 711 613 687 859 806 185 840 824 392 122 834 655 229 54 79 699 521 203 374 204 833 354 555 163 303 229 111 969 765 121 189 876 210 860 612 157 956 245 240 471 660 365 61 187 762 139 925 479 97 302 837 398 626 68 469 316 648 176 347 351 245 750 220 811 261 212 713 218 169 356 141 57 258 834 177 566 301 150 175 305 240 470 855 758 256 82 923 857 488 280 600 580 396 633 698 179 689 864 204 132 641 728 581 160 242 300 332 730 571 238 453 115 928 103 866 738 806 165 62 81 573 339 90 851 445 184 829 819 239 314 246 609 467 773 199 820 550 233 147 166 554 514 409 135 207 445 414 786 159 899 605 961 280 878 737 817 233 511 124 618 673 848 817 146 478 289 401 176 173 86 805 380 890 156 499 882 420 737 842 899 326 180 255 904 223 250 959 110 458 104 340 381 112 200 102 755 254 409 179 113 215 247 157 665 771 905 598 801 832 403 59 535 404 177 107 714 285 102 843 278 234 657 794 60 215 668 476 391 223 882 141 833 700 705 814 223 612 146 752 908 147 107 84 156 113 92 69 298 604 169 622 577
212 773 877 656 716 537 751 0 643 512 785 901 493 612 541 835 663 624 909 503 658 438 885 499 891 626 840 544 900 529 649 594 610 807 739 538 848 616 813 809 698 859 613 575 507 777 754 552 936 830 834 789 604 646 488 924 795 893 430 617 466 469 181 534 635 266 876 219 536 379 722 504 1015 933 728 711 427 250 855 688 813 221 785 246 914 858 694 775 665 446 831 762 521 686 469 305 769 572 848 514 320 100 882 711 773 533 613 649 348 725 694 566 708 149 725 1028 844 139 587 917 767 793 127 551 617 855 542 786 548 823 429 614 800 670 580 728 453 527 605 582 561 940 673 524 525 567 673 603 477 263 929 850 199 360 1095 327 594 737 644 877 621 604 180 279 845 727 520 563 128 801 900 493 647 557 650 686 101 676 640 727 785 911 412 737 574 364 669 435 558 878 764 932 253 382 451 553 727 961 684 719 766 482 933 416 666 825 390 1005 348 593 544 914 585 500 607 668 513 595 316 874 498 322 536 548 790 274 801 359 795 761 812 127 828 536 839 889 699 572 97 530 518 608 839 878 532 735 789 632 859 823 769 636 872 645 727 651 605 733 601 825 640 772 672 631 310 137 513 1053 488 461 371 740 325 552 859 691 743 624 658 620 817 926 1063 443 780 537 101 332 517 562 409 841 491 66 320 280 864 1065 663 115 480 786 677 738 801 664 839 818 603 301 920 804 1058
710 148 337 14 329 796 116 643 0 785 206 362 202 146 105 413 39 928 304 675 184 224 308 786 268 811 199 794 264 167 22 161 323 164 113 116 275 893 254 722 621 347 611 795 161 151 363 190 682 274 267 422 313 3 771 287 702 314 592 84 805 655 515 642 817 719 247 747 771 300 105 775 706 339 120 72 636 422 295 382 280 740 394 461 276 374 173 194 922 703 227 178 816 152 794 532 225 897 325 145 381 555 432 68 250 713 39 879 397 151 317 787 409 524 83 553 380 535 60 362 385 305 651 104 771 276 123 711 102 205 273 75 172 267 786 149 511 191 39 61 268 349 467 797 708 149 34 870 793 381 377 624 467 284 703 622 65 680 823 303 62 611 634 496 260 275 189 232 616 588 336 405 9 869 25 832 637 776 150 84 179 614 234 154 801 362 117 761 769 275 353 351 522 352 710 93 796 605 249 120 230 505 568 335 63 287 329 503 709 67 841 641 903 206 831 711 760 132 395 238 570 596 792 765 227 372 272 288 251 233 169 705 429 832 255 545 847 325 624 786 837 237 272 342 843 263 237 907 226 494 136 333 441 6 239 58 717 213 390 266 55 272 180 57 549 673 842 666 742 767 288 135 454 370 277 130 704 274 15 800 340 341 717 729 137 107 564 360 347 109 807 245 773 589 628 728 313 680 71 652 840 225 47 151 239 34 208 177 207 488 280 634 649
311 842 817 792 616 26 843 512 785 0 798 832 762 663 725 693 821 145 909 123 907 699 859 16 923 126 926 35 954 618 775 843 945 908 822 740 831 118 796 419 360 781 277 72 628 934 632 820 618 805 816 627 935 787 23 1049 415 868 193 711 74 132 408 178 135 255 1022 327 42 512 889 9 714 913 794 851 149 456 823 546 774 320 644 403 972 756 924 796 161 86 854 959 34 906 60 288 760 113 785 648 442 468 742 839 744 101 746 138 405 765 603 65 544 436 859 859 732 592 757 1143 630 726 385 748 141 1059 663 396 738 988 518 717 865 619 83 926 277 794 751 743 540 914 462 14 100 808 796 98 50 542 863 546 603 616 837 208 775 358 143 850 729 269 333 339 842 669 785 857 631 510 856 391 793 85 774 190 410 210 680 857 825 636 603 777 67 439 875 80 69 1059 652 896 333 746 78 702 262 713 645 901 752 291 702 452 839 785 737 868 164 718 56 619 119 579 97 250 30 825 700 935 232 227 25 61 787 534 1039 626 773 743 928 406 671 47 837 659 199 914 603 22 62 898 820 814 62 688 1011 134 917 612 917 538 719 782 698 752 171 970 464 804 746 726 914 811 783 379 71 803 42 53 660 798 354 449 847 741 348 575 796 124 728 898 778 72 897 697 453 687 453 772 145 852 20 546 209 243 820 810 843 397 99 783 831 781 793 817 898 907 878 745 988 478 823
804 88 131 195 210 803 122 785 206 798 0 156 403 172 293 241 226 932 125 678 374 411 106 803 125 792 153 799 157 256 186 366 524 157 106 313 70 892 49 625 547 148 568 790 280 242 224 397 532 68 61 275 515 205 790 281 606 114 614 178 836 667 628 631 796 798 280 842 775 408 243 790 535 149 87 197 661 540 89 284 83 835 243 564 175 181 349 13 911 727 56 310 832 330 823 600 44 911 124 278 479 688 244 177 73 710 209 865 474 63 212 783 303 648 188 350 195 697 259 458 242 127 763 302 748 374 250 620 296 281 361 185 92 182 778 299 525 396 226 252 266 157 384 809 707 355 175 870 819 527 171 492 633 448 511 679 270 601 801 100 183 571 733 577 61 144 393 437 782 468 131 410 210 882 184 797 755 734 146 183 45 457 380 54 797 444 301 795 766 345 206 153 608 548 734 257 741 430 155 268 54 508 394 399 247 86 524 298 764 215 853 490 914 286 821 661 770 337 582 142 567 654 799 765 25 514 409 456 55 63 186 820 263 845 55 382 811 529 784 794 857 439 66 137 860 123 370 904 124 346 223 266 260 201 105 160 690 375 340 60 170 101 366 260 742 783 864 477 758 795 466 73 526 350 76 96 627 223 198 782 158 145 535 758 172 275 693 545 350 313 856 58 791 740 686 804 107 490 258 768 872 26 218 57 34 219 109 143 409 679 193 521 456
890 234 26 351 217 831 271 901 362 832 156 0 556 299 443 160 381 953 129 709 527 559 75 839 180 802 266 826 226 382 341 521 679 287 259 465 92 912 108 578 527 51 573 809 413 381 200 552 439 88 96 222 670 360 827 373 562 76 663 323 880 706 733 655 804 876 392 929 802 523 393 825 419 104 242 349 710 651 68 286 90 921 196 666 238 82 500 168 922 771 155 453 866 481 865 679 144 940 53 415 584 802 132 330 131 735 362 875 568 213 233 805 291 757 339 198 108 827 412 577 206 112 863 455 757 500 389 579 448 410 472 332 225 237 796 446 575 551 379 404 346 99 377 840 734 511 331 890 860 653 31 422 765 585 370 747 424 572 807 72 333 578 825 666 113 179 547 593 913 412 45 468 366 912 338 794 859 729 272 333 191 362 514 208 818 543 454 843 788 463 180 77 698 697 777 405 724 314 219 417 143 552 282 492 402 80 673 143 827 364 883 398 941 404 837 654 802 493 726 228 602 724 828 789 136 639 548 594 116 145 315 920 187 876 116 285 807 685 912 823 893 594 92 23 893 167 509 921 219 275 364 302 157 356 174 312 699 522 370 96 322 129 518 416 888 881 901 340 794 838 609 228 612 399 98 242 598 286 353 792 103 85 406 803 311 422 804 689 415 468 912 135 828 862 756 880 49 353 413 869 916 137 373 211 123 374 217 267 564 824 260 468 315
610 349 531 215 473 778 316 493 202 762 403 556 0 282 115 579 201 907 505 671 166 64 507 759 468 818 390 779 460 230 219 101 192 353 315 92 473 878 448 808 694 534 657 790 195 297 513 62 816 469 464 571 181 204 744 444 788 514 578 236 763 644 409 655 826 633 392 641 758 252 243 752 856 540 320 250 614 325 491 503 470 637 548 376 470 555 201 391 915 676 429 270 789 193 756 479 413 867 514 178 320 421 607 259 434 712 194 878 357 343 455 780 532 406 265 740 555 367 145 426 535 483 534 101 784 362 191 792 108 336 264 226 372 406 784 238 516 35 178 152 351 550 563 775 705 75 236 857 757 252 574 745 299 153 875 569 137 752 833 502 224 654 533 431 460 437 27 95 440 702 534 438 201 841 221 853 513 807 302 269 380 756 162 349 794 326 180 719 764 386 509 552 448 153 683 158 839 764 399 234 417 522 727 329 193 478 131 694 650 194 815 778 876 246 828 754 743 104 204 434 583 544 775 758 421 251 310 148 441 417 348 580 588 806 454 697 869 171 453 769 805 137 469 535 814 430 296 894 424 637 294 443 611 207 410 244 738 241 473 461 234 450 179 162 350 556 807 835 720 732 125 335 408 435 477 315 773 390 214 808 517 542 878 696 321 144 434 173 397 93 748 446 746 432 572 644 508 849 186 532 795 419 214 347 433 205 407 370 120 291 469 738 823
636 183 274 147 194 672 180 612 146 663 172 299 282 0 169 297 185 804 297 548 324 269 273 666 287 678 266 669 306 84 129 286 446 245 159 194 236 767 201 576 475 266 470 666 114 279 233 299 545 220 222 292 435 147 652 386 555 281 472 63 692 532 456 509 683 634 360 674 645 235 244 654 578 320 134 198 519 368 245 238 209 667 267 393 323 280 318 163 792 585 222 321 696 297 680 438 158 776 250 118 308 516 327 182 168 584 116 747 307 116 179 658 266 475 202 466 277 529 160 502 255 207 592 189 636 414 94 564 179 332 190 73 209 128 656 294 386 288 131 145 128 327 320 675 579 262 143 744 677 357 324 482 467 286 593 522 179 534 689 265 84 470 563 411 233 155 282 346 615 444 291 274 155 748 126 694 583 636 28 200 179 481 215 128 673 275 262 649 641 404 228 320 440 408 593 124 654 483 117 263 157 375 446 234 209 220 384 425 608 97 719 506 781 114 700 569 637 257 430 284 440 496 668 638 177 343 417 296 186 154 265 649 307 710 227 417 709 439 616 662 719 364 228 276 724 151 381 780 266 360 260 187 330 141 133 96 580 360 244 214 94 177 323 197 593 612 725 554 621 652 312 141 361 230 246 85 558 128 152 667 240 314 597 614 234 138 520 393 212 211 704 230 653 569 529 641 257 568 218 596 728 174 189 131 189 179 246 246 334 529 336 488 542
620 249 418 118 362 739 219 541 105 725 293 443 115 169 0 465 122 870 402 623 187 121 398 724 370 765 303 738 368 133 116 131 282 268 213 25 363 838 336 719 609 420 583 743 105 239 402 133 710 357 353 460 271 108 709 384 698 405 534 122 737 599 421 597 772 634 338 656 716 218 185 715 746 434 213 170 575 329 380 399 356 650 436 373 381 441 199 280 870 640 323 241 755 182 728 457 300 835 400 84 299 455 492 172 320 662 85 830 324 231 346 734 427 428 184 625 441 431 46 421 424 368 556 25 728 343 85 704 14 289 207 112 274 296 736 207 460 119 70 44 255 444 468 738 656 100 138 815 728 280 463 643 362 181 761 548 55 668 779 393 110 582 544 415 351 323 113 180 512 602 424 367 107 807 118 793 540 742 188 186 274 648 139 239 748 289 152 693 717 352 397 444 438 255 648 45 769 652 286 188 303 460 615 274 129 365 232 580 633 80 780 671 842 160 780 683 703 106 293 343 525 522 735 712 309 272 315 184 328 303 271 608 476 771 345 586 809 271 519 729 774 205 358 422 781 316 288 853 330 528 229 340 497 108 295 134 677 246 381 349 123 336 191 95 451 578 777 722 682 702 183 227 380 349 368 202 690 285 119 755 403 434 766 665 240 35 465 257 316 51 732 339 711 486 552 644 396 736 128 557 771 307 136 237 322 122 311 282 176 388 384 641 709
791 328 158 406 122 690 359 835 413 693 241 160 579 297 465 0 443 807 279 572 595 563 221 702 322 652 388 684 367 364 391 572 734 397 340 490 215 765 200 419 371 117 425 664 400 482 81 592 293 191 206 67 724 412 691 510 402 226 539 347 748 573 658 515 653 769 518 830 661 473 477 687 296 262 313 427 583 588 191 158 162 821 53 591 382 79 577 250 772 640 273 548 727 556 732 579 202 798 136 410 516 736 50 406 172 594 398 725 489 270 143 661 151 687 421 193 53 784 448 698 70 114 778 484 607 615 390 420 474 522 420 357 332 181 651 533 455 583 415 435 280 258 231 701 593 552 390 744 726 611 187 264 730 565 296 635 465 414 656 213 364 431 733 577 236 142 578 638 869 252 199 361 420 771 388 640 779 575 277 416 285 217 492 272 673 472 524 714 644 584 74 236 608 701 645 421 567 193 181 501 193 428 156 419 468 164 677 180 709 388 742 251 798 371 689 500 663 542 716 362 470 615 687 646 216 595 648 576 186 187 427 835 28 736 235 141 652 731 863 683 755 649 206 152 754 151 609 774 349 116 463 200 37 407 174 355 550 609 251 196 361 145 590 470 878 794 764 257 658 705 599 302 523 293 228 283 439 217 410 643 83 244 304 672 413 435 735 680 321 503 786 257 692 807 644 771 176 271 479 785 783 214 440 278 210 436 340 382 619 814 403 308 246
739 155 357 39 364 833 118 663 39 821 226 381 201 185 122 443 0 965 311 713 152 233 322 822 269 850 189 832 259 204 57 141 298 152 123 126 291 931 274 761 660 371 650 833 195 119 397 177 717 294 285 456 289 38 807 261 741 327 629 123 841 692 541 680 855 749 217 775 808 330 68 812 738 347 139 50 673 449 313 420 304 769 427 490 269 400 136 213 960 739 238 139 853 115 830 566 249 933 348 177 412 578 459 59 276 751 77 917 431 176 354 825 447 549 65 576 407 550 77 323 419 333 677 113 809 238 158 750 115 171 308 114 175 304 824 109 548 184 71 85 307 358 505 834 745 137 53 908 829 402 394 660 481 303 731 656 70 719 862 318 102 650 662 528 274 309 183 214 629 625 352 444 30 905 60 871 662 815 187 68 193 648 259 177 839 396 81 796 807 239 386 363 553 353 747 124 836 636 285 81 256 543 599 371 25 310 331 523 743 104 877 676 940 243 869 750 798 115 401 234 609 630 829 803 248 394 232 305 274 260 151 730 460 868 269 578 886 304 638 823 874 213 290 363 880 295 197 945 223 528 107 372 470 44 271 94 756 175 429 286 93 300 146 39 551 699 878 694 779 803 300 153 488 410 291 161 743 313 35 839 368 352 747 766 122 134 587 367 386 109 841 257 809 607 661 759 332 708 35 678 875 247 14 172 259 7 208 169 184 491 269 671 676
413 980 941 935 741 132 983 624 928 145 932 953 907 804 870 807 965 0 1038 256 1052 844 987 148 1056 160 1064 134 1089 761 918 989 1089 1047 961 886 961 43 926 475 449 902 382 144 772 1076 753 965 688 933 946 740 1079 930 163 1189 477 995 337 853 159 273 542 302 162 358 1163 417 158 658 1033 155 784 1039 933 994 295 597 950 668 902 412 761 544 1107 875 1069 930 67 231 987 1103 118 1052 160 431 893 52 909 792 587 594 854 981 875 222 889 98 551 902 730 149 663 568 1001 960 850 719 901 1287 748 852 497 893 203 1204 808 457 884 1131 663 859 1002 751 157 1070 418 939 894 888 678 1040 577 132 225 954 939 64 156 684 984 626 737 760 915 346 919 430 163 977 872 376 452 481 973 798 930 1002 749 599 981 530 936 69 917 200 525 255 819 1000 961 720 748 913 136 584 1020 198 166 1202 773 1021 473 887 223 847 293 800 777 1045 884 429 794 597 984 912 878 975 284 861 91 697 39 723 119 322 168 971 838 1071 366 368 136 167 919 676 1184 770 903 875 1068 506 783 101 968 755 198 1058 719 142 109 1043 949 937 96 818 1156 39 1052 715 1059 668 830 925 829 894 258 1115 593 933 888 854 1060 956 911 487 111 885 187 178 804 936 499 583 976 879 412 709 939 168 850 1024 850 212 1038 842 578 828 592 917 217 984 161 666 346 344 945 890 987 509 144 915 975 918 924 961 1034 1046 1023 878 1123 557 909
928 156 122 291 299 912 192 909 304 909 125 129 505 297 402 279 311 1038 0 787 442 522 59 915 56 893 153 907 99 380 287 450 598 182 191 418 78 998 113 694 631 162 665 895 403 278 297 488 566 105 93 334 590 301 902 246 676 54 730 296 951 779 753 737 896 921 270 967 883 533 302 901 548 39 189 268 777 665 92 374 138 959 304 689 110 202 409 134 1013 841 79 350 943 393 937 722 152 1020 144 399 604 812 259 253 165 817 317 966 599 184 308 890 387 773 255 313 226 818 362 455 310 191 888 406 848 383 370 693 403 296 487 301 136 291 883 351 640 493 332 358 386 51 473 919 815 447 269 976 932 650 118 544 752 567 492 799 369 681 900 67 297 669 857 702 68 240 491 523 903 530 84 527 305 992 285 892 880 828 271 250 128 489 502 172 903 569 372 911 872 342 276 65 732 655 848 372 829 442 266 325 159 620 411 523 327 129 632 252 884 329 963 525 1023 411 925 753 880 425 695 107 677 775 908 872 126 637 438 574 136 167 206 946 306 955 74 412 906 610 906 903 969 515 89 128 971 221 401 1009 104 395 264 371 283 299 213 269 790 423 445 106 281 184 431 349 852 908 977 465 869 909 581 175 650 462 62 217 707 337 291 883 205 52 533 872 212 389 818 658 467 413 974 68 903 863 807 927 104 477 337 893 987 131 299 172 118 305 110 161 488 790 131 585 437
333 724 694 681 493 125 727 503 675 123 678 709 671 548 623 572 713 256 787 0 808 611 737 131 802 148 808 122 834 508 664 746 859 791 705 640 709 219 674 336 255 658 165 120 522 822 510 727 519 682 694 505 849 677 120 933 328 745 96 599 178 35 364 60 156 284 908 360 98 419 779 116 613 790 677 740 77 388 700 424 651 352 522 339 852 634 822 675 248 82 733 851 157 803 162 225 639 233 662 543 358 439 621 726 622 40 636 207 315 646 480 112 422 397 747 741 609 557 651 1036 508 603 383 647 122 951 556 313 637 876 416 605 746 497 114 819 164 701 642 637 422 791 341 132 34 711 684 196 155 474 740 441 554 534 730 176 670 268 165 728 617 156 326 274 720 547 692 767 611 401 733 274 683 205 663 194 404 173 563 745 706 528 509 658 126 345 771 152 95 948 529 774 279 675 84 596 224 602 524 793 631 173 588 349 732 662 663 747 190 608 176 514 237 471 158 174 93 726 636 816 110 183 122 91 666 463 936 545 651 622 812 420 550 168 716 544 210 832 585 116 184 806 698 691 184 566 905 233 797 494 804 416 599 672 576 639 102 868 342 682 633 603 814 705 740 385 193 694 86 137 580 680 272 328 725 623 265 454 685 139 606 775 675 110 782 593 425 619 336 671 230 730 120 524 184 277 697 702 736 396 212 662 721 663 671 708 779 790 783 695 868 376 712
774 295 504 189 512 922 257 658 184 907 374 527 166 324 187 595 152 1052 442 808 0 228 463 905 393 952 298 922 370 315 205 67 156 263 268 168 436 1021 423 896 790 521 769 928 291 177 547 106 866 441 432 606 149 184 890 311 876 468 718 262 915 783 573 784 958 795 255 807 900 395 140 898 889 481 289 178 758 487 459 562 454 802 577 536 375 551 43 362 1055 822 377 122 937 50 907 631 400 1016 497 270 472 588 611 198 428 848 208 1015 503 327 500 919 590 572 190 724 559 528 169 259 569 485 700 162 914 200 265 883 172 197 392 251 309 449 921 100 646 132 193 185 433 492 642 920 841 101 205 999 907 418 537 806 461 317 882 723 148 849 965 461 241 767 698 587 417 459 139 107 596 768 495 553 176 989 208 980 680 928 332 195 337 797 307 328 933 469 73 871 902 230 536 501 606 293 830 221 954 788 432 118 408 647 751 459 128 459 278 670 806 229 962 825 1024 346 965 868 886 82 355 348 711 697 918 897 397 416 144 313 424 411 246 747 612 953 413 729 996 173 612 912 954 78 436 510 962 446 131 1036 343 677 184 510 622 190 422 242 864 75 559 433 238 452 15 128 477 722 957 846 865 882 291 302 557 532 434 312 872 451 186 941 520 488 899 845 231 219 600 330 501 137 905 397 893 595 726 807 479 859 117 698 948 397 157 323 408 159 333 284 62 427 368 812 827
546 369 533 237 451 716 339 438 224 699 411 559 64 269 121 563 233 844 522 611 228 0 517 696 491 758 421 717 488 202 236 162 249 385 334 108 481 816 453 762 646 532 604 729 165 341 493 126 784 473 471 548 238 226 681 489 742 525 517 236 700 583 346 596 766 569 439 579 697 193 286 690 830 555 333 283 552 261 497 472 470 574 528 312 499 548 259 399 853 613 444 324 726 249 692 415 414 804 513 153 257 362 596 288 431 651 205 817 296 349 432 719 501 344 298 734 546 318 164 487 514 475 472 121 725 419 174 745 122 385 212 227 394 385 724 290 458 99 191 165 316 564 524 713 644 131 257 794 694 190 580 710 249 89 859 505 164 704 774 511 228 601 470 367 471 423 90 158 396 665 542 387 225 778 238 795 453 750 292 301 395 728 106 357 733 266 231 655 703 439 491 563 383 139 621 154 784 742 382 282 417 466 706 274 232 479 115 692 585 196 752 748 812 209 767 700 681 157 172 462 526 480 713 697 426 188 372 85 443 415 384 520 570 743 465 673 811 223 406 706 741 201 476 537 750 419 355 831 449 611 335 410 598 227 401 254 681 301 433 466 243 444 240 197 331 494 743 819 658 669 68 348 345 391 487 318 724 362 238 748 509 554 856 633 355 137 374 136 351 126 683 459 683 379 507 580 513 832 227 471 731 423 247 356 439 235 431 399 184 268 502 698 809
892 169 64 296 246 861 206 885 308 859 106 75 507 273 398 221 322 987 59 737 463 517 0 866 106 840 191 856 151 357 289 463 617 214 198 417 37 946 73 636 574 104 611 843 384 310 240 497 509 57 51 275 609 305 853 298 618 9 683 283 903 731 724 686 842 882 317 931 832 506 326 852 493 54 188 285 730 638 37 320 86 923 245 658 165 143 433 118 960 794 86 382 894 416 889 684 116 970 86 383 574 787 202 267 120 766 314 913 564 168 257 838 331 745 273 270 167 801 362 502 252 136 857 406 795 426 355 635 401 336 458 291 156 245 830 378 594 499 330 356 347 57 417 869 764 456 274 924 884 630 75 485 737 553 445 758 372 623 846 9 289 616 823 666 47 191 496 536 887 471 33 482 310 942 286 837 851 772 245 268 129 432 485 160 851 536 391 865 821 388 220 48 697 653 800 363 772 387 221 350 120 573 355 488 341 75 630 211 841 321 913 467 972 385 872 697 830 436 688 153 628 734 858 820 96 616 475 561 93 127 241 915 248 905 53 354 850 626 888 853 920 533 46 71 921 173 437 957 144 336 293 322 225 302 169 264 736 453 395 61 275 134 453 359 848 876 928 415 820 861 572 173 613 416 30 201 649 293 297 830 146 42 481 825 240 381 791 651 424 416 930 66 854 842 766 888 45 428 352 862 940 99 312 161 84 315 143 194 504 785 186 527 389
298 846 824 793 623 41 846 499 786 16 803 839 759 666 724 702 822 148 915 131 905 696 866 0 928 141 929 50 959 619 777 841 941 911 825 739 837 124 802 433 373 788 288 88 628 935 640 818 632 811 822 636 931 788 15 1052 429 874 194 713 59 136 399 188 150 241 1024 312 57 510 890 16 727 919 798 853 149 450 829 554 780 305 653 397 976 765 923 801 170 84 859 959 31 906 44 283 766 111 792 648 438 458 751 841 750 113 746 150 403 769 610 81 553 427 861 870 740 582 757 1143 638 733 372 747 156 1060 664 411 738 989 518 718 869 624 99 926 281 791 751 743 543 921 472 25 111 806 798 107 34 537 870 559 595 612 850 200 774 372 158 856 731 280 321 333 848 675 782 853 620 523 863 395 794 83 775 205 398 226 683 859 830 648 600 781 82 437 875 66 84 1060 660 903 326 740 76 702 278 725 650 901 758 296 713 452 840 791 731 877 152 719 57 632 118 580 111 264 42 824 693 939 238 221 40 76 793 529 1039 622 779 749 930 392 680 47 843 671 215 910 592 38 54 895 826 821 58 694 1011 141 921 622 918 544 729 783 703 754 185 969 471 810 748 732 913 811 773 366 62 815 46 39 656 802 351 454 853 744 362 580 797 139 736 904 791 64 899 697 442 681 457 770 129 857 13 535 201 229 826 822 843 385 86 789 832 785 798 818 902 910 875 737 992 491 835
923 121 169 255 324 927 153 891 268 923 125 180 468 287 370 322 269 1056 56 802 393 491 106 928 0 914 98 923 46 366 254 406 550 131 157 384 108 1016 134 731 661 207 689 913 384 225 329 446 613 135 120 372 542 265 915 193 712 104 739 274 961 792 742 754 918 920 215 962 899 520 253 915 599 94 164 224 786 652 131 400 168 954 340 680 60 247 358 129 1034 852 69 296 957 344 948 722 163 1035 186 378 595 797 307 211 184 834 287 987 594 171 330 907 416 759 210 368 269 794 328 400 344 223 879 372 870 327 349 728 369 241 477 278 96 305 901 299 650 453 300 326 390 105 500 933 831 406 234 994 944 630 173 585 727 542 547 802 332 713 922 111 272 692 851 697 89 261 452 479 878 568 136 535 268 1007 252 917 869 853 262 205 108 536 480 159 921 563 325 920 890 286 309 121 727 620 859 344 858 493 278 276 173 633 460 519 283 161 597 308 888 302 978 571 1039 400 944 780 895 382 663 52 692 777 924 889 137 618 383 548 157 182 153 935 348 970 92 458 931 564 883 918 982 468 118 176 985 241 346 1028 50 437 212 389 329 264 227 242 812 370 463 132 254 209 381 309 817 899 989 519 882 920 552 152 647 475 94 203 739 348 254 904 243 108 586 883 162 362 803 627 474 375 981 73 916 843 810 926 147 532 293 882 997 141 257 156 133 265 62 110 442 756 81 623 492
433 847 791 816 594 101 854 626 811 126 792 802 818 678 765 652 850 160 893 148 952 758 840 141 914 0 931 91 950 646 799 891 1007 917 831 784 816 118 783 319 290 751 229 54 663 955 602 873 530 788 801 585 996 813 146 1058 319 847 244 732 197 180 503 169 9 378 1037 451 92 566 915 130 626 891 802 873 218 535 803 520 755 444 608 485 968 722 964 792 120 180 847 989 138 944 184 369 751 170 759 684 506 572 698 859 731 108 773 73 463 768 585 62 511 535 879 801 696 694 792 1173 596 704 500 790 45 1087 695 299 780 1009 560 739 868 611 46 957 305 848 780 777 550 891 425 119 116 856 818 100 174 621 832 466 697 682 756 306 811 270 18 830 752 224 446 419 829 654 839 913 741 438 831 406 820 150 797 64 525 98 690 877 824 559 656 779 59 493 911 205 68 1081 623 872 421 823 175 737 144 640 638 930 742 307 634 493 870 765 811 817 283 746 133 537 164 610 44 161 115 870 783 933 241 319 101 78 778 611 1076 694 759 733 940 527 627 133 825 595 74 980 714 104 162 953 804 787 151 674 1045 124 915 557 937 526 674 808 688 772 103 1009 452 788 767 709 957 845 881 497 173 725 139 178 729 804 420 450 831 748 253 573 821 11 700 875 691 185 911 734 558 767 466 815 270 841 144 655 310 366 797 730 875 513 213 774 858 784 782 845 897 913 929 839 985 397 748
893 84 249 185 361 933 90 840 199 926 153 266 390 266 303 388 189 1064 153 808 298 421 191 929 98 931 0 930 72 332 191 318 455 37 108 313 178 1026 188 777 696 281 711 924 341 126 376 360 681 198 183 427 448 196 915 130 758 193 737 232 957 794 703 765 935 895 130 931 906 482 160 917 677 192 132 140 783 611 204 434 226 924 395 645 80 319 262 148 1048 850 115 198 959 248 945 701 196 1039 257 330 562 750 382 132 225 843 227 1002 568 163 361 917 454 716 125 461 338 734 258 313 395 277 840 300 887 234 303 771 299 145 446 232 64 324 913 202 649 370 236 260 386 203 533 937 839 322 167 1003 942 577 265 644 665 483 636 787 257 751 940 193 222 714 818 671 156 294 371 389 815 620 224 535 196 1010 190 940 828 878 247 121 111 605 428 152 931 535 232 915 899 199 358 217 699 542 857 287 888 570 298 180 207 636 536 497 198 224 520 401 874 249 982 639 1044 370 957 807 899 296 590 50 699 761 929 897 175 567 286 487 204 215 54 896 412 973 155 528 955 471 822 924 983 375 184 256 987 274 249 1039 49 497 115 409 402 196 254 193 830 272 481 192 203 253 286 228 739 861 989 605 884 917 486 128 624 482 169 185 777 358 184 920 305 203 669 879 70 303 757 556 473 299 969 133 917 787 793 903 224 618 207 843 993 178 176 147 179 186 49 22 350 680 81 674 580
346 846 812 801 612 10 848 544 794 35 799 826 779 669 738 684 832 134 907 122 922 717 856 50 923 91 930 0 955 627 784 859 964 913 827 755 829 99 795 392 341 775 262 38 639 942 626 837 595 802 815 617 954 796 57 1054 389 865 204 719 106 139 435 171 100 290 1029 361 24 529 899 41 692 909 799 860 165 479 820 540 771 355 636 427 973 749 938 797 137 109 854 970 52 919 93 311 760 115 780 660 461 498 732 847 743 90 755 107 422 768 600 33 536 465 867 845 724 622 769 1154 622 722 418 762 110 1070 674 370 752 997 531 725 868 618 51 937 284 811 761 755 544 910 453 28 93 824 804 77 83 566 857 525 631 636 817 235 787 334 108 847 738 255 365 361 841 667 802 875 663 492 852 395 803 87 783 155 443 179 684 865 827 617 619 779 32 455 888 115 42 1068 646 892 358 770 102 714 230 695 645 912 751 294 685 464 850 782 760 856 198 728 59 598 116 589 63 225 37 840 725 937 232 253 9 38 787 557 1052 647 771 742 934 440 661 54 836 643 165 935 635 14 80 916 818 809 73 686 1023 115 919 598 925 536 709 791 697 760 148 984 462 802 754 723 928 823 812 412 91 784 62 87 681 802 373 450 845 745 322 576 805 90 723 894 756 102 903 709 483 711 457 786 178 851 54 577 238 278 816 790 854 430 126 783 841 784 792 827 900 911 894 773 990 457 804
941 127 215 251 363 959 149 900 264 954 157 226 460 306 368 367 259 1089 99 834 370 488 151 959 46 950 72 955 0 381 254 390 526 109 160 380 153 1049 175 773 701 252 725 947 395 196 371 432 658 178 163 415 519 261 945 148 755 149 768 284 990 823 756 788 953 940 173 980 931 534 232 946 645 135 175 210 815 665 176 439 211 972 383 696 18 292 332 158 1068 881 104 265 988 320 977 744 199 1067 231 386 611 807 352 201 223 867 288 1022 614 193 368 940 456 771 195 411 314 797 324 357 387 266 893 367 905 286 358 770 366 204 494 286 100 339 935 272 679 441 299 324 417 146 539 965 863 394 231 1027 973 637 217 630 730 545 591 826 325 753 958 157 278 729 868 717 132 299 441 461 880 611 181 564 263 1038 252 954 882 891 284 191 130 581 487 180 954 581 305 948 923 244 351 163 746 612 888 348 897 538 312 252 209 663 506 540 269 205 590 351 913 307 1009 617 1071 417 979 818 926 368 658 26 724 801 956 921 173 626 346 550 196 218 124 949 393 1001 134 504 968 543 886 950 1013 447 162 222 1016 278 311 1061 41 481 186 424 375 261 262 248 847 340 498 174 259 249 357 298 809 914 1019 564 913 949 552 166 668 506 139 222 779 380 250 939 287 150 631 911 142 365 814 624 503 368 1007 113 946 849 834 948 193 576 278 896 1026 177 246 176 172 255 61 90 422 750 37 666 536
562 254 357 174 249 629 242 529 167 618 256 382 230 84 133 364 204 761 380 508 315 202 357 619 366 646 332 627 381 0 158 263 412 305 224 157 320 726 286 586 476 347 454 628 37 317 291 263 585 305 307 346 401 169 604 442 566 366 425 100 639 488 376 477 652 564 409 600 604 154 272 608 629 404 205 235 469 286 329 273 292 592 326 315 397 357 320 246 755 536 303 343 649 300 628 372 243 730 332 53 231 433 399 224 251 546 128 713 237 197 230 620 301 393 244 541 351 445 148 527 312 285 513 158 607 443 50 572 146 371 114 102 281 184 620 311 344 245 134 132 123 411 336 630 541 232 181 704 626 273 408 515 383 205 658 459 168 535 659 349 114 453 488 340 317 226 238 310 531 472 375 241 175 702 158 670 503 616 112 243 258 527 133 209 634 203 266 595 603 441 291 405 368 338 544 94 640 540 183 285 241 340 504 170 224 303 314 504 547 100 674 548 736 39 665 554 593 237 354 357 405 433 625 599 262 259 430 216 270 238 320 569 369 665 310 471 686 398 531 619 670 337 312 359 676 226 398 741 339 409 301 212 399 165 212 141 554 365 248 299 132 257 317 199 516 534 675 617 575 601 236 215 294 217 330 163 558 161 178 636 316 398 654 563 288 97 438 317 187 183 644 312 606 485 466 572 341 631 229 516 674 258 214 210 274 200 319 310 308 452 407 510 609
710 133 317 18 308 786 104 649 22 775 186 341 219 129 116 391 57 918 287 664 205 236 289 777 254 799 191 784 254 158 0 183 344 158 98 131 255 883 233 704 604 326 596 784 157 158 342 211 661 254 247 401 334 21 762 287 684 295 583 68 797 645 516 629 804 716 251 746 760 298 117 766 684 321 101 76 628 423 275 363 259 740 372 460 267 352 193 174 910 694 210 193 807 172 786 528 203 888 304 143 379 559 410 67 228 702 36 867 393 130 297 776 389 527 85 532 358 544 75 375 364 283 653 119 758 289 118 693 115 213 268 60 158 246 775 165 500 210 46 72 253 331 448 787 697 169 24 860 785 386 358 603 476 292 682 617 83 662 811 284 47 596 634 493 241 254 207 253 626 568 317 393 29 860 3 818 639 761 130 85 161 592 237 134 790 358 137 754 758 284 331 333 519 368 702 96 781 584 228 135 209 493 547 328 82 266 345 482 704 61 831 620 894 198 819 696 751 153 408 228 559 591 782 754 206 376 289 297 230 211 167 707 407 822 236 524 834 346 633 776 829 259 252 322 834 241 253 897 214 473 142 314 419 16 218 37 703 232 373 246 35 250 201 79 564 674 833 644 733 759 299 116 449 355 258 108 687 256 23 788 319 323 695 721 135 112 567 373 333 127 802 227 764 596 623 725 293 658 91 654 833 204 61 130 218 51 196 169 229 503 272 614 628
708 296 497 171 479 859 259 594 161 843 366 521 101 286 131 572 141 989 450 746 67 162 463 841 406 891 318 859 390 263 183 0 162 281 265 109 432 958 414 849 740 509 714 866 235 209 517 46 831 434 426 576 152 163 826 354 828 469 655 228 850 721 507 724 898 728 299 740 837 331 160 834 861 488 279 183 694 420 454 523 442 735 549 469 397 535 99 353 993 758 379 172 872 93 842 566 386 951 486 215 406 522 592 198 411 786 175 953 438 312 465 857 551 505 197 714 540 467 127 325 539 466 634 106 854 261 214 835 117 242 330 217 315 414 860 142 585 68 157 141 385 499 597 857 780 35 191 936 842 351 535 767 399 250 864 657 108 799 905 460 209 712 631 521 416 432 74 73 537 728 493 496 156 924 186 921 614 871 299 202 334 766 242 315 871 405 89 806 840 286 508 504 539 239 766 171 899 763 400 145 392 588 726 398 124 448 221 663 740 189 898 792 959 291 904 813 823 30 298 366 652 632 855 835 387 349 210 246 412 394 270 681 586 889 411 701 937 163 552 849 889 78 431 503 897 421 194 973 358 646 210 467 601 168 398 217 805 140 511 426 211 432 78 105 431 656 892 826 801 817 226 293 492 480 433 291 821 410 169 880 501 493 876 780 248 166 534 270 447 81 839 398 829 533 660 740 473 840 113 632 883 386 151 311 399 148 344 300 47 376 394 769 810
