NAME : X-n322-k28_SARP
COMMENT : Curated from VRPLIB to SARP
TYPE : SARP
DIMENSION : 321
EDGE_WEIGHT_TYPE : EXPLICIT
EDGE_WEIGHT_FORMAT : FULL_MATRIX
EDGE_WEIGHT_SECTION
0 484 413 468 489 176 386 672 396 516 308 387 356 230 597 130 90 466 126 326 392 338 208 544 566 110 466 327 312 407 304 506 405 393 445 591 527 421 311 207 321 337 195 316 412 309 549 465 147 248 531 364 260 447 454 200 570 334 360 328 508 327 250 257 239 538 431 488 356 415 298 468 469 403 563 498 302 338 579 359 329 559 438 495 518 439 430 125 413 308 402 466 84 218 302 441 99 410 496 159 448 318 604 167 241 485 373 355 223 100 619 590 170 470 451 222 266 655 574 588 265 499 354 591 386 425 424 500 375 435 203 311 526 398 526 342 114 97 266 470 613 504 640 514 633 421 213 468 289 318 397 565 231 531 495 411 310 175 279 325 371 538 261 222 242 348 196 363 229 323 515 446 504 252 371 506 310 487 381 275 327 470 492 552 512 376 111 448 589 227 341 426 490 149 468 522 440 313 537 431 366 85 489 256 521 472 312 518 460 619 293 625 445 650 488 272 502 226 428 472 522 248 558 425 243 240 408 523 365 250 406 424 381 154 316 416 250 355 390 536 376 257 226 567 467 347 434 243 451 200 465 275 244 219 521 560 164 204 518 315 502 211 305 500 294 243 330 464 194 584 535 373 381 37 395 542 287 427 43 547 542 361 299 197 177 360 609 442 423 583 371 296 279 498 184 237 158 212 280 349 199 364 146 247 118 305 321 453 483 445 477 409 409 353 420 306 346 375 523 472 537
484 0 414 868 973 423 304 403 88 59 630 110 622 712 992 376 515 947 464 665 440 177 676 1017 239 492 329 157 244 781 700 278 888 137 928 960 989 861 623 570 798 818 505 433 754 603 433 907 579 670 798 741 466 576 815 376 1007 817 836 158 959 624 248 230 645 115 92 885 218 899 777 393 720 516 994 702 396 499 253 146 727 975 363 965 93 381 884 579 719 291 87 691 420 691 647 875 422 254 909 589 123 618 965 645 619 656 237 633 599 429 942 908 599 595 237 283 523 599 435 509 629 982 586 981 254 126 81 751 388 794 511 490 797 359 899 691 565 573 284 15 467 714 1082 897 522 211 391 933 661 525 777 923 268 396 669 866 785 630 478 202 841 1016 229 671 713 537 532 544 703 297 265 707 631 691 593 303 356 946 631 632 181 902 953 1028 386 486 547 414 429 502 241 667 882 629 884 878 515 274 491 849 850 405 8 241 446 942 396 314 27 953 667 1066 533 1081 412 705 496 587 311 127 903 722 950 837 241 593 693 83 327 721 442 856 254 496 301 77 694 835 372 892 616 483 641 410 529 419 492 495 303 491 382 401 724 676 513 955 487 301 797 799 54 354 382 810 284 637 800 202 669 1051 120 156 669 505 222 488 421 844 527 831 1017 641 709 621 625 140 920 135 886 914 473 734 610 494 365 330 640 626 644 588 357 287 450 609 441 208 163 521 630 334 491 558 627 829 902 248 609 823 999 240 844
413 414 0 553 789 238 110 792 363 472 707 407 269 598 1008 300 362 749 500 347 40 266 605 782 633 326 647 351 471 819 717 196 743 281 742 1003 733 823 302 319 692 695 574 106 414 699 144 630 387 660 927 431 599 168 476 216 712 684 732 328 900 719 275 362 394 526 322 899 205 743 668 70 856 722 691 300 585 139 649 292 742 966 66 728 502 51 629 537 362 511 348 299 333 510 707 845 315 161 599 389 294 290 1017 554 354 843 179 743 342 313 1029 999 393 805 191 267 221 251 773 176 346 792 225 1003 543 288 425 360 41 457 583 152 923 55 938 750 526 499 204 401 206 313 786 926 220 536 515 848 372 182 460 977 396 726 262 805 686 583 619 441 620 800 374 458 633 697 288 711 522 529 630 835 218 458 739 175 564 872 762 681 415 873 876 802 121 98 523 38 776 596 497 285 902 536 876 526 102 171 126 552 688 346 422 278 109 845 593 665 390 1030 703 770 121 771 82 682 102 325 110 506 935 536 616 536 336 643 802 495 92 640 683 829 161 539 526 407 657 713 44 948 248 193 399 172 116 631 79 214 131 248 681 138 616 472 123 622 542 268 916 662 465 482 108 439 177 377 590 558 584 800 529 447 775 400 191 131 591 836 442 947 791 291 712 610 588 300 1016 282 807 993 88 486 309 98 466 483 538 625 688 231 224 131 506 653 477 257 343 756 221 638 85 748 244 625 765 470 728 774 777 589 942
468 868 553 0 362 447 621 1134 786 917 693 800 284 396 792 512 389 314 585 210 512 692 460 284 1012 396 932 730 765 700 619 742 395 740 329 826 217 597 256 301 434 407 635 469 143 712 675 115 323 562 886 128 715 426 91 492 162 389 454 719 615 721 625 680 235 954 788 716 666 379 420 620 850 854 139 336 769 415 1027 723 628 728 617 241 931 603 154 492 201 771 782 306 482 289 671 621 469 673 47 311 781 266 847 424 252 904 661 752 273 462 903 886 300 908 717 591 354 666 1042 657 239 354 328 797 845 764 834 271 546 101 640 409 879 587 776 690 496 449 585 853 724 327 234 754 704 872 680 545 207 374 94 823 674 999 374 556 442 490 732 766 216 321 689 252 455 788 337 803 287 787 971 826 429 219 792 725 778 576 786 646 758 639 574 310 670 455 515 584 1057 670 796 291 725 422 672 103 483 606 610 50 343 506 876 633 631 526 779 981 842 890 639 219 469 219 624 551 567 283 647 901 764 276 90 46 656 633 783 931 589 454 871 615 655 598 780 820 523 417 571 805 309 394 245 713 496 812 499 378 673 378 933 481 407 260 572 93 612 574 866 375 904 678 510 179 591 238 230 912 437 278 954 806 763 431 685 619 751 648 442 884 302 263 598 545 505 728 907 771 530 866 465 178 261 564 651 702 408 561 642 322 512 619 607 629 583 660 722 908 405 912 545 850 325 249 419 760 754 556 296 926 856
489 973 789 362 0 589 815 1116 884 1006 535 876 561 271 478 602 468 48 547 472 753 817 328 128 1038 499 907 816 787 465 430 945 109 872 47 528 180 317 508 470 214 181 555 685 466 568 930 250 415 400 660 408 639 717 440 635 288 172 198 815 289 565 731 746 396 1025 914 434 820 88 224 858 654 747 307 666 720 657 1050 842 422 411 841 133 1005 833 209 419 520 770 889 631 555 290 506 335 557 856 336 409 925 522 550 338 437 740 828 591 447 552 623 616 403 771 901 699 569 968 988 936 448 16 597 487 851 903 913 614 766 440 555 638 653 803 495 501 431 407 726 958 989 661 306 471 985 894 651 223 430 615 401 539 717 954 696 272 231 379 648 808 175 86 750 332 296 672 504 683 277 780 977 632 741 331 650 937 746 251 626 492 813 342 246 112 909 705 453 826 1008 584 813 602 446 351 386 464 755 765 883 320 125 568 978 738 890 199 728 968 948 605 467 301 747 347 870 369 840 464 853 956 480 260 402 335 732 503 594 1011 786 290 796 338 830 534 773 905 354 171 789 530 593 597 389 961 776 749 764 575 879 548 887 671 264 320 851 398 549 681 638 184 991 669 706 534 747 414 200 938 323 179 1021 859 585 468 852 892 692 380 446 644 108 546 405 419 391 844 636 917 234 591 710 309 489 836 646 699 338 427 481 590 646 802 568 490 560 783 810 802 715 884 814 725 622 164 115 781 605 298 95 938 607
176 423 238 447 589 0 230 712 339 470 479 355 235 368 770 91 129 555 277 250 217 248 368 610 575 94 526 285 344 582 479 359 526 299 542 765 574 586 214 147 463 470 353 141 343 475 378 487 174 423 701 321 396 284 400 48 585 462 503 272 666 494 179 244 224 508 346 661 235 531 439 298 635 533 571 361 407 171 591 278 504 728 271 556 485 269 468 299 320 366 336 335 103 299 475 608 82 267 487 181 346 213 779 318 196 637 240 521 176 78 795 765 189 610 312 146 126 480 648 413 207 595 215 765 427 327 388 383 203 379 361 145 697 230 701 517 289 261 144 407 441 370 660 688 459 442 322 618 240 163 357 740 251 601 347 571 455 345 416 334 435 617 254 262 398 493 110 507 312 384 544 612 344 276 526 353 398 640 543 449 321 636 645 625 344 203 287 275 658 380 376 298 663 301 638 466 267 177 361 426 476 123 430 186 347 617 416 564 396 795 468 644 274 658 316 443 327 164 270 458 697 329 530 414 216 412 577 484 203 405 513 591 241 314 379 374 419 489 220 712 243 98 221 399 295 455 260 95 296 71 543 100 385 271 346 535 320 130 689 441 457 299 133 414 159 214 398 479 349 639 508 367 549 162 264 367 403 598 203 719 614 248 474 373 349 283 784 337 575 758 198 316 193 323 276 312 303 388 454 212 66 214 289 421 257 215 276 576 327 510 302 550 270 431 546 340 508 538 597 499 711
386 304 110 621 815 230 0 684 254 362 656 300 347 597 981 258 358 779 449 411 137 161 591 825 524 323 547 249 377 781 682 130 756 171 768 968 782 806 365 351 691 700 520 153 489 643 183 685 401 630 869 494 531 273 552 189 775 692 732 225 891 664 191 272 432 416 212 870 97 760 667 110 796 643 756 403 504 213 540 185 708 944 73 771 392 87 676 510 444 421 238 397 301 527 660 826 288 55 666 406 186 356 980 543 395 771 69 686 379 289 983 952 413 727 96 194 269 333 672 245 394 821 305 974 444 178 317 457 87 532 528 213 866 56 903 705 498 480 131 291 242 416 850 893 279 432 443 845 424 249 527 939 313 626 367 794 683 560 550 342 655 837 283 484 622 627 315 639 540 437 523 776 327 492 673 123 478 867 700 636 315 855 872 843 136 189 491 117 674 536 400 377 871 525 852 608 211 84 210 613 705 307 312 192 173 846 511 561 280 987 663 834 230 840 134 656 201 362 42 397 902 556 692 598 249 596 747 385 32 630 596 809 51 489 435 298 635 718 68 909 332 231 433 188 226 548 188 250 66 269 584 147 613 495 221 698 489 202 861 670 355 407 113 528 99 417 620 451 573 848 419 343 719 383 81 210 514 811 422 893 831 367 681 578 562 193 968 173 802 949 175 526 363 198 396 403 530 591 645 309 187 28 450 608 424 159 242 672 328 540 191 673 337 654 776 377 668 759 816 484 892
672 403 792 1134 1116 712 684 0 430 349 618 386 944 849 949 629 744 1107 576 958 810 527 788 1199 164 739 210 447 370 760 724 680 1012 515 1080 894 1192 895 925 841 907 938 562 780 1051 583 833 1137 812 728 675 1018 479 940 1105 678 1242 944 934 469 993 595 547 469 899 293 483 863 588 1030 893 786 610 407 1235 1053 397 843 149 500 744 959 752 1155 311 769 1100 701 1032 364 447 1034 653 885 647 899 668 643 1166 824 522 925 890 784 888 507 615 584 867 676 834 802 835 440 635 574 835 999 156 908 906 1130 917 933 289 519 368 1088 759 1084 562 826 678 739 848 675 690 723 613 410 870 1064 1310 858 924 270 471 996 937 857 1054 852 464 170 1027 919 891 737 474 378 1035 1183 458 893 820 475 811 470 894 349 168 612 1000 923 521 705 372 997 561 649 394 919 1005 1202 785 845 667 801 132 535 339 1002 855 774 883 1172 887 627 886 1101 995 629 396 541 843 1013 388 154 419 854 683 1296 904 1322 807 765 885 861 702 288 859 912 1223 1093 497 625 623 324 700 828 334 881 634 583 356 386 770 950 749 827 947 800 889 812 906 371 866 804 698 782 233 736 853 891 904 1226 568 586 686 933 349 462 731 1126 629 898 994 238 795 1243 286 352 611 707 608 884 424 852 706 714 1192 959 744 699 725 492 805 533 952 821 832 967 902 882 489 435 789 694 662 916 656 662 553 640 568 542 456 367 994 232 875 447 968 1012 1016 375 561 875 1173 213 745
396 88 363 786 884 339 254 430 0 131 557 54 548 625 917 288 427 859 382 585 384 103 590 929 270 405 312 70 182 706 621 268 800 86 840 888 901 779 544 486 711 731 428 365 676 533 410 821 492 588 737 660 398 517 736 294 922 729 749 70 876 554 162 144 560 173 71 809 159 811 690 356 659 466 909 638 336 430 286 72 648 897 322 877 149 339 797 493 644 232 20 624 332 602 572 794 335 214 826 502 112 540 894 558 535 605 185 566 515 341 876 842 512 548 213 196 446 574 431 483 546 894 514 907 218 99 62 682 332 715 435 419 736 309 826 617 479 486 206 74 454 650 997 823 505 190 317 848 579 453 695 852 186 387 608 782 698 545 412 138 753 928 145 584 626 477 449 485 615 243 272 645 575 605 532 289 299 862 568 556 111 822 869 940 361 424 462 370 429 428 189 597 806 542 805 800 460 205 457 764 762 317 94 155 415 856 339 314 64 886 590 981 478 997 378 622 455 503 272 143 829 634 869 753 153 516 627 146 272 634 399 775 204 416 244 44 611 748 320 821 544 406 555 395 478 366 439 417 272 408 358 328 637 589 474 874 408 214 735 711 118 279 314 736 211 552 712 200 583 963 174 108 602 417 178 456 358 764 439 769 929 566 629 538 540 65 855 119 801 847 411 647 529 452 286 258 553 544 567 515 274 232 370 532 358 128 75 479 571 310 445 505 559 741 815 185 543 740 911 236 779
516 59 472 917 1006 470 362 349 131 0 635 130 677 741 999 416 555 982 483 716 498 229 701 1056 186 534 298 192 247 787 712 335 918 194 962 963 1030 877 675 617 824 846 517 489 806 605 490 952 621 686 790 791 468 634 866 425 1053 846 861 199 976 626 293 259 691 57 150 893 275 929 804 452 712 502 1040 759 392 555 200 198 738 985 422 1004 39 440 926 603 773 290 136 748 458 728 654 890 463 313 957 631 182 670 966 674 666 641 295 632 646 470 938 904 641 577 296 327 576 657 394 566 678 1016 641 987 238 185 93 807 446 845 522 545 790 418 903 696 589 602 336 72 523 772 1127 903 578 189 401 954 710 580 827 924 291 358 726 884 810 653 478 211 880 1053 256 712 737 531 580 536 740 293 222 701 690 734 588 360 351 966 627 641 197 916 973 1066 444 544 570 473 386 509 237 722 889 658 895 930 573 329 550 895 882 441 51 285 505 964 391 273 83 951 677 1111 592 1128 471 722 555 635 370 93 908 759 1000 884 275 603 690 25 386 745 424 871 312 512 297 101 714 863 430 894 671 535 685 466 588 409 551 547 362 540 353 455 753 716 572 1005 502 345 791 829 15 366 438 864 338 683 839 168 696 1091 63 160 667 540 281 547 419 855 559 824 1055 695 723 639 647 192 915 194 907 912 530 777 660 553 381 340 670 643 654 642 405 345 467 620 462 258 199 500 689 306 550 545 684 866 930 253 608 841 1037 205 840
308 630 707 693 535 479 656 618 557 635 0 520 656 306 364 407 390 541 208 611 692 552 237 643 587 417 424 494 388 154 109 758 427 598 510 331 659 277 606 502 323 358 137 619 683 36 834 644 422 140 223 623 167 756 710 492 740 370 339 509 375 30 477 425 505 628 619 260 596 447 319 754 165 219 744 801 250 645 594 559 127 355 720 612 616 725 594 211 699 346 573 766 377 404 30 281 397 664 706 431 650 616 337 269 522 214 622 59 510 401 328 296 439 235 696 464 573 956 473 882 549 551 660 352 411 629 550 794 667 694 129 619 218 683 269 62 214 260 526 620 896 806 793 268 924 464 240 380 564 626 649 294 378 448 801 303 307 203 160 428 516 614 419 451 254 145 500 153 406 345 514 140 812 484 114 765 289 379 95 47 450 302 387 638 791 682 204 740 496 129 398 726 255 273 270 772 746 574 833 646 429 361 632 479 812 400 254 487 615 334 69 781 751 820 776 167 803 517 698 554 273 418 778 647 433 69 100 628 643 258 284 263 636 168 340 553 186 365 678 264 680 565 490 844 773 255 738 551 717 508 387 574 301 439 822 779 167 454 210 367 620 279 599 776 557 516 482 504 258 693 621 477 75 336 638 838 220 235 299 240 630 658 133 148 188 556 312 650 339 295 676 518 573 798 276 300 285 132 55 654 483 630 206 66 233 528 494 271 791 402 779 190 714 484 424 382 69 260 612 487 236
387 110 407 800 876 355 300 386 54 130 520 0 575 611 883 292 429 853 356 605 424 141 572 928 230 410 258 70 136 671 590 321 788 137 832 851 904 753 566 499 695 717 395 398 697 494 461 828 496 561 693 675 357 555 755 313 931 716 732 86 851 515 176 130 570 155 124 775 203 799 675 405 614 417 919 672 290 463 247 115 617 865 370 877 133 386 801 474 668 185 74 657 332 600 537 766 338 264 838 506 166 563 856 544 548 556 231 525 528 345 835 801 517 498 266 209 469 625 378 534 562 886 543 871 165 152 37 713 374 734 402 449 692 354 789 581 460 472 234 100 507 684 1004 787 557 137 281 827 594 482 712 813 162 334 644 758 681 525 370 93 752 924 126 587 608 431 463 439 612 194 223 601 615 610 487 342 252 839 524 522 71 793 846 938 412 461 442 417 377 392 139 627 772 529 774 820 502 242 506 776 752 314 112 169 465 836 292 263 96 845 557 989 518 1007 427 596 501 517 321 105 793 631 885 765 148 483 585 136 315 616 348 747 251 387 196 33 587 733 363 783 573 430 563 448 521 318 481 439 322 426 304 358 623 590 521 889 378 226 691 699 115 244 348 761 245 564 711 151 567 964 154 55 560 412 227 505 314 734 430 725 927 592 600 513 519 107 813 173 780 806 448 654 548 498 256 220 540 518 534 543 292 276 342 499 334 158 79 427 609 256 490 457 590 738 801 140 501 715 908 185 737
356 622 269 284 561 235 347 944 548 677 656 575 0 440 878 324 268 516 480 90 229 447 476 531 802 247 760 506 579 724 624 462 541 487 517 891 475 679 59 155 522 513 551 195 145 662 393 369 239 562 877 167 610 156 207 266 445 498 557 489 734 678 400 475 185 722 535 779 408 536 499 337 821 752 423 145 635 135 818 478 644 824 334 479 697 320 377 448 98 601 540 110 319 324 645 703 298 401 331 233 521 45 908 423 149 841 397 708 153 291 942 917 228 824 442 371 109 407 883 382 126 561 44 877 661 507 605 149 266 188 559 135 871 307 830 679 444 400 342 608 444 149 518 813 431 674 546 672 134 98 193 875 485 836 152 649 522 476 630 566 386 555 486 260 492 703 160 717 333 619 776 796 185 244 727 443 630 700 736 617 550 728 702 553 386 171 453 300 892 583 610 70 785 410 745 261 202 349 332 288 483 343 630 407 349 662 644 797 596 937 626 502 191 502 341 569 288 142 368 680 823 340 348 271 447 588 757 694 315 496 742 690 386 510 613 588 540 530 291 849 32 145 197 430 220 682 217 140 393 169 777 221 458 277 296 354 520 358 861 477 665 528 243 188 339 166 366 709 450 542 723 595 731 323 418 341 627 710 358 887 543 21 611 522 487 485 937 509 639 904 182 254 89 285 503 544 404 539 619 39 288 350 497 592 466 420 497 799 159 744 264 763 65 401 566 575 701 630 531 731 871
230 712 598 396 271 368 597 849 625 741 306 611 440 0 438 355 239 258 276 368 569 568 69 353 767 275 639 555 517 306 223 723 176 623 232 455 358 238 382 298 95 107 291 493 417 331 742 338 215 169 490 351 376 578 429 408 434 105 135 557 303 336 480 483 258 758 662 342 581 189 71 663 457 498 438 578 453 488 779 589 232 384 638 314 739 635 288 149 449 500 631 541 307 122 281 262 315 629 403 217 677 396 474 68 292 520 595 366 289 312 518 497 217 536 672 450 398 818 726 765 315 283 461 438 580 655 648 551 567 416 292 463 483 598 397 296 161 139 488 698 804 579 490 378 814 623 381 250 317 453 369 444 451 689 592 211 88 115 387 539 210 334 485 185 59 424 318 437 118 510 707 432 621 212 415 720 477 274 401 259 547 288 278 354 711 534 182 636 745 322 543 503 349 83 306 485 595 533 712 347 147 314 717 486 707 249 462 699 689 509 246 477 593 514 679 155 672 304 638 688 388 122 477 351 472 256 390 745 571 60 536 250 601 266 503 641 127 125 587 421 471 411 244 766 620 485 596 391 663 352 622 465 18 168 688 477 281 433 470 88 726 399 499 508 514 275 176 668 54 400 754 591 372 219 618 719 427 272 187 488 344 434 202 165 129 591 519 671 209 480 535 231 351 668 375 428 72 178 252 453 413 579 298 247 290 534 550 553 596 616 645 482 505 178 190 511 373 189 325 667 462
597 992 1008 792 478 770 981 949 917 999 364 883 878 438 0 722 650 514 544 805 984 901 409 606 942 685 773 851 752 212 301 1095 403 950 486 69 656 201 820 732 366 387 489 907 846 394 1147 699 647 350 294 780 531 1012 847 798 761 405 340 864 189 375 818 780 696 991 975 111 936 422 386 1066 343 545 778 1016 612 914 948 911 274 67 1036 605 980 1037 648 472 884 710 931 979 680 558 346 177 696 998 783 650 1004 834 87 462 730 450 958 375 726 697 172 185 652 512 1035 799 828 1243 794 1182 753 493 897 17 773 982 914 986 972 838 482 888 288 996 100 302 484 509 854 982 1210 1017 784 96 1228 826 601 257 754 883 792 106 734 781 1030 238 362 425 523 791 577 561 775 622 387 486 747 486 551 709 868 338 1058 646 433 1098 652 227 392 361 812 154 232 587 1109 959 490 1044 818 491 762 941 112 478 134 893 1021 903 1130 743 450 674 995 822 1117 280 615 835 977 148 328 779 1022 825 1085 326 1092 740 1023 918 92 550 856 753 783 402 327 992 961 383 624 188 970 506 703 915 351 376 988 124 908 834 682 1164 1048 609 1020 815 1045 773 728 870 421 605 1110 853 511 785 276 422 984 639 902 934 885 714 565 865 432 655 984 840 343 608 978 1136 583 172 567 258 585 872 300 402 421 909 198 1002 263 157 957 657 789 1088 632 662 480 390 350 890 795 957 551 386 570 872 850 581 1033 752 1067 502 943 543 381 746 400 249 573 845 219
130 376 300 512 602 91 258 629 288 416 407 292 324 355 722 0 139 574 200 329 287 215 338 641 500 118 438 224 260 524 424 376 526 270 557 711 614 550 297 213 448 462 275 218 422 399 429 536 204 372 627 391 309 371 476 86 639 457 488 218 638 419 130 168 279 447 312 612 227 534 425 349 558 443 627 452 316 258 515 240 450 686 316 589 425 320 510 253 405 277 290 426 48 316 408 570 47 280 549 215 323 299 723 295 261 552 243 444 240 53 731 700 225 522 321 97 217 550 559 475 278 611 306 715 342 302 328 473 260 455 284 234 623 277 646 451 240 226 136 361 492 461 712 636 518 362 232 597 309 254 427 683 166 513 438 541 438 304 329 255 465 642 177 296 372 407 182 421 328 295 463 536 432 318 444 377 307 617 464 383 246 598 622 653 389 286 232 333 570 298 291 389 613 277 594 543 347 183 426 485 482 48 382 136 405 600 325 479 350 733 407 696 356 716 370 399 397 233 301 390 644 347 599 475 145 343 503 427 240 379 422 552 251 239 289 316 378 480 272 653 334 189 272 443 374 364 337 186 323 155 453 170 370 301 417 603 243 78 616 437 402 208 192 498 164 274 425 401 323 675 446 294 475 137 265 431 313 553 170 647 642 336 422 320 305 242 717 317 552 695 278 362 272 393 185 221 284 333 390 303 76 235 208 354 177 181 217 485 416 421 374 462 362 454 543 255 429 504 624 418 643
90 515 362 389 468 129 358 744 427 555 390 429 268 239 650 139 0 437 217 237 335 351 243 503 627 36 543 362 377 473 370 486 399 406 422 651 475 461 221 117 334 341 285 259 324 395 504 402 69 310 612 279 349 371 368 171 505 334 374 357 538 411 268 301 156 584 449 543 352 405 310 425 554 493 496 411 388 266 642 377 393 605 399 451 561 397 373 188 323 382 429 378 97 179 381 483 92 393 422 80 457 229 666 192 152 574 362 440 134 86 689 662 91 560 437 234 185 593 656 533 176 475 270 646 456 436 465 411 329 348 292 240 607 359 587 418 181 143 258 500 567 417 578 573 581 484 298 489 201 240 313 629 287 611 411 443 326 227 369 381 326 504 308 158 271 438 109 453 192 398 582 529 424 183 460 482 392 512 468 353 377 511 516 515 472 309 187 399 670 317 407 338 547 174 517 436 372 300 481 357 351 118 521 274 471 488 398 591 489 687 366 562 374 584 442 325 443 135 399 523 582 210 479 349 280 322 490 564 332 277 494 467 366 243 391 454 299 360 348 601 290 185 145 527 399 434 370 168 425 124 546 226 256 162 460 482 254 215 597 312 540 291 260 411 280 157 286 526 222 537 582 425 464 56 386 487 375 478 92 625 504 272 361 264 234 380 681 450 447 652 307 227 189 438 263 313 176 280 356 263 179 341 236 326 207 316 355 543 402 523 417 499 324 316 418 371 433 412 486 538 612
466 947 749 314 48 555 779 1107 859 982 541 853 516 258 514 574 437 0 533 427 712 788 321 104 1022 467 897 791 770 483 438 909 122 843 31 560 142 342 464 431 218 183 548 645 419 571 889 203 381 403 679 361 633 672 392 602 248 171 211 789 325 571 704 723 355 1004 886 461 788 100 223 818 668 748 266 619 711 616 1035 814 434 447 802 92 984 794 161 407 473 756 863 584 528 259 512 361 528 821 289 374 895 478 582 324 395 749 795 597 407 523 652 643 367 776 867 671 528 924 983 893 406 45 553 521 836 873 890 566 727 392 549 597 672 765 523 511 418 390 694 933 947 614 275 499 942 878 638 257 386 573 354 568 696 947 649 296 234 371 643 789 131 76 727 295 293 673 466 684 246 767 964 645 696 291 654 900 736 286 633 496 792 371 282 97 869 663 440 785 1003 578 797 556 473 335 414 416 711 732 841 272 114 542 953 710 848 234 720 957 922 635 473 267 703 313 830 374 797 424 816 937 509 228 356 287 707 503 606 989 749 287 792 363 796 524 760 881 356 178 750 557 548 558 350 921 732 743 721 536 843 510 880 634 254 284 808 352 539 652 657 177 967 655 669 485 714 372 160 922 312 156 1001 839 595 443 819 849 685 403 424 665 89 501 414 416 384 816 664 887 260 619 669 265 446 793 630 683 321 425 486 545 614 767 556 491 545 754 785 803 669 875 771 728 577 125 137 764 610 316 71 923 630
126 464 500 585 547 277 449 576 382 483 208 356 480 276 544 200 217 533 0 453 487 356 224 623 491 234 366 313 245 337 243 554 448 406 508 524 617 398 437 333 348 374 76 415 538 199 626 569 270 206 427 487 133 560 578 285 673 377 382 323 495 219 274 239 362 491 434 434 394 463 330 546 358 277 669 621 187 448 503 367 271 518 512 579 474 517 528 128 540 224 393 590 175 313 212 413 196 459 609 282 460 444 534 209 367 363 418 244 350 201 535 503 292 344 494 258 385 750 464 674 392 559 475 535 304 438 391 626 460 559 84 421 423 475 460 256 115 148 318 451 688 628 739 453 716 348 105 471 415 434 520 493 196 423 615 402 333 173 152 273 460 609 237 334 259 222 321 237 321 234 430 336 619 366 250 560 204 483 266 189 286 440 490 627 583 481 94 532 481 103 269 550 433 199 426 645 544 367 626 545 423 156 467 278 604 482 196 424 444 538 218 724 551 754 568 241 597 352 490 419 460 339 675 541 239 148 303 483 435 267 286 394 431 40 227 388 231 389 470 462 499 370 349 637 571 228 535 359 510 318 356 368 284 327 617 677 43 247 416 363 468 124 392 626 350 368 419 393 225 667 487 326 275 163 436 631 166 385 143 447 617 486 249 157 165 366 520 458 424 500 474 408 405 593 103 153 213 163 198 470 275 423 23 161 26 328 310 328 600 344 574 283 531 436 457 239 231 359 597 391 444
326 665 347 210 472 250 411 958 585 716 611 605 90 368 805 329 237 427 453 0 307 488 411 443 825 227 765 535 588 663 566 533 455 534 428 822 388 604 46 122 444 431 518 259 93 621 477 284 189 504 826 84 586 245 151 292 366 416 477 520 654 634 428 493 111 757 581 710 458 449 422 416 775 729 346 211 622 208 841 519 583 749 409 390 733 397 288 399 88 603 580 174 310 247 596 629 293 463 256 179 573 57 841 361 88 806 452 665 103 285 879 856 171 796 507 395 144 497 883 471 62 471 129 805 670 557 637 186 337 129 525 199 820 378 763 626 397 350 381 650 531 211 441 744 520 690 532 590 51 166 116 809 495 837 231 572 445 419 605 582 297 466 503 183 423 673 147 688 255 620 791 750 271 161 691 517 623 619 695 568 570 653 620 464 467 251 409 380 895 552 620 138 716 349 673 216 290 398 420 206 397 336 673 435 434 579 632 808 638 873 573 425 279 430 422 507 376 102 438 708 755 259 286 189 466 543 709 731 379 426 729 617 445 477 614 622 477 448 362 785 122 185 126 513 309 669 303 170 464 179 775 271 385 200 385 291 489 380 809 395 703 521 300 174 384 96 278 728 385 455 757 617 685 290 475 429 610 640 318 833 454 74 550 469 432 525 877 562 560 841 260 166 57 372 494 540 341 487 568 122 313 409 473 545 443 458 526 779 245 747 351 735 151 313 480 584 661 556 442 746 814
392 440 40 512 753 217 137 810 384 498 692 424 229 569 984 287 335 712 487 307 0 284 579 744 653 300 657 365 478 799 696 235 709 305 706 982 693 797 262 284 662 663 562 77 374 686 178 591 356 639 913 391 592 136 435 201 672 652 701 342 871 705 280 368 357 550 348 876 225 709 637 109 845 719 651 266 584 99 669 312 721 940 106 690 526 91 590 515 322 516 370 262 316 477 690 819 296 191 559 357 323 250 996 527 316 836 203 731 306 293 1011 981 360 801 226 267 184 264 784 198 308 755 185 979 553 315 446 323 52 417 570 114 909 86 917 732 505 475 208 427 238 279 746 904 245 549 510 818 333 142 420 957 398 736 230 777 656 559 612 450 582 762 380 423 606 690 254 704 489 533 646 823 192 422 730 215 565 842 751 664 426 847 846 764 160 58 503 74 788 585 505 247 879 510 852 486 77 183 145 512 654 331 448 284 139 814 592 679 415 1011 685 730 94 731 118 658 111 288 146 526 913 502 576 496 340 626 789 520 113 612 684 803 186 525 530 428 633 682 70 928 208 159 363 209 98 630 57 180 168 217 688 118 586 437 130 582 529 266 902 630 490 478 97 400 185 340 553 574 557 760 553 461 761 377 218 152 587 812 418 932 753 250 690 589 565 319 999 311 778 974 47 448 270 106 461 482 510 604 670 191 213 153 495 636 464 270 357 756 191 647 87 743 206 589 732 477 716 748 739 604 926
338 177 266 692 817 248 161 527 103 229 552 141 447 568 901 215 351 788 356 488 284 0 543 852 370 324 387 89 223 692 599 213 741 55 772 879 820 746 446 395 659 675 416 262 578 533 333 735 412 558 751 565 406 415 638 201 834 671 699 65 839 554 88 132 472 275 98 790 65 749 636 269 674 501 819 535 364 328 386 31 627 873 233 799 251 248 714 450 543 270 93 522 263 530 562 763 260 134 734 421 109 441 887 505 444 635 95 571 424 266 879 846 430 585 151 119 347 492 511 402 453 826 412 891 285 87 163 580 233 617 424 316 749 214 814 608 436 434 108 162 385 548 908 808 430 271 319 804 485 351 600 845 178 465 505 743 648 503 424 185 676 855 140 504 579 497 357 508 542 285 364 657 474 521 548 227 333 821 579 542 156 791 827 865 284 322 423 278 512 425 243 495 789 488 780 701 361 103 370 674 697 254 184 83 331 809 369 400 150 886 573 892 378 906 292 589 362 412 188 243 815 561 773 661 119 501 633 247 174 587 446 745 115 395 284 145 574 693 223 815 442 306 469 326 380 403 340 318 194 315 426 226 582 510 382 778 390 137 746 651 218 280 211 635 109 463 636 291 532 883 277 182 606 352 99 370 379 739 381 779 854 466 604 506 501 38 861 105 758 847 309 563 433 359 277 268 496 515 552 414 183 136 350 516 331 35 82 525 470 380 350 535 457 667 757 224 551 703 836 324 784
208 676 605 460 328 368 591 788 590 701 237 572 476 69 409 338 243 321 224 411 579 543 0 419 714 279 579 520 469 252 161 713 225 598 293 416 426 218 419 325 124 151 227 502 469 262 746 407 239 102 428 405 312 604 487 402 503 156 160 525 300 267 455 447 300 713 633 305 564 242 107 666 390 430 507 617 392 506 726 562 174 362 638 382 696 637 357 98 495 447 599 581 291 176 213 240 303 617 470 244 652 431 433 53 328 451 581 297 322 302 469 446 247 466 659 429 419 835 662 776 354 341 491 406 527 630 608 596 571 473 228 480 421 598 355 230 112 112 474 663 809 619 559 337 824 572 325 261 360 475 426 399 410 627 627 204 109 51 322 495 280 397 447 233 36 356 338 368 175 456 651 366 651 263 345 713 419 279 332 190 505 268 284 418 712 550 131 642 682 257 492 541 310 69 275 546 613 521 724 412 208 293 681 461 714 266 400 640 655 462 179 547 613 584 684 96 685 335 632 642 347 184 543 415 439 186 323 703 568 44 471 224 589 207 448 603 67 165 588 374 504 426 285 767 639 422 612 407 657 365 559 468 67 218 703 543 221 412 409 145 686 348 501 561 502 315 245 617 26 467 709 547 304 208 603 730 364 237 169 429 409 472 142 96 63 562 467 648 215 431 549 290 386 681 326 377 72 109 184 484 404 570 244 178 241 511 516 485 627 556 659 413 539 248 233 463 303 170 390 613 406
544 1017 782 284 128 610 825 1199 929 1056 643 928 531 353 606 641 503 104 623 443 744 852 419 0 1107 528 989 863 854 587 542 954 225 906 135 656 69 443 485 474 322 286 643 683 412 673 918 171 440 504 783 366 729 685 372 658 171 273 314 859 417 673 770 798 394 1081 950 561 845 203 324 852 771 848 194 614 804 645 1120 879 538 539 840 54 1060 830 154 499 470 843 931 581 598 328 615 461 595 871 247 431 955 498 678 415 432 853 849 700 447 589 751 744 422 878 917 736 563 934 1078 913 436 113 572 615 923 935 965 553 765 378 645 630 775 805 623 615 509 476 753 1002 973 607 178 598 962 962 728 352 411 602 348 667 775 1042 648 398 337 468 740 869 176 47 803 349 393 773 511 785 316 855 1051 749 700 335 756 943 827 379 736 598 870 469 374 27 903 691 531 818 1098 675 882 559 573 424 513 379 732 787 863 254 214 614 1023 777 876 327 813 1047 991 733 576 174 722 221 861 476 818 463 859 1016 608 297 301 271 780 603 710 1064 794 387 889 464 847 617 848 955 458 282 789 657 562 597 392 952 751 838 745 576 886 557 974 678 351 342 827 296 632 718 761 277 1041 742 713 463 769 409 217 1006 407 52 1078 917 698 517 873 872 779 505 504 768 22 513 517 514 481 882 764 947 360 718 698 299 473 815 716 770 410 525 588 565 672 816 646 592 633 817 857 903 674 966 794 829 586 191 238 847 712 420 34 1010 732
566 239 633 1012 1038 575 524 164 270 186 587 230 802 767 942 500 627 1022 491 825 653 370 714 1107 0 616 172 297 254 738 682 516 939 353 998 896 1092 855 789 713 837 865 498 629 918 553 669 1027 696 673 696 891 426 785 974 537 1132 868 869 316 955 570 401 333 778 131 320 845 429 954 821 623 622 405 1123 903 339 693 16 342 706 941 590 1060 147 608 995 619 893 268 286 886 531 783 612 863 543 481 1047 707 358 787 896 700 761 533 455 567 741 550 853 820 718 465 472 432 695 836 226 745 778 1050 772 928 187 355 208 942 602 953 501 678 698 580 842 648 606 632 463 246 706 914 1203 847 760 145 389 946 809 711 927 855 340 201 874 871 822 663 428 246 937 1096 323 782 749 456 680 457 794 259 75 617 844 809 511 541 303 952 552 606 255 887 960 1113 622 691 585 640 212 479 226 856 839 687 857 1041 730 472 723 983 913 509 232 395 680 960 334 119 255 869 642 1188 747 1211 644 710 724 733 539 128 850 813 1099 974 359 575 617 161 542 757 322 844 474 508 266 226 709 879 590 827 802 657 769 648 748 333 709 664 535 646 225 588 775 783 742 1103 495 446 702 854 185 368 579 987 475 774 895 101 716 1148 124 208 599 597 446 721 370 821 604 734 1103 818 699 634 653 334 826 369 900 833 678 854 768 721 392 339 701 633 620 772 515 503 470 592 477 389 306 385 840 191 715 450 820 917 947 260 542 827 1084 102 757
110 492 326 396 499 94 323 739 405 534 417 410 247 275 685 118 36 467 234 227 300 324 279 528 616 0 541 342 369 505 403 452 433 378 452 685 497 497 205 106 370 376 305 223 318 419 468 418 88 343 640 279 364 340 367 137 520 368 410 335 574 436 244 286 162 566 423 578 321 438 345 389 579 507 509 388 395 233 631 351 426 640 363 475 543 361 393 220 311 379 405 356 86 208 409 519 74 360 431 97 429 211 700 228 149 595 330 465 129 66 721 693 107 577 404 209 156 559 657 497 170 506 244 681 450 408 446 393 293 346 313 206 635 323 621 448 212 177 227 477 531 395 594 607 545 475 305 525 198 209 315 662 277 612 385 480 362 261 384 370 351 531 294 180 307 456 87 471 221 396 575 555 395 200 481 447 396 548 492 382 363 547 552 541 436 275 216 363 670 336 401 316 581 210 552 435 338 267 445 367 384 111 498 251 435 524 405 587 466 719 397 578 341 597 406 360 407 126 364 508 616 239 484 358 263 349 517 545 297 314 502 503 333 264 390 434 334 395 312 635 266 151 154 491 366 442 335 135 390 92 549 190 292 186 425 488 273 191 626 347 520 294 224 401 248 159 312 516 258 560 564 411 491 82 354 451 384 513 123 654 530 253 394 296 268 355 713 421 483 684 272 243 175 403 267 314 212 312 385 238 147 307 251 355 220 290 335 555 374 522 382 516 299 343 453 364 456 448 512 530 642
466 329 647 932 907 526 547 210 312 298 424 258 760 639 773 438 543 897 366 765 657 387 579 989 172 541 0 298 183 573 525 579 804 395 871 726 983 698 735 645 699 729 354 614 857 389 717 930 609 524 524 820 274 778 908 498 1035 735 728 322 797 405 379 293 698 261 380 679 451 821 685 656 450 233 1029 880 188 673 176 367 548 775 620 945 263 634 891 491 843 162 331 857 455 676 451 704 472 518 962 621 422 737 725 574 690 362 481 399 670 480 681 648 632 294 523 399 652 878 126 788 710 921 738 759 104 410 260 908 610 887 355 653 526 598 673 484 480 514 450 328 764 890 1102 679 813 122 261 795 739 681 855 684 275 79 859 718 683 528 271 207 826 973 281 688 612 288 618 287 685 145 98 446 839 718 341 600 162 798 382 449 232 726 806 992 668 683 458 663 133 329 154 823 672 565 694 976 733 476 756 897 785 430 326 374 717 811 181 63 332 697 484 1088 748 1115 679 561 746 665 574 206 681 704 1021 890 322 422 447 279 556 619 151 686 501 373 152 275 564 742 605 656 767 619 687 705 755 170 714 620 578 593 56 567 644 684 767 1024 359 408 530 724 289 255 569 936 472 699 785 129 585 1034 253 207 430 502 481 757 217 659 498 562 982 773 544 492 516 360 654 430 750 661 671 762 709 743 282 230 579 487 462 736 477 521 343 438 359 390 305 214 829 23 732 278 791 802 809 186 374 674 963 93 586
327 157 351 730 816 285 249 447 70 192 494 70 506 555 851 224 362 791 313 535 365 89 520 863 297 342 298 0 137 640 554 295 731 112 772 824 838 710 496 429 641 661 362 333 627 471 422 760 429 519 681 606 338 493 685 243 862 660 679 25 806 492 106 74 501 224 125 742 154 742 620 358 604 420 850 606 285 397 313 75 581 829 322 812 201 337 734 423 598 186 81 590 266 536 508 725 271 222 769 439 159 493 831 488 478 557 184 506 458 278 816 783 450 504 235 139 400 581 423 491 492 826 475 841 196 139 104 645 316 664 369 381 680 301 761 552 409 416 167 143 473 618 936 757 518 185 255 778 524 414 642 788 118 376 580 712 628 475 354 96 687 861 76 520 556 423 394 433 548 200 281 588 553 542 476 312 251 792 510 490 68 753 799 874 372 398 392 366 425 365 154 559 740 472 737 750 442 182 459 706 693 250 162 99 420 786 289 314 134 825 523 920 458 938 381 553 449 448 277 174 763 567 815 695 84 449 568 203 259 564 361 706 204 348 200 92 541 678 308 758 505 361 495 414 463 321 422 369 283 356 337 291 567 524 469 820 341 156 678 642 178 215 284 692 181 494 647 210 513 899 223 96 542 349 187 459 303 696 370 711 863 523 561 469 470 69 796 161 731 786 385 586 478 446 220 197 483 475 501 475 222 223 302 465 289 95 9 440 546 291 436 457 523 674 745 138 484 670 845 239 720
312 244 471 765 787 344 377 370 182 247 388 136 579 517 752 260 377 770 245 588 478 223 469 854 254 369 183 137 0 540 465 432 692 248 746 717 838 632 556 471 593 618 270 432 681 360 555 775 445 442 557 648 223 596 734 315 880 621 627 160 732 380 198 111 530 248 251 646 286 706 575 488 478 285 871 697 155 490 268 212 491 738 451 806 233 464 741 372 663 50 200 675 283 529 406 644 297 356 798 456 290 557 722 449 517 424 316 389 497 305 699 665 468 368 372 217 470 710 308 622 536 799 556 740 82 272 163 726 433 713 275 470 556 425 657 449 358 381 270 235 608 707 950 656 652 109 154 714 566 498 684 679 94 261 676 642 578 419 234 44 683 844 99 530 505 295 441 304 540 63 206 465 657 558 351 449 117 723 388 394 72 670 731 860 506 501 338 491 316 262 31 640 642 436 648 802 553 301 586 734 663 259 245 194 550 725 157 220 232 710 429 935 567 959 511 479 572 491 409 175 661 559 854 725 139 356 449 243 382 512 224 625 336 269 63 167 473 634 430 649 585 437 521 549 576 185 535 439 417 413 210 384 526 530 593 857 258 225 555 605 233 123 387 757 294 528 641 153 468 894 243 89 425 344 322 587 178 608 350 589 850 593 477 398 410 206 677 294 667 671 490 602 532 569 143 94 450 400 406 554 294 350 227 373 228 218 142 303 647 170 556 323 609 663 702 6 365 598 831 161 601
407 781 819 700 465 582 781 760 706 787 154 671 724 306 212 524 473 483 337 663 799 692 252 587 738 505 573 640 540 0 103 891 361 741 452 187 618 157 668 571 276 309 278 723 721 186 953 628 485 163 196 656 320 843 735 604 712 326 273 654 243 169 612 569 552 781 765 107 731 384 283 872 194 353 722 867 403 738 745 702 81 202 840 567 770 843 576 285 748 499 720 831 486 426 134 151 504 795 702 491 794 680 198 302 579 293 754 176 571 506 218 193 496 341 831 595 657 1062 609 994 605 481 736 201 565 772 702 849 781 723 271 712 189 801 122 91 294 330 653 770 1016 870 754 117 1039 617 390 269 613 712 676 158 523 589 875 198 263 248 313 579 497 550 565 485 247 286 578 290 423 499 665 176 894 515 239 896 443 258 201 151 600 165 266 576 913 780 296 854 633 279 551 791 102 315 124 791 843 702 943 650 384 476 783 615 927 292 407 636 765 214 120 744 846 787 893 156 909 582 823 708 123 429 777 655 574 192 146 781 764 247 428 138 767 298 493 703 186 308 795 129 751 657 537 967 871 405 839 640 845 597 532 682 293 469 928 776 302 582 174 332 773 427 711 813 684 567 472 657 278 639 775 629 150 424 773 949 374 99 383 186 570 722 113 210 239 699 214 793 238 180 776 538 636 905 421 450 322 195 140 729 599 757 342 177 363 665 639 398 871 551 884 315 786 462 350 535 199 168 553 639 156
304 700 717 619 430 479 682 724 621 712 109 590 624 223 301 424 370 438 243 566 696 599 161 542 682 403 525 554 465 103 0 794 321 650 407 287 562 173 569 470 220 255 195 620 629 144 852 559 385 62 267 565 256 741 648 503 649 270 232 565 273 137 517 481 456 711 676 191 635 343 220 771 235 328 656 768 343 636 691 611 28 276 739 514 697 742 507 182 652 428 634 732 384 337 79 181 402 698 626 392 704 581 300 206 481 311 657 161 472 404 319 293 397 341 734 498 555 959 581 892 507 445 635 293 501 682 623 752 679 633 189 609 260 700 222 74 191 227 554 688 915 771 698 212 937 552 311 272 517 610 587 261 436 554 774 195 205 148 255 501 428 511 477 392 165 253 476 262 336 431 611 211 792 423 222 798 380 273 196 76 519 206 281 535 812 677 193 752 603 205 480 692 190 217 184 706 741 603 841 571 329 376 703 520 825 291 349 588 682 317 41 687 744 728 791 69 806 482 724 637 220 344 701 574 483 109 170 708 664 168 390 162 669 206 425 623 96 260 693 232 651 554 441 867 768 356 736 538 746 494 491 579 214 377 825 700 213 485 248 270 697 346 609 721 585 470 398 594 186 593 705 552 157 321 676 846 312 144 280 269 527 623 25 107 137 609 313 702 230 282 673 450 536 802 335 372 226 92 63 628 498 658 252 92 269 571 552 380 770 502 781 299 686 394 317 459 177 152 509 581 248
