NAME : A-n32-k5_SARP
COMMENT : Curated from VRPLIB to SARP
TYPE : SARP
DIMENSION : 31
EDGE_WEIGHT_TYPE : EXPLICIT
EDGE_WEIGHT_FORMAT : FULL_MATRIX
EDGE_WEIGHT_SECTION
0 36 82 101 26 78 37 52 51 29 26 79 21 16 84 75 85 78 27 74 76 77 62 55 76 86 88 25 35 98 64
36 0 56 94 25 84 64 64 76 63 57 48 48 48 68 100 83 88 36 100 85 68 38 21 41 78 72 33 67 94 92
82 56 0 55 56 69 87 67 92 98 88 17 80 84 23 110 55 77 60 111 75 38 20 37 33 43 26 60 97 59 110
101 94 55 0 79 37 84 57 80 102 93 72 87 94 32 86 19 45 74 88 44 26 62 83 87 17 29 76 97 9 93
26 25 56 79 0 62 40 39 52 44 36 56 27 29 59 75 64 64 11 75 62 53 37 34 56 62 63 8 46 76 69
78 84 69 37 62 0 52 26 45 71 62 83 60 67 50 49 20 9 53 51 7 33 65 81 94 32 50 56 64 29 56
37 64 87 84 40 52 0 28 14 19 13 92 16 21 79 38 66 48 30 37 47 65 71 74 95 72 82 33 13 78 29
52 64 67 57 39 26 28 0 26 46 37 76 33 40 54 43 38 26 29 44 24 39 55 66 83 44 57 32 40 51 43
51 76 92 80 52 45 14 26 0 30 26 99 30 35 81 24 62 39 41 24 39 65 78 84 104 70 83 44 22 73 18
29 63 98 102 44 71 19 46 30 0 10 100 18 15 94 50 84 67 38 49 66 81 80 78 100 89 97 38 8 96 38
26 57 88 93 36 62 13 37 26 10 0 90 9 9 83 49 74 60 28 48 58 72 71 70 91 79 87 29 11 87 38
79 48 17 72 56 83 92 76 99 100 90 0 82 85 40 119 70 90 62 120 87 52 21 27 16 59 43 61 100 76 117
21 48 80 87 27 60 16 33 30 18 9 82 0 7 76 54 70 58 19 54 56 65 62 61 82 73 80 20 19 82 45
16 48 84 94 29 67 21 40 35 15 9 85 7 0 82 58 77 65 24 58 63 72 66 63 85 80 86 24 19 89 48
84 68 23 32 59 50 79 54 81 94 83 40 76 82 0 95 32 58 59 96 56 17 32 53 55 20 4 59 91 36 97
75 100 110 86 75 49 38 43 24 50 49 119 54 58 95 0 69 41 64 2 42 78 98 107 125 80 96 67 42 78 14
85 83 55 19 64 20 66 38 62 84 74 70 70 77 32 69 0 29 58 71 27 17 55 74 83 13 32 60 79 13 75
78 88 77 45 64 9 48 26 39 67 60 90 58 65 58 41 29 0 55 43 3 41 72 87 101 41 59 58 60 37 49
27 36 60 74 11 53 30 29 41 38 28 62 19 24 59 64 58 55 0 64 52 50 42 44 64 59 62 3 38 71 58
74 100 111 88 75 51 37 44 24 49 48 120 54 58 96 2 71 43 64 0 44 79 99 107 126 82 98 67 41 80 12
76 85 75 44 62 7 47 24 39 66 58 87 56 63 56 42 27 3 52 44 0 38 68 83 98 38 56 55 59 36 49
77 68 38 26 53 33 65 39 65 81 72 52 65 72 17 78 17 41 50 79 38 0 38 58 66 9 18 52 78 26 81
62 38 20 62 37 65 71 55 78 80 71 21 62 66 32 98 55 72 42 99 68 38 0 21 29 46 36 42 80 63 96
55 21 37 83 34 81 74 66 84 78 70 27 61 63 53 107 74 87 44 107 83 58 21 0 22 67 57 42 81 84 102
76 41 33 87 56 94 95 83 104 100 91 16 82 85 55 125 83 101 64 126 98 66 29 22 0 73 58 63 102 90 122
86 78 43 17 62 32 72 44 70 89 79 59 73 80 20 80 13 41 59 82 38 9 46 67 73 0 19 60 84 17 85
88 72 26 29 63 50 82 57 83 97 87 43 80 86 4 96 32 59 62 98 56 18 36 57 58 19 0 63 94 34 99
25 33 60 76 8 56 33 32 44 38 29 61 20 24 59 67 60 58 3 67 55 52 42 42 63 60 63 0 39 73 61
35 67 97 97 46 64 13 40 22 8 11 100 19 19 91 42 79 60 38 41 59 78 80 81 102 84 94 39 0 91 30
98 94 59 9 76 29 78 51 73 96 87 76 82 89 36 78 13 37 71 80 36 26 63 84 90 17 34 73 91 0 85
64 92 110 93 69 56 29 43 18 38 38 117 45 48 97 14 75 49 58 12 49 81 96 102 122 85 99 61 30 85 0
END_EDGE_WEIGHT_SECTION

NODE_COORD_SECTION
1 82.0 76.0
2 50.0 93.0
3 1.0 65.0
4 5.0 10.0
5 57.0 69.0
6 42.0 9.0
7 84.0 39.0
8 58.0 30.0
9 84.0 25.0
10 98.0 52.0
11 88.0 51.0
12 3.0 82.0
13 80.0 55.0
14 85.0 60.0
15 5.0 42.0
16 91.0 2.0
17 23.0 15.0
18 50.0 5.0
19 61.0 59.0
20 93.0 3.0
21 49.0 8.0
22 19.0 32.0
23 20.0 70.0
24 29.0 89.0
25 9.0 97.0
26 14.0 24.0
27 2.0 39.0
28 61.0 62.0
29 96.0 44.0
30 13.0 7.0
31 98.0 14.0
END_NODE_COORD_SECTION

NODE_TYPE_SECTION
1 1 0
2 2 1
3 3 1
4 4 1
5 5 1
6 6 1
7 7 1
8 8 1
9 9 1
10 10 2
11 11 2
12 12 2
13 13 2
14 14 2
15 15 2
16 16 2
17 17 3
18 18 3
19 19 3
20 20 3
21 21 3
22 22 3
23 23 3
24 24 3
25 25 4
26 26 4
27 27 4
28 28 4
29 29 4
30 30 4
31 31 4
END_NODE_TYPE_SECTION

PAIR_SECTION
1 2 P 17
2 3 P 18
3 4 P 19
4 5 P 20
5 6 P 21
6 7 P 22
7 8 P 23
8 9 P 24
9 10 L 25
10 11 L 26
11 12 L 27
12 13 L 28
13 14 L 29
14 15 L 30
15 16 L 31
END_PAIR_SECTION

VEHICLE_CAPACITY_SECTION
1 1 48
2 2 40
3 3 45
4 4 53
5 5 50
END_VEHICLE_CAPACITY_SECTION

PARCEL_QUANTITY_SECTION
1 10 21
2 11 18
3 12 8
4 13 2
5 14 14
6 15 4
7 16 19
END_PARCEL_QUANTITY_SECTION

DEPOT_SECTION
1
END_DEPOT_SECTION

EOF