NAME : B-n31-k5_SARP
COMMENT : Curated from VRPLIB to SARP
TYPE : SARP
DIMENSION : 31
EDGE_WEIGHT_TYPE : EXPLICIT
EDGE_WEIGHT_FORMAT : FULL_MATRIX
EDGE_WEIGHT_SECTION
0 92 70 69 94 50 50 54 53 49 43 93 49 50 50 53 49 92 71 70 57 43 47 45 44 48 53 69 70 44 38
92 0 72 72 2 77 78 83 80 75 98 2 71 78 81 80 72 4 69 76 85 98 81 98 97 76 81 74 78 84 93
70 72 0 1 72 21 22 21 20 22 43 71 21 22 24 20 22 69 3 5 21 42 26 41 41 23 21 3 7 30 42
69 72 1 0 72 20 21 20 19 20 42 71 20 21 22 19 20 69 4 4 19 41 25 40 40 22 20 2 6 29 41
94 2 72 72 0 78 79 83 80 76 99 1 72 79 82 80 73 3 69 77 86 99 82 99 98 77 82 74 79 85 95
50 77 21 20 78 0 1 6 4 2 24 77 6 1 4 4 5 75 23 20 10 23 5 22 22 2 5 19 20 9 21
50 78 22 21 79 1 0 6 3 3 23 78 7 0 3 3 6 76 24 20 9 22 4 22 21 3 4 20 20 8 21
54 83 21 20 83 6 6 0 3 9 22 82 13 6 4 3 12 80 23 18 4 21 7 20 20 8 1 18 18 10 21
53 80 20 19 80 4 3 3 0 6 24 79 9 3 4 0 9 77 22 17 6 23 6 22 22 6 2 17 18 10 22
49 75 22 20 76 2 3 9 6 0 25 75 4 3 6 6 3 73 23 20 12 25 6 24 23 1 7 20 21 10 22
43 98 43 42 99 24 23 22 24 25 0 98 28 23 20 24 28 96 45 40 23 1 19 3 2 24 22 40 39 15 6
93 2 71 71 1 77 78 82 79 75 98 0 71 78 81 79 72 2 68 76 85 98 81 98 97 76 81 73 78 84 94
49 71 21 20 72 6 7 13 9 4 28 71 0 7 10 9 1 69 22 21 16 28 10 28 27 5 11 20 22 14 25
50 78 22 21 79 1 0 6 3 3 23 78 7 0 3 3 6 76 24 20 9 22 4 22 21 3 4 20 20 8 21
50 81 24 22 82 4 3 4 4 6 20 81 10 3 0 4 9 79 25 21 8 20 3 19 18 5 3 21 21 7 18
53 80 20 19 80 4 3 3 0 6 24 79 9 3 4 0 9 77 22 17 6 23 6 22 22 6 2 17 18 10 22
49 72 22 20 73 5 6 12 9 3 28 72 1 6 9 9 0 70 22 21 15 27 9 27 26 4 10 20 22 13 24
92 4 69 69 3 75 76 80 77 73 96 2 69 76 79 77 70 0 66 73 83 96 79 96 95 74 79 71 76 82 92
71 69 3 4 69 23 24 23 22 23 45 68 22 24 25 22 22 66 0 8 23 45 28 43 43 24 23 6 10 32 44
70 76 5 4 77 20 20 18 17 20 40 76 21 20 21 17 21 73 8 0 17 39 24 37 38 21 18 2 2 28 39
57 85 21 19 86 10 9 4 6 12 23 85 16 9 8 6 15 83 23 17 0 22 10 21 21 12 5 18 16 13 23
43 98 42 41 99 23 22 21 23 25 1 98 28 22 20 23 27 96 45 39 22 0 18 2 1 23 21 40 38 15 6
47 81 26 25 82 5 4 7 6 6 19 81 10 4 3 6 9 79 28 24 10 18 0 18 17 5 6 24 24 4 16
45 98 41 40 99 22 22 20 22 24 3 98 28 22 19 22 27 96 43 37 21 2 18 0 1 23 20 38 37 14 8
44 97 41 40 98 22 21 20 22 23 2 97 27 21 18 22 26 95 43 38 21 1 17 1 0 22 20 38 37 13 6
48 76 23 22 77 2 3 8 6 1 24 76 5 3 5 6 4 74 24 21 12 23 5 23 22 0 7 21 22 9 21
53 81 21 20 82 5 4 1 2 7 22 81 11 4 3 2 10 79 23 18 5 21 6 20 20 7 0 19 18 9 21
69 74 3 2 74 19 20 18 17 20 40 73 20 20 21 17 20 71 6 2 18 40 24 38 38 21 19 0 4 28 39
70 78 7 6 79 20 20 18 18 21 39 78 22 20 21 18 22 76 10 2 16 38 24 37 37 22 18 4 0 28 39
44 84 30 29 85 9 8 10 10 10 15 84 14 8 7 10 13 82 32 28 13 15 4 14 13 9 9 28 28 0 12
38 93 42 41 95 21 21 21 22 22 6 94 25 21 18 22 24 92 44 39 23 6 16 8 6 21 21 39 39 12 0
END_EDGE_WEIGHT_SECTION

NODE_COORD_SECTION
1 17.0 76.0
2 98.0 32.0
3 31.0 7.0
4 30.0 8.0
5 99.0 30.0
6 21.0 26.0
7 20.0 26.0
8 16.0 22.0
9 19.0 23.0
10 23.0 27.0
11 0.0 37.0
12 98.0 30.0
13 27.0 28.0
14 20.0 26.0
15 17.0 26.0
16 19.0 23.0
17 26.0 28.0
18 96.0 29.0
19 34.0 7.0
20 26.0 7.0
21 14.0 19.0
22 0.0 36.0
23 17.0 29.0
24 0.0 34.0
25 1.0 35.0
26 22.0 28.0
27 17.0 23.0
28 28.0 8.0
29 24.0 6.0
30 14.0 32.0
31 5.0 40.0
END_NODE_COORD_SECTION

NODE_TYPE_SECTION
1 1 0
2 2 1
3 3 1
4 4 1
5 5 1
6 6 1
7 7 1
8 8 1
9 9 1
10 10 2
11 11 2
12 12 2
13 13 2
14 14 2
15 15 2
16 16 2
17 17 3
18 18 3
19 19 3
20 20 3
21 21 3
22 22 3
23 23 3
24 24 3
25 25 4
26 26 4
27 27 4
28 28 4
29 29 4
30 30 4
31 31 4
END_NODE_TYPE_SECTION

PAIR_SECTION
1 2 P 17
2 3 P 18
3 4 P 19
4 5 P 20
5 6 P 21
6 7 P 22
7 8 P 23
8 9 P 24
9 10 L 25
10 11 L 26
11 12 L 27
12 13 L 28
13 14 L 29
14 15 L 30
15 16 L 31
END_PAIR_SECTION

VEHICLE_CAPACITY_SECTION
1 1 59
2 2 49
3 3 41
4 4 46
5 5 54
END_VEHICLE_CAPACITY_SECTION

PARCEL_QUANTITY_SECTION
1 10 16
2 11 16
3 12 8
4 13 22
5 14 19
6 15 18
7 16 15
END_PARCEL_QUANTITY_SECTION

DEPOT_SECTION
1
END_DEPOT_SECTION

EOF