NAME : P-n16-k8_SARP
COMMENT : Curated from VRPLIB to SARP
TYPE : SARP
DIMENSION : 15
EDGE_WEIGHT_TYPE : EXPLICIT
EDGE_WEIGHT_FORMAT : FULL_MATRIX
EDGE_WEIGHT_SECTION
0 32 29 32 22 31 30 12 33 21 22 23 14 21 28
32 0 7 17 10 16 31 20 24 25 37 13 27 15 44
29 7 0 10 9 21 24 17 17 18 30 16 21 9 37
32 17 10 0 18 31 17 23 8 15 26 25 21 12 32
22 10 9 18 0 15 28 10 23 19 30 8 19 9 37
31 16 21 31 15 0 43 21 37 34 44 8 33 24 51
30 31 24 17 28 43 0 26 9 10 13 35 16 19 16
12 20 17 23 10 21 26 0 25 16 24 13 12 11 31
33 24 17 8 23 37 9 25 0 12 21 31 19 15 25
21 25 18 15 19 34 10 16 12 0 12 26 7 11 19
22 37 30 26 30 44 13 24 21 12 0 36 12 22 7
23 13 16 25 8 8 35 13 31 26 36 0 24 16 43
14 27 21 21 19 33 16 12 19 7 12 24 0 12 19
21 15 9 12 9 24 19 11 15 11 22 16 12 0 29
28 44 37 32 37 51 16 31 25 19 7 43 19 29 0
EOF_EDGE_WEIGHT_SECTION

NODE_COORD_SECTION
1 30.0 40.0
2 62.0 42.0
3 58.0 48.0
4 57.0 58.0
5 52.0 41.0
6 58.0 27.0
7 43.0 67.0
8 42.0 41.0
9 52.0 64.0
10 42.0 57.0
11 31.0 62.0
12 52.0 33.0
13 37.0 52.0
14 49.0 49.0
15 27.0 68.0
EOF_NODE_COORD_SECTION

NODE_TYPE_SECTION
1 1 0
2 2 1
3 3 1
4 4 1
5 5 1
6 6 2
7 7 2
8 8 2
9 9 3
10 10 3
11 11 3
12 12 3
13 13 4
14 14 4
15 15 4
EOF_NODE_TYPE_SECTION

PAIR_SECTION
1 2 P 9
2 3 P 10
3 4 P 11
4 5 P 12
5 6 L 13
6 7 L 14
7 8 L 15
EOF_PAIR_SECTION

VEHICLE_CAPACITY_SECTION
1 1 13
2 2 13
3 3 13
4 4 14
5 5 14
EOF_VEHICLE_CAPACITY_SECTION

PARCEL_QUANTITY_SECTION
1 6 19
2 7 14
3 8 31
EOF_PARCEL_QUANTITY_SECTION

DEPOT_SECTION
1
EOF_DEPOT_SECTION

EOF