NAME : Hust_n5_m5_k2
COMMENT : Curated from Hust_n5_m5_k2.inp
TYPE : SARP
DIMENSION : 21
EDGE_WEIGHT_TYPE : EXPLICIT
EDGE_WEIGHT_FORMAT : FULL_MATRIX
CAPACITY : 20

EDGE_WEIGHT_SECTION
0 44 26 15 33 47 43 52 26 32 37 59 58 36 49 16 48 55 61 62 46
44 0 64 31 54 9 18 8 67 76 71 15 22 53 7 54 11 44 63 34 81
26 64 0 41 55 70 57 71 5 29 12 78 82 27 68 10 65 56 53 71 20
15 31 41 0 29 33 36 39 42 46 51 46 42 44 37 31 38 54 66 56 61
33 54 55 29 0 52 64 63 53 42 67 69 55 69 62 48 64 83 93 85 75
47 9 70 33 52 0 28 13 72 79 78 17 13 62 15 60 20 53 73 43 88
43 18 57 36 64 28 0 19 61 75 61 24 41 39 15 48 10 25 45 20 71
52 8 71 39 63 13 19 0 74 84 77 7 23 58 4 61 9 44 64 31 88
26 67 5 42 53 72 61 74 0 24 16 81 84 32 71 13 69 62 59 76 22
32 76 29 46 42 79 75 84 24 0 39 91 87 55 82 31 81 82 82 93 43
37 71 12 51 67 78 61 77 16 39 0 84 90 24 74 20 70 55 48 73 10
59 15 78 46 69 17 24 7 81 91 84 0 24 64 10 68 13 46 67 30 94
58 22 82 42 55 13 41 23 84 87 90 24 0 75 26 72 32 66 86 54 101
36 53 27 44 69 62 39 58 32 55 24 64 75 0 54 25 50 31 27 49 33
49 7 68 37 62 15 15 4 71 82 74 10 26 54 0 58 5 40 60 28 84
16 54 10 31 48 60 48 61 13 31 20 68 72 25 58 0 56 51 52 64 30
48 11 65 38 64 20 10 9 69 81 70 13 32 50 5 56 0 34 55 23 80
55 44 56 54 83 53 25 44 62 82 55 46 66 31 40 51 34 0 21 21 63
61 63 53 66 93 73 45 64 59 82 48 67 86 27 60 52 55 21 0 41 53
62 34 71 56 85 43 20 31 76 93 73 30 54 49 28 64 23 21 41 0 82
46 81 20 61 75 88 71 88 22 43 10 94 101 33 84 30 80 63 53 82 0
END_EDGE_WEIGHT_SECTION

NODE_COORD_SECTION
1 0.0 0.0
2 0.0 0.0
3 0.0 0.0
4 0.0 0.0
5 0.0 0.0
6 0.0 0.0
7 0.0 0.0
8 0.0 0.0
9 0.0 0.0
10 0.0 0.0
11 0.0 0.0
12 0.0 0.0
13 0.0 0.0
14 0.0 0.0
15 0.0 0.0
16 0.0 0.0
17 0.0 0.0
18 0.0 0.0
19 0.0 0.0
20 0.0 0.0
21 0.0 0.0
END_NODE_COORD_SECTION

NODE_TYPE_SECTION
1 1 0
2 2 1
3 3 1
4 4 1
5 5 1
6 6 1
7 7 2
8 8 2
9 9 2
10 10 2
11 11 2
12 12 3
13 13 3
14 14 3
15 15 3
16 16 3
17 17 4
18 18 4
19 19 4
20 20 4
21 21 4
END_NODE_TYPE_SECTION

PAIR_SECTION
1 2 P 12
2 3 P 13
3 4 P 14
4 5 P 15
5 6 P 16
6 7 L 17
7 8 L 18
8 9 L 19
9 10 L 20
10 11 L 21
END_PAIR_SECTION

VEHICLE_CAPACITY_SECTION
1 1 20
2 2 20
END_VEHICLE_CAPACITY_SECTION

PARCEL_QUANTITY_SECTION
1 7 6
2 8 6
3 9 4
4 10 7
5 11 10
END_PARCEL_QUANTITY_SECTION

DEPOT_SECTION
1
END_DEPOT_SECTION

EOF
