NAME : Golden_6_SARP
COMMENT : Curated from VRPLIB to SARP
TYPE : SARP
DIMENSION : 281
EDGE_WEIGHT_TYPE : EXPLICIT
EDGE_WEIGHT_FORMAT : FULL_MATRIX
EDGE_WEIGHT_SECTION
0 240 30 240 300 270 210 90 30 30 60 270 150 270 180 120 150 150 270 150 150 120 120 90 60 90 150 240 300 300 90 240 240 270 240 300 240 180 180 180 60 240 90 60 270 120 60 240 270 270 270 240 300 150 60 30 120 240 150 120 180 60 30 90 120 150 270 300 300 90 180 120 60 240 270 120 30 210 240 240 30 90 90 210 210 150 210 120 270 30 90 150 30 60 210 60 240 210 210 210 90 210 270 120 210 300 150 300 30 300 90 210 300 120 60 240 180 300 150 150 30 300 180 60 300 300 180 150 30 240 180 300 270 180 120 210 60 30 90 150 300 210 120 240 120 60 300 60 300 270 150 150 270 210 270 210 180 120 180 210 270 180 90 60 270 60 270 180 300 150 180 210 210 180 60 300 240 120 90 30 240 30 90 210 90 300 210 180 90 240 150 270 90 270 150 60 240 180 30 180 300 210 90 210 60 120 120 60 120 180 150 300 270 30 90 270 90 240 90 210 270 30 210 60 180 120 240 270 180 180 240 90 180 30 120 60 150 150 210 30 240 90 180 120 300 120 30 120 30 30 120 210 270 60 60 300 210 300 90 30 180 270 150 240 120 30 300 150 120 60 30 30 240 60 60 90 150 150 180 30 90
240 0 213 107 384 497 381 291 213 211 299 507 253 399 76 142 221 390 30 310 334 358 311 164 299 304 381 468 540 527 328 339 375 481 432 537 54 357 357 420 182 255 164 247 319 268 197 406 460 117 460 468 340 354 281 217 311 159 188 190 190 188 235 323 243 388 171 487 424 179 229 358 295 208 171 352 248 241 477 339 270 256 179 282 381 388 151 360 481 217 291 188 210 221 151 289 432 406 439 447 328 319 223 291 439 187 100 458 267 85 330 450 134 352 197 54 150 292 334 123 269 487 410 188 510 134 266 154 242 299 150 424 64 76 190 319 234 229 154 381 384 447 268 208 342 221 340 247 458 497 283 369 432 352 361 406 379 329 110 425 223 190 150 180 432 182 273 397 240 310 330 104 104 110 271 510 107 342 315 211 480 242 274 30 256 60 59 410 237 375 100 399 154 319 369 260 255 330 264 379 240 197 217 197 281 126 164 234 142 417 154 292 507 260 197 64 315 299 217 282 361 260 241 300 60 126 453 273 397 417 406 323 266 269 217 208 354 123 425 223 159 197 300 164 187 120 264 243 267 254 217 352 510 260 208 537 59 527 304 223 229 117 283 453 329 235 85 90 291 295 248 254 477 271 289 274 221 253 300 229 237
30 213 0 223 288 300 212 95 26 7 89 299 133 265 158 90 153 178 243 146 153 149 124 60 86 118 180 260 327 320 115 254 235 284 267 329 217 204 182 207 31 217 75 78 252 110 31 242 278 252 297 270 308 178 88 7 145 211 124 117 176 47 26 111 104 179 258 327 295 82 182 145 82 235 241 150 37 187 264 229 58 107 61 219 234 174 199 148 299 32 115 146 13 41 181 89 248 219 230 234 119 199 243 141 240 288 128 324 60 277 118 237 270 141 54 211 169 301 174 133 57 308 210 30 314 282 189 140 32 248 151 320 241 151 94 225 47 20 69 170 314 239 136 213 136 67 282 54 301 290 165 179 272 230 258 237 207 130 163 225 265 154 64 35 294 41 272 195 295 170 176 180 193 150 67 329 210 149 107 20 267 51 88 183 82 273 187 200 101 260 121 290 61 278 165 82 242 200 60 189 273 205 95 183 73 91 110 73 104 204 121 277 294 47 64 247 119 223 69 193 284 58 212 88 154 98 254 247 209 209 264 120 163 60 124 35 159 120 239 37 229 88 195 91 271 94 51 130 54 42 98 205 297 61 61 324 181 330 101 13 158 240 140 269 148 47 271 124 117 90 54 57 269 86 78 111 128 159 169 42 75
240 107 223 0 458 460 425 315 210 217 289 481 310 460 76 190 154 381 117 354 369 342 342 197 299 274 354 480 527 540 328 255 432 507 375 510 54 300 397 410 197 339 150 221 399 311 221 453 497 30 399 432 240 310 260 229 268 255 253 142 110 180 248 330 291 369 64 424 487 154 150 358 300 107 273 329 260 319 477 406 267 217 217 197 319 388 59 352 432 211 256 123 213 247 241 271 468 439 450 447 315 381 319 243 406 85 100 384 260 85 323 439 240 360 182 159 76 187 283 90 269 527 379 208 537 60 190 100 254 208 229 340 171 150 243 241 260 242 154 390 292 425 217 299 358 197 424 271 510 510 221 334 481 282 432 352 330 352 60 447 117 266 164 188 361 182 171 417 134 253 379 197 30 190 289 458 208 311 328 211 468 229 304 104 291 134 59 420 197 299 154 319 179 223 388 234 159 266 254 410 340 104 179 282 295 164 126 208 120 417 221 384 507 267 237 64 291 375 256 352 273 248 151 295 110 126 477 361 357 397 339 304 330 264 164 234 381 188 381 213 54 164 229 217 292 142 269 190 270 264 268 406 497 281 188 537 151 487 323 235 300 223 334 406 291 223 187 123 329 281 235 242 453 247 299 237 283 188 357 217 274
300 384 288 458 0 483 143 222 314 295 319 446 157 70 383 270 440 335 404 157 177 347 199 273 293 375 389 292 424 319 293 540 85 249 510 469 424 469 158 350 293 134 349 360 70 180 267 134 190 483 538 458 596 428 349 282 411 240 205 401 455 330 271 273 185 364 514 566 67 363 469 297 279 510 249 368 271 143 340 60 301 390 254 507 498 304 461 323 514 320 383 428 301 247 236 341 187 189 282 326 332 90 190 418 434 541 364 585 314 469 313 366 319 270 341 340 436 585 440 389 295 198 411 279 260 508 477 411 270 537 235 596 356 314 219 510 242 273 332 271 600 403 420 187 244 355 67 240 134 304 450 411 130 507 30 482 455 219 411 236 538 195 313 306 556 319 556 235 566 447 131 282 434 275 247 541 292 386 254 308 384 330 213 366 210 424 403 275 388 537 304 566 293 566 237 359 527 477 320 195 198 482 383 189 256 297 386 359 368 314 237 134 356 277 236 446 363 85 222 106 570 324 498 306 350 347 240 130 436 383 527 349 131 308 411 256 205 271 461 324 487 375 480 244 260 323 282 418 288 273 199 106 404 242 349 374 326 508 236 277 158 304 150 487 401 329 374 335 185 330 329 327 424 355 267 388 177 447 120 327 213
270 497 300 460 483 0 342 285 290 299 212 60 382 422 426 390 309 150 526 337 309 155 295 360 226 193 120 223 130 249 207 273 399 287 117 70 481 171 324 133 329 481 334 250 487 340 329 361 337 487 120 30 356 150 218 299 191 507 410 319 356 311 290 225 357 128 457 130 446 320 324 191 237 399 537 150 278 453 171 432 243 245 358 303 168 179 408 170 60 284 207 337 297 319 477 212 319 303 215 168 183 408 526 217 60 483 398 190 240 538 193 122 570 217 301 507 384 404 179 382 247 356 90 330 304 514 289 361 284 319 447 249 537 447 382 260 311 294 345 212 304 80 243 497 243 277 514 301 404 234 245 128 382 215 457 122 133 270 407 260 422 439 353 325 178 319 382 251 446 212 356 480 433 450 277 70 510 155 245 294 117 258 303 468 320 556 453 211 265 223 418 234 358 337 245 237 361 211 241 289 556 377 285 468 263 388 340 263 357 171 418 538 178 265 353 510 183 460 345 433 287 243 342 218 439 371 273 510 103 103 171 180 407 241 295 325 278 420 80 278 432 303 251 388 566 382 258 270 252 272 371 377 120 289 289 190 477 30 265 297 426 540 361 64 170 265 566 410 319 210 252 247 64 226 250 225 398 278 384 272 334
210 381 212 425 143 342 0 120 234 219 205 303 132 80 352 242 360 198 408 72 60 217 90 228 179 262 258 151 282 189 169 439 59 122 381 326 406 352 30 209 231 197 286 265 168 114 205 30 80 453 408 319 507 306 242 205 300 282 198 328 388 260 187 150 138 229 468 434 106 294 390 165 167 447 303 242 181 182 197 104 199 294 209 417 378 165 409 191 377 237 275 358 225 179 262 231 59 47 139 182 209 93 260 313 297 498 325 461 212 461 189 223 366 138 265 352 380 510 325 340 193 106 277 218 143 482 388 351 183 447 244 482 377 305 191 409 167 193 275 132 498 262 322 241 114 270 189 158 90 168 351 284 60 396 122 356 331 97 368 93 477 209 262 242 433 252 480 92 507 340 53 297 396 277 150 403 319 264 135 230 241 237 124 356 135 434 378 132 298 425 284 453 246 477 99 260 450 368 219 53 282 417 300 223 152 264 322 269 313 171 229 236 215 181 189 433 246 151 169 139 468 225 420 192 331 300 104 215 305 244 406 228 132 205 330 192 72 258 328 239 439 298 380 217 326 283 183 328 187 180 165 47 260 152 269 236 328 366 124 199 171 342 99 352 283 239 403 306 97 218 234 230 282 252 158 286 165 358 92 240 150
90 291 95 315 222 285 120 0 115 101 96 265 97 183 246 150 240 137 320 65 60 133 30 127 70 152 175 179 273 236 78 323 154 193 291 293 304 246 90 163 119 197 170 146 207 55 96 150 183 345 320 256 388 206 128 88 190 237 137 209 268 142 69 59 75 157 353 349 213 175 270 95 57 328 265 150 61 169 197 164 82 175 112 298 275 117 294 115 303 118 162 239 107 70 209 119 154 124 150 169 112 135 245 198 228 383 218 363 95 363 96 189 313 75 146 274 264 390 218 227 75 213 201 108 222 375 268 234 64 328 182 375 303 218 115 294 57 75 162 97 383 209 205 217 55 150 236 44 210 207 234 191 180 286 193 262 234 38 257 135 358 163 152 128 334 136 360 106 388 227 94 228 286 201 30 332 256 165 40 111 217 118 20 262 40 349 275 123 179 315 191 345 141 358 79 142 330 257 101 94 273 298 180 189 34 165 205 149 198 142 157 254 225 61 96 334 141 179 78 150 353 107 300 84 234 190 164 225 218 182 304 127 123 88 210 84 65 175 246 119 323 179 264 133 293 179 64 209 69 60 95 124 245 34 149 254 246 313 20 82 142 285 79 274 179 119 332 206 38 108 115 111 237 136 44 170 117 239 106 120 59
30 213 26 210 314 290 234 115 0 20 86 294 159 290 151 104 128 178 243 170 174 145 145 75 89 101 170 270 327 330 119 229 260 299 248 324 211 182 204 207 41 242 60 54 278 136 54 264 297 240 278 260 282 159 73 32 124 229 146 94 154 30 47 120 130 174 241 308 320 61 158 149 90 213 258 141 54 212 269 254 58 82 82 193 212 179 181 148 284 7 95 124 13 67 199 78 267 237 240 239 115 225 265 117 230 271 121 301 54 271 118 237 282 150 31 217 151 277 153 120 60 327 200 47 329 270 163 121 51 223 169 295 247 158 117 199 73 42 61 180 288 234 110 235 149 41 308 78 324 300 140 165 294 205 284 219 189 148 150 239 243 176 64 35 272 31 247 209 273 146 200 193 180 163 86 314 223 136 119 7 267 32 111 183 107 273 181 210 75 235 128 265 69 252 179 61 217 176 51 207 295 183 69 205 88 98 91 47 90 209 140 301 299 58 88 241 107 248 95 219 258 47 187 88 154 91 269 272 195 204 242 111 189 57 98 61 178 133 225 13 211 64 169 110 288 94 60 104 60 57 124 230 297 82 35 329 187 320 118 37 182 252 165 254 130 26 277 124 141 82 37 42 264 67 89 88 153 133 195 20 101
30 211 7 217 295 299 219 101 20 0 90 300 140 272 154 91 146 179 241 153 159 150 130 61 88 115 179 264 329 324 118 248 242 290 264 330 213 200 189 209 30 223 69 73 258 117 35 248 284 247 294 269 301 174 86 13 141 213 128 110 169 41 32 115 110 180 252 324 301 75 176 148 86 229 243 149 42 193 267 235 60 101 64 212 230 178 193 149 297 26 111 140 7 47 183 88 254 225 234 237 120 205 247 136 239 282 124 320 60 273 119 239 271 145 47 210 163 295 170 128 58 314 209 31 320 277 182 133 37 242 154 314 240 150 98 219 54 26 64 174 308 240 130 217 141 61 288 61 308 294 159 178 278 225 265 234 204 136 158 230 258 158 61 31 290 35 265 200 288 165 182 181 187 151 73 327 211 148 111 13 269 47 95 181 88 271 183 204 95 254 120 284 60 272 170 78 235 195 58 195 277 199 88 187 78 90 104 67 98 207 124 282 297 51 69 243 118 229 75 199 278 57 205 89 151 94 260 252 207 210 260 119 169 60 117 41 165 121 237 32 223 82 189 94 273 91 54 124 57 47 104 212 299 67 54 327 180 329 107 20 163 241 146 267 145 42 270 121 124 89 51 54 270 82 82 107 133 153 176 37 82
60 299 89 289 319 212 205 96 86 90 0 210 184 277 236 179 174 92 329 162 149 60 122 149 27 57 92 197 242 256 44 234 247 237 197 240 295 150 177 122 120 281 142 75 301 146 117 234 250 319 226 182 306 110 40 88 95 295 200 156 213 113 78 57 156 90 311 256 306 136 202 71 40 271 325 63 67 252 188 260 31 96 146 218 179 99 252 63 218 82 70 184 89 108 265 27 221 192 167 158 30 231 319 108 152 341 206 267 31 355 34 152 359 82 108 300 222 319 122 200 35 279 122 119 267 349 190 193 73 247 236 279 330 240 171 205 102 82 146 110 293 150 122 289 95 94 330 94 293 226 149 99 263 192 289 167 138 108 230 179 301 230 149 119 237 117 289 150 330 135 190 269 260 239 75 247 299 71 70 88 182 61 108 269 119 359 265 138 108 221 210 250 150 277 122 64 260 163 35 163 349 242 119 260 64 180 164 85 171 129 206 341 218 54 142 325 44 271 136 242 263 41 231 13 239 176 208 311 129 120 208 34 213 30 146 113 135 209 158 78 281 128 177 176 355 179 47 134 41 61 164 218 212 85 102 247 270 242 84 86 222 329 174 188 82 67 360 209 134 13 54 47 180 52 52 84 193 162 202 73 128
270 507 299 481 446 60 303 265 294 300 210 0 361 382 439 388 337 128 537 309 278 150 270 358 218 207 128 171 70 190 193 319 361 234 171 30 497 211 289 103 330 460 345 263 457 319 325 319 287 510 178 64 404 179 226 297 217 497 398 340 384 319 284 207 340 120 487 190 404 334 356 170 226 432 526 155 272 433 117 399 241 265 353 342 215 150 433 155 120 290 225 361 299 311 468 218 273 260 168 122 180 377 510 243 80 514 410 249 241 556 183 80 566 191 311 510 407 446 212 398 243 304 103 329 249 538 324 382 278 361 439 304 540 450 371 303 301 290 353 179 356 60 270 481 217 289 483 289 356 178 278 150 337 260 422 168 171 243 426 215 457 426 358 329 234 325 422 211 483 245 324 477 453 447 263 130 507 170 225 297 64 265 285 477 303 566 468 171 285 273 420 287 360 382 212 250 399 251 243 251 538 408 303 453 250 390 357 277 371 133 410 514 120 258 345 526 193 432 334 408 337 247 377 212 447 382 223 487 133 90 223 183 384 240 319 319 245 418 122 284 460 320 289 382 556 388 252 295 247 265 357 342 60 277 301 130 480 70 245 294 407 537 337 117 191 272 570 418 295 212 258 252 30 237 237 245 382 309 356 278 320
150 253 133 310 157 382 132 97 159 140 184 361 0 150 234 120 283 235 278 67 99 229 94 117 162 234 270 253 364 304 175 388 123 245 381 389 283 328 113 259 135 100 191 209 120 42 110 154 212 337 410 354 440 292 206 128 268 154 67 244 298 174 120 157 30 254 361 440 177 206 312 192 149 354 179 244 124 72 283 100 159 239 97 351 358 212 306 212 398 165 239 270 146 92 132 200 188 165 229 258 206 72 150 270 325 389 212 447 170 335 191 284 237 170 184 221 280 428 298 235 153 237 298 122 271 364 322 254 121 381 113 450 245 177 67 358 90 121 175 187 447 306 268 123 146 200 150 92 205 278 298 283 179 360 128 351 322 120 259 198 382 79 157 149 418 162 398 177 411 300 79 165 284 146 110 428 188 255 137 153 310 179 79 229 65 304 258 207 234 390 160 420 137 410 160 210 369 330 174 146 177 325 227 99 122 146 229 206 212 234 99 157 309 133 79 309 227 90 65 60 418 178 340 174 207 192 221 128 312 280 388 218 30 165 255 99 130 130 340 170 334 218 328 94 205 170 140 263 146 128 42 99 337 99 193 335 198 411 117 124 47 212 34 369 263 178 271 187 67 193 180 179 334 209 135 240 34 292 47 174 60
270 399 265 460 70 422 80 183 290 272 277 382 150 0 384 270 418 278 422 120 128 295 155 265 250 334 337 223 356 249 245 507 30 178 460 404 432 426 103 289 277 171 334 329 120 155 250 64 120 487 487 399 570 382 311 258 371 273 212 382 439 311 243 225 170 309 510 514 30 345 447 243 237 497 287 319 240 168 273 64 265 358 245 480 453 245 453 270 457 294 345 410 278 226 260 301 117 122 215 260 285 80 234 382 377 538 361 538 278 483 265 303 356 217 319 361 426 566 398 382 258 130 356 263 190 514 450 398 241 510 251 556 382 324 217 477 218 247 320 212 566 342 388 223 191 329 130 212 70 234 418 361 60 468 60 433 407 170 407 168 526 211 303 289 510 301 537 171 556 410 90 303 433 289 212 483 319 340 207 284 319 299 180 377 183 446 408 211 360 497 309 526 285 540 179 325 507 439 284 133 249 468 358 215 218 295 371 330 357 251 245 190 287 243 225 457 320 117 207 122 537 290 477 263 356 340 171 178 384 324 481 303 133 272 388 237 150 278 408 297 481 353 447 243 304 319 247 390 252 241 191 60 337 210 325 304 342 446 193 252 171 337 128 432 357 300 404 337 150 289 297 294 361 319 226 353 179 420 103 299 193
180 76 158 76 383 426 352 246 151 154 236 439 234 384 0 114 146 328 103 280 298 293 272 123 240 234 312 417 477 477 270 266 357 439 357 469 60 281 324 358 129 266 94 177 324 238 150 379 426 103 384 397 275 280 213 163 238 190 177 114 119 122 182 268 216 322 133 411 411 106 156 300 239 150 211 284 195 244 420 330 209 182 142 209 305 330 92 298 407 154 218 113 151 177 171 222 397 368 388 390 264 305 251 216 368 158 30 383 204 120 268 388 195 298 129 110 80 235 259 47 210 455 340 138 469 131 192 79 189 229 156 350 133 80 167 244 190 176 90 328 314 380 193 229 293 150 350 202 436 447 207 298 407 277 356 331 305 284 40 380 171 192 94 122 356 120 211 351 195 234 305 132 53 119 222 436 150 272 264 150 417 176 234 53 218 131 30 358 163 300 79 324 106 251 322 190 190 255 200 340 275 132 142 209 230 89 89 163 68 360 146 314 450 204 163 90 246 300 182 277 289 195 171 239 40 60 410 289 324 351 330 257 255 207 141 163 312 113 352 158 110 123 224 141 235 68 207 167 209 200 193 331 447 213 138 480 92 455 257 169 224 171 259 379 256 169 158 47 256 230 182 189 410 202 236 201 207 177 281 163 201
120 142 90 190 270 390 242 150 104 91 179 388 120 270 114 0 192 263 170 170 192 238 170 30 171 205 270 329 411 386 198 311 243 340 352 418 164 284 216 293 63 164 95 156 217 128 63 268 319 217 382 360 347 263 176 91 227 126 67 150 193 95 104 190 104 268 243 411 297 115 216 227 164 243 155 240 117 138 342 217 148 179 38 264 313 255 191 234 388 110 198 170 94 82 97 179 291 264 300 313 209 191 170 216 330 270 94 401 150 219 205 322 180 216 108 126 167 323 255 120 145 347 300 60 368 244 238 146 110 291 68 386 155 68 53 283 95 98 75 244 368 328 203 142 203 134 244 108 323 357 229 268 295 300 243 322 293 188 141 283 270 89 55 71 371 82 295 256 297 244 193 90 165 60 134 418 120 238 179 98 352 136 133 114 115 199 138 272 165 329 42 357 38 319 229 164 268 272 149 238 199 217 150 114 146 27 128 146 104 284 42 219 371 130 55 191 209 190 75 165 340 148 242 176 89 79 311 191 298 298 342 210 141 149 170 71 212 30 328 117 217 133 256 27 185 53 136 188 141 124 79 217 382 122 122 401 97 420 165 94 114 150 146 358 234 130 185 67 150 180 141 145 358 171 156 190 94 212 167 124 95
150 221 153 154 440 309 360 240 128 146 174 337 283 418 146 192 0 254 245 298 300 212 270 175 193 137 212 369 389 428 218 123 388 410 221 364 188 146 330 280 149 354 97 99 398 263 174 390 418 179 245 283 157 160 135 159 120 310 254 42 47 110 174 227 255 235 150 271 447 79 30 244 200 100 337 192 179 325 354 381 165 79 191 72 165 270 99 229 278 124 117 34 140 193 284 149 388 358 340 325 191 351 361 94 258 177 130 237 153 237 206 306 335 255 99 253 79 150 130 99 170 447 234 162 440 205 47 67 178 100 259 205 278 207 229 99 200 170 117 283 177 284 67 334 263 90 428 206 450 398 67 187 420 132 410 198 177 268 113 351 128 280 137 135 212 122 120 322 157 99 328 258 132 234 210 304 283 170 234 133 334 124 239 198 234 271 165 312 65 154 187 179 157 128 292 110 90 113 146 328 389 72 60 306 209 170 67 92 94 298 235 411 382 179 206 212 157 369 218 340 150 140 60 184 177 120 381 382 207 259 188 175 312 159 30 184 298 212 229 121 123 65 79 212 364 146 178 42 174 180 244 358 361 209 92 411 229 335 239 165 298 309 292 253 146 121 304 160 268 162 128 133 310 122 206 97 270 34 322 120 227
150 390 178 381 335 150 198 137 178 179 92 128 235 278 328 263 254 0 420 187 160 42 146 234 92 117 67 123 150 177 65 283 253 179 188 157 388 177 177 30 209 334 234 162 337 192 200 221 212 410 212 123 364 130 122 174 146 369 270 244 298 206 159 79 212 34 398 237 304 227 280 42 99 354 398 67 146 306 100 283 120 175 227 284 198 34 340 30 179 174 137 270 180 184 340 110 188 165 99 72 65 258 382 170 99 428 298 271 124 447 60 60 440 67 200 388 312 389 160 292 121 237 79 206 205 440 259 283 153 310 312 304 418 328 244 258 174 165 239 67 335 72 192 354 94 184 364 162 271 150 212 99 245 229 309 165 146 120 322 132 382 298 240 210 245 209 361 113 411 187 207 351 351 322 135 205 381 94 97 179 90 153 157 360 175 450 358 79 191 253 298 278 239 337 99 149 334 207 128 146 411 325 206 325 122 268 255 174 263 47 283 389 128 133 218 418 97 310 206 284 309 133 306 90 330 268 154 361 113 47 221 79 259 121 229 193 130 292 132 170 369 218 234 255 428 270 128 212 124 140 229 229 120 149 193 157 358 177 117 170 280 410 212 154 120 159 447 300 170 99 146 140 100 135 110 157 254 235 234 165 191
270 30 243 117 404 526 408 320 243 241 329 537 278 422 103 170 245 420 0 337 361 388 340 193 329 334 410 497 570 556 358 361 399 510 460 566 64 384 384 450 212 273 193 277 337 295 226 432 487 120 487 497 356 382 311 247 340 171 212 217 211 218 265 353 270 418 178 514 446 207 251 388 325 223 178 382 278 260 507 361 300 285 207 303 408 418 168 390 510 247 320 212 240 250 168 319 460 433 468 477 358 342 234 319 468 190 128 483 297 70 360 480 130 382 226 64 171 304 361 150 299 514 439 218 538 130 289 179 272 319 171 446 60 103 217 342 263 258 183 410 404 477 295 223 371 250 356 277 483 526 309 398 457 377 382 433 407 357 133 453 234 211 180 210 457 212 287 426 249 337 356 122 122 133 301 538 117 371 345 241 510 272 303 60 285 30 80 439 265 399 128 422 183 337 398 289 273 356 294 407 249 215 245 215 311 155 191 263 170 447 179 304 537 290 225 60 345 319 245 303 382 290 260 330 90 155 481 287 426 447 432 353 289 299 243 237 382 150 453 252 171 225 324 191 190 150 294 270 297 284 243 377 540 289 237 566 80 556 334 252 251 120 309 481 357 265 70 120 319 325 278 284 507 301 319 303 245 278 324 258 265
150 310 146 354 157 337 72 65 170 153 162 309 67 120 280 170 298 187 337 0 34 192 42 157 135 218 235 188 304 237 137 388 90 179 354 335 334 312 47 207 162 154 218 209 150 42 135 100 150 382 382 310 450 270 193 140 255 221 130 263 322 193 124 117 67 212 398 411 150 227 328 146 122 381 245 212 120 132 221 100 146 239 137 360 340 160 340 170 361 174 227 292 159 110 198 184 123 99 165 198 175 72 212 263 284 428 254 428 159 389 157 229 304 120 200 283 312 447 283 270 140 177 259 149 205 411 330 283 121 390 177 440 309 234 120 358 99 128 206 130 447 258 268 188 94 209 177 92 157 212 298 254 128 351 128 325 298 67 298 132 410 146 191 174 398 184 418 113 440 292 30 229 325 207 92 389 253 229 97 165 253 179 60 284 65 364 306 146 240 381 212 410 175 420 99 206 388 322 165 79 237 351 239 165 99 192 255 210 244 177 160 205 245 124 117 361 206 123 97 99 418 170 358 149 259 229 154 179 280 234 369 191 79 153 268 122 67 187 306 178 369 234 328 146 271 212 128 270 133 121 94 60 278 90 206 271 258 364 79 133 113 278 34 334 244 180 335 235 30 174 178 174 283 200 110 234 99 300 47 179 79
150 334 153 369 177 309 60 60 174 159 149 278 99 128 298 192 300 160 361 34 0 170 30 175 122 206 212 154 271 205 117 381 100 150 334 304 354 298 30 177 174 188 227 206 179 67 149 90 128 398 361 283 447 254 184 146 244 253 160 268 328 200 128 97 94 187 410 389 157 234 330 120 110 388 278 192 121 165 188 123 140 234 157 358 325 130 351 146 337 178 218 298 165 122 229 174 100 72 132 165 157 99 245 255 258 440 270 411 153 411 137 198 335 94 206 310 322 450 270 283 133 157 234 162 177 428 328 292 124 388 207 428 337 259 146 351 110 133 218 99 440 229 263 221 67 210 205 99 150 179 292 235 120 340 150 306 280 42 312 99 418 177 206 184 382 193 420 79 447 283 47 258 340 234 90 364 283 212 79 170 221 178 65 306 79 389 325 113 239 369 235 398 191 418 67 200 390 312 159 47 271 358 240 198 92 212 263 209 255 146 187 237 212 121 137 382 191 154 117 132 410 165 360 135 280 244 123 212 259 207 354 175 113 146 270 135 34 212 284 179 381 239 322 170 304 229 124 268 128 120 120 72 245 92 209 237 284 335 65 140 146 309 67 310 229 179 364 254 42 162 174 170 253 193 99 227 130 298 79 180 97
120 358 149 342 347 155 217 133 145 150 60 150 229 295 293 238 212 42 388 192 170 0 150 209 71 75 42 164 185 219 55 243 268 217 164 180 352 141 193 68 180 329 198 122 340 188 176 243 243 371 191 126 323 94 82 148 104 352 255 203 256 171 136 75 203 30 357 219 323 190 238 53 82 311 382 27 124 300 142 291 91 133 205 242 165 67 300 27 170 141 95 229 149 164 322 71 217 191 138 114 30 264 371 128 97 386 263 244 91 411 38 97 418 79 164 360 272 347 120 255 94 270 68 179 244 401 216 244 130 268 293 270 390 300 227 217 156 141 205 94 297 90 150 342 104 146 368 146 297 191 170 67 270 191 319 138 114 128 284 165 340 284 209 179 217 176 319 141 368 146 216 328 313 298 122 199 358 53 95 148 126 117 150 328 165 418 322 114 150 217 270 243 210 295 120 108 291 167 94 167 401 283 165 313 108 240 216 134 227 89 263 386 170 110 198 382 55 311 190 283 270 98 264 63 298 234 190 357 89 60 190 38 256 90 188 171 146 268 114 136 329 179 193 234 411 238 104 170 98 117 216 242 155 134 156 199 330 185 115 145 272 388 212 142 79 124 420 268 170 63 110 104 120 95 95 115 244 192 238 130 179
120 311 124 342 199 295 90 30 145 130 122 270 94 155 272 170 270 146 340 42 30 150 0 150 95 179 192 164 270 219 95 352 126 170 311 297 329 272 60 167 146 190 198 176 191 53 122 120 155 371 340 268 418 229 156 117 216 243 146 238 298 171 98 75 79 170 382 368 185 205 300 104 82 358 270 170 91 165 190 142 110 205 133 328 300 120 322 128 319 148 190 268 136 95 217 146 126 97 138 165 133 114 243 227 242 411 244 386 124 386 115 191 323 79 176 291 293 420 244 255 104 185 216 134 199 401 298 263 94 358 193 401 319 238 128 322 82 104 190 94 411 217 234 217 53 180 219 71 180 191 263 212 150 313 170 283 256 27 284 114 388 167 179 156 357 164 390 89 418 255 68 242 313 216 60 347 268 188 55 141 217 148 38 283 55 368 300 114 209 342 212 371 165 388 67 171 360 284 130 68 270 328 210 191 63 188 234 179 227 141 170 244 217 91 115 357 165 164 95 138 382 136 330 108 256 216 142 217 238 193 329 150 114 117 240 108 42 192 264 149 352 209 293 150 297 203 94 238 98 90 104 97 243 63 179 244 264 323 38 110 141 295 67 291 203 149 347 229 27 134 145 141 243 164 71 198 120 268 89 150 75
90 164 60 197 273 360 228 127 75 61 149 358 117 265 123 30 175 234 193 157 175 209 150 0 142 175 240 304 383 363 170 291 237 320 323 388 179 257 201 264 34 179 78 128 225 115 34 256 303 225 353 330 332 234 146 61 198 154 79 133 182 70 75 162 95 239 245 383 293 96 201 198 136 237 183 210 88 150 315 217 118 152 20 246 286 227 189 205 358 82 170 157 64 57 124 149 274 246 275 286 179 189 193 190 300 273 97 375 120 236 175 294 210 190 84 154 163 313 227 117 115 332 270 30 349 254 218 137 82 274 94 363 183 94 55 262 70 69 59 218 349 298 179 164 179 108 254 84 313 334 206 239 285 275 245 294 264 165 142 262 265 106 40 44 345 57 285 234 293 218 182 120 169 90 108 388 150 209 152 69 323 107 112 135 96 222 150 246 141 304 65 334 20 303 206 136 256 246 119 218 222 209 127 135 119 38 115 119 95 257 65 236 345 101 40 207 179 197 59 169 320 118 228 146 106 75 291 207 268 268 315 180 142 119 150 44 191 60 298 88 217 112 234 38 213 55 107 165 111 95 75 209 353 96 96 375 124 390 141 64 123 180 137 328 205 101 213 79 133 150 111 115 328 142 128 162 97 191 163 95 78
60 299 86 299 293 226 179 70 89 88 27 218 162 250 240 171 193 92 329 135 122 71 95 142 0 84 110 182 242 242 30 260 221 218 221 247 300 177 150 122 117 260 149 94 277 122 108 208 226 329 250 197 330 135 64 82 122 281 184 171 230 119 67 34 134 99 325 279 279 146 222 60 13 289 311 82 54 231 180 234 31 119 136 242 205 90 265 63 237 88 96 200 89 94 252 52 197 167 152 150 44 205 301 134 167 355 210 293 41 360 34 152 349 63 117 295 236 341 149 209 30 256 138 113 247 359 213 206 61 271 222 306 325 236 156 231 85 73 150 92 319 158 146 271 71 108 306 75 267 212 174 122 237 218 263 192 163 82 239 158 319 213 149 119 263 120 311 129 349 162 163 260 269 230 52 267 289 95 44 90 182 73 84 269 96 359 270 122 128 247 206 277 146 301 99 85 281 190 47 138 330 260 136 242 40 176 176 102 179 120 193 319 210 41 128 330 70 247 119 218 289 54 252 13 239 180 188 289 150 129 234 57 190 35 164 102 110 200 179 86 295 142 202 164 341 179 35 156 31 47 146 192 212 64 113 240 265 256 57 78 202 319 149 208 108 78 355 209 108 40 67 61 188 75 27 108 174 184 177 82 108
90 304 118 274 375 193 262 152 101 115 57 207 234 334 234 205 137 117 334 218 206 75 179 175 84 0 79 237 254 293 96 179 304 285 150 236 291 94 234 142 142 328 141 57 353 198 149 291 303 303 180 164 254 60 30 119 38 328 240 133 182 119 118 112 205 97 285 210 363 127 163 115 96 237 358 55 111 298 217 315 75 59 179 169 124 137 228 95 183 95 20 157 111 149 298 34 274 246 209 189 59 286 360 55 135 313 206 213 64 349 78 169 383 133 108 315 201 273 65 191 82 332 106 146 313 332 142 175 115 197 268 222 345 257 210 150 146 119 152 157 236 150 75 330 150 84 383 142 349 265 97 65 320 135 345 120 90 165 218 228 265 270 162 136 183 128 245 201 293 79 246 294 246 264 128 213 323 38 127 107 197 69 162 275 170 363 262 182 78 164 227 193 170 225 175 44 217 106 61 218 390 209 96 300 119 198 150 70 165 163 239 388 245 101 180 320 20 323 179 294 207 60 189 70 246 179 256 358 94 123 154 40 264 69 115 150 191 234 124 88 256 112 123 209 388 190 95 95 88 107 209 275 225 136 96 273 286 222 141 120 268 353 227 154 30 75 375 218 190 44 64 61 179 34 108 40 239 117 257 82 175
150 381 180 354 389 120 258 175 170 179 92 128 270 337 312 270 212 67 410 235 212 42 192 240 110 79 0 188 177 237 97 221 310 245 123 157 369 113 234 79 209 369 218 135 382 229 209 283 278 382 150 90 304 67 99 179 94 388 292 212 259 193 170 117 244 34 361 177 364 206 234 94 122 310 418 30 159 340 154 334 124 137 239 229 132 99 306 67 128 165 97 235 178 200 358 92 253 229 165 132 65 306 410 120 60 389 283 205 120 428 79 99 450 120 184 388 280 335 99 270 128 304 30 210 271 411 207 254 165 253 328 237 418 328 263 198 193 174 227 130 271 72 146 381 146 162 411 184 335 212 160 34 309 165 361 99 79 170 298 198 337 322 234 206 179 200 309 177 364 130 259 360 325 330 162 157 390 42 137 174 123 140 191 351 206 440 340 146 157 188 298 212 239 278 160 122 283 146 121 207 440 284 175 351 149 268 229 149 244 113 298 428 179 146 234 398 65 354 227 325 245 124 258 99 322 255 221 398 47 47 154 60 298 121 192 206 187 300 72 159 334 191 177 268 447 263 140 170 133 153 255 284 150 174 174 205 358 150 157 178 312 420 254 100 67 146 447 292 212 90 133 128 100 110 135 117 283 187 280 153 218
240 468 260 480 292 223 151 179 270 264 197 171 253 223 417 329 369 123 497 188 154 164 164 304 182 237 188 0 134 60 154 406 208 64 299 187 477 300 150 110 289 339 330 271 319 217 271 159 117 510 319 208 487 253 234 254 268 406 310 352 410 300 235 150 243 154 507 340 240 328 397 126 180 468 432 190 223 319 54 255 213 291 291 406 319 100 447 142 273 269 256 381 267 247 381 221 107 104 30 59 179 241 399 291 197 537 388 384 223 537 164 104 487 120 299 453 417 510 283 390 211 134 190 281 85 540 379 388 229 432 357 424 481 397 291 381 234 242 328 90 458 151 311 375 126 289 340 221 187 30 334 221 171 352 273 282 266 142 420 59 497 330 323 295 361 299 481 76 527 310 190 406 450 379 197 292 432 217 154 269 107 254 197 439 217 527 447 60 304 375 369 399 315 460 100 260 453 330 229 110 424 439 315 352 188 342 358 281 360 76 334 384 64 213 274 507 217 299 256 282 432 235 425 188 410 358 54 361 229 150 339 197 266 217 342 260 123 354 241 267 477 323 357 311 458 352 211 329 210 217 268 197 117 208 295 85 425 240 164 248 300 460 221 255 243 260 510 381 190 208 248 242 159 247 182 274 283 354 229 264 237
300 540 327 527 424 130 282 273 327 329 242 70 364 356 477 411 389 150 570 304 271 185 270 383 242 254 177 134 0 134 213 384 340 190 240 67 537 275 275 120 359 458 383 306 446 323 349 292 249 556 249 134 469 237 267 324 270 510 411 386 436 355 308 222 347 157 538 260 374 375 411 185 247 487 538 199 295 434 85 384 270 313 375 403 282 157 482 180 190 324 273 411 330 330 482 256 240 236 143 106 213 366 514 297 143 566 447 319 273 596 210 90 585 199 349 537 455 508 271 440 271 260 158 355 198 585 383 428 301 424 455 374 566 477 386 366 319 314 388 177 424 106 323 487 219 330 469 306 319 130 335 205 304 326 404 236 235 244 469 189 514 436 390 360 304 359 483 195 541 304 314 498 498 469 279 198 527 219 236 329 60 301 293 510 313 600 507 158 332 340 447 356 388 446 205 293 458 314 277 235 541 461 349 461 267 418 401 319 411 131 428 508 70 282 363 566 236 424 349 403 404 282 434 240 480 418 187 483 195 131 292 222 383 271 368 341 237 440 189 320 510 363 350 401 566 420 277 347 273 288 368 326 30 293 341 67 507 134 254 320 411 556 335 187 244 308 596 450 297 247 295 288 85 279 256 293 389 364 350 314 332
300 527 320 540 319 249 189 236 330 324 256 190 304 249 477 386 428 177 556 237 205 219 219 363 242 293 237 60 134 0 213 458 240 70 340 198 537 350 195 158 349 384 390 330 356 270 330 187 130 570 356 240 541 304 293 314 323 458 364 411 469 360 295 210 297 205 566 374 260 388 455 185 240 527 483 244 282 366 85 292 273 349 349 461 366 157 507 199 304 329 313 440 327 306 434 279 134 143 90 106 236 282 446 347 236 596 447 424 282 596 222 143 541 180 359 510 477 566 335 450 271 134 235 341 67 600 436 447 288 487 411 469 538 455 347 434 293 301 388 150 508 189 368 424 185 349 374 279 198 30 389 271 190 403 304 326 314 199 480 106 556 383 383 355 404 359 538 131 585 364 235 461 510 436 256 319 487 270 213 329 134 314 254 498 273 585 507 120 363 424 428 446 375 514 157 319 510 383 288 158 469 498 375 403 247 401 418 341 420 131 389 424 70 273 332 566 273 340 313 326 483 295 482 247 469 418 85 404 275 195 384 254 314 277 401 319 177 411 282 327 537 383 411 368 508 411 271 386 270 277 323 236 130 267 355 67 482 260 222 308 350 514 271 292 297 320 566 440 244 267 308 301 187 306 242 332 335 411 275 324 293
90 328 115 328 293 207 169 78 119 118 44 193 175 245 270 198 218 65 358 137 117 55 95 170 30 96 97 154 213 213 0 274 217 193 217 222 330 182 142 94 146 274 179 119 285 133 136 197 207 358 245 179 349 137 84 111 133 304 206 198 257 149 95 20 150 79 353 273 273 175 246 30 34 315 334 75 82 246 150 237 61 141 162 262 209 60 294 38 225 118 112 227 119 119 275 70 179 150 124 120 40 209 320 150 150 383 240 293 69 390 20 124 375 38 146 323 264 363 157 239 60 236 123 142 222 388 234 234 88 291 246 313 353 264 179 246 108 101 180 65 332 135 165 291 55 136 313 96 254 183 191 117 225 228 265 189 163 75 268 135 345 234 179 149 265 150 334 106 375 175 163 286 298 257 70 254 315 95 40 120 154 101 96 298 112 388 300 94 152 256 234 285 175 320 79 108 304 201 75 123 349 286 162 262 57 205 205 128 209 90 218 332 180 69 152 360 78 256 141 228 303 82 275 34 268 210 164 303 142 106 237 59 201 64 190 128 97 227 169 115 323 170 218 190 363 209 64 179 61 75 165 189 183 84 142 210 294 236 59 107 218 345 157 197 115 107 383 239 115 57 95 88 164 96 44 127 191 206 182 111 127
240 339 254 255 540 273 439 323 229 248 234 319 388 507 266 311 123 283 361 388 381 243 352 291 260 179 221 406 384 458 274 0 477 460 159 340 299 110 410 300 260 468 217 180 507 360 281 468 481 273 171 255 85 154 197 260 142 432 369 164 150 221 269 291 358 253 223 187 537 197 110 291 271 159 460 217 269 439 375 480 242 150 304 59 104 310 197 268 223 223 164 154 242 295 406 208 453 425 381 352 237 450 481 126 241 240 253 134 229 340 256 319 458 311 208 375 190 134 123 221 248 510 229 271 487 292 76 188 270 54 379 85 399 330 342 30 299 267 237 334 60 282 120 453 329 188 537 300 527 432 90 188 497 59 510 151 150 342 229 406 171 397 256 247 117 234 117 379 187 100 417 381 241 357 295 240 406 190 304 235 339 210 328 319 330 384 282 357 154 54 310 64 274 64 354 182 107 76 223 397 510 151 164 425 289 291 190 182 217 330 354 527 399 264 315 319 197 477 323 447 30 217 104 247 300 243 432 497 190 266 107 217 417 235 142 289 369 334 197 217 208 179 60 329 487 268 260 126 254 267 352 447 361 299 197 424 352 292 315 264 410 432 390 208 164 211 424 283 358 221 211 213 299 188 281 154 381 100 420 213 328
240 375 235 432 85 399 59 154 260 242 247 361 123 30 357 243 388 253 399 90 100 268 126 237 221 304 310 208 340 240 217 477 0 171 432 384 406 397 76 266 247 159 304 299 117 126 221 54 117 460 460 375 540 354 281 229 342 255 188 352 410 281 213 197 142 283 481 487 60 315 417 217 208 468 273 291 210 151 255 54 235 328 217 450 425 221 425 243 432 264 315 381 248 197 241 271 107 104 197 241 256 59 223 352 352 510 334 510 248 458 237 282 340 190 289 339 397 537 369 354 229 134 330 234 187 487 420 369 211 480 229 527 361 300 190 447 188 217 291 188 537 319 358 208 164 299 134 182 85 223 388 334 64 439 64 406 379 142 379 151 497 190 274 260 481 271 507 150 527 381 60 282 406 266 182 458 299 311 179 254 299 269 150 352 154 424 381 190 330 468 283 497 256 510 154 295 477 410 254 110 240 439 328 197 188 268 342 300 329 229 221 187 273 213 197 432 291 107 179 104 507 260 447 234 330 311 159 171 357 300 453 274 110 242 358 208 123 253 381 267 453 323 417 217 292 291 217 360 223 211 164 30 319 180 295 292 319 424 164 223 150 319 100 406 329 270 384 310 120 260 267 264 339 289 197 323 154 390 76 269 164
270 481 284 507 249 287 122 193 299 290 237 234 245 178 439 340 410 179 510 179 150 217 170 320 218 285 245 64 190 70 193 460 171 0 361 249 497 356 133 171 311 319 358 311 287 217 289 117 60 537 382 273 538 309 277 278 319 399 309 388 447 329 258 183 243 212 540 404 190 360 439 170 212 507 422 243 247 303 117 223 247 334 303 453 377 150 480 191 337 300 303 418 294 263 377 263 64 80 80 122 225 215 382 340 260 570 410 446 258 556 207 168 483 155 330 460 450 556 337 418 243 70 251 301 30 566 426 420 252 481 356 483 487 407 295 433 250 265 353 128 514 215 357 361 150 325 304 237 130 60 382 278 120 408 234 342 324 155 447 60 537 324 345 319 422 325 526 90 566 361 171 408 477 384 218 356 432 270 180 297 171 290 207 453 225 538 468 103 345 432 382 457 334 510 120 301 497 384 265 103 404 477 353 342 212 357 390 319 388 133 337 356 120 241 285 526 265 273 265 260 487 272 468 226 426 382 30 337 289 211 399 245 251 252 382 277 128 361 303 299 510 358 407 319 446 371 240 371 241 243 270 168 178 226 329 130 433 304 183 272 289 457 212 319 295 294 514 398 191 250 284 278 223 289 210 320 278 398 211 297 245
240 432 267 375 510 117 381 291 248 264 197 171 381 460 357 352 221 188 460 354 334 164 311 323 221 150 123 299 240 340 217 159 432 361 0 187 406 76 357 190 289 477 274 197 497 342 299 406 399 399 30 107 240 90 180 269 126 477 390 243 266 260 267 237 352 154 361 60 487 256 229 217 234 299 507 142 260 447 255 453 223 179 328 197 59 221 319 190 64 242 154 253 260 299 447 182 375 352 282 241 179 425 510 142 104 384 334 85 213 458 197 197 527 243 247 453 300 292 100 310 229 424 110 295 384 424 190 283 264 208 417 134 481 397 360 151 295 269 291 253 187 151 164 480 268 221 527 289 458 319 154 100 432 104 481 30 60 291 330 319 319 420 304 281 64 271 273 300 340 123 379 439 352 410 271 85 468 126 256 254 208 217 304 406 315 487 381 266 197 107 369 117 315 223 283 188 255 110 211 330 540 282 217 450 260 342 268 208 291 229 388 537 273 248 330 432 154 468 328 439 171 210 241 208 379 311 339 507 76 150 54 164 410 217 217 300 310 381 59 235 339 237 150 358 537 329 242 190 235 254 358 406 223 281 234 292 425 134 274 270 417 497 369 54 120 223 510 354 329 188 213 211 159 182 247 164 388 188 397 229 323
300 537 329 510 469 70 326 293 324 330 240 30 389 404 469 418 364 157 566 335 304 180 297 388 247 236 157 187 67 198 222 340 384 249 187 0 527 235 314 131 360 487 375 293 483 347 355 340 304 538 190 85 424 205 256 327 244 527 428 368 411 349 314 236 368 150 514 198 424 363 383 199 256 458 556 185 301 461 134 424 271 293 383 366 236 177 461 185 130 320 254 389 329 341 498 247 292 282 189 143 210 403 538 270 106 541 440 260 271 585 213 106 596 219 341 540 436 469 237 428 273 319 131 359 260 566 350 411 308 384 469 319 570 480 401 326 330 320 383 205 374 90 297 510 244 319 508 319 374 190 304 177 356 282 446 189 195 270 455 236 483 455 388 359 249 355 446 235 508 271 350 507 482 477 293 134 537 199 254 327 85 295 313 507 332 596 498 195 313 292 450 304 390 404 237 279 424 275 273 275 566 434 332 482 279 420 386 306 401 158 440 541 130 288 375 556 222 458 363 434 356 277 403 242 477 411 240 514 158 120 240 213 411 270 347 349 271 447 143 314 487 349 314 411 585 418 282 323 277 295 386 366 70 306 330 134 510 67 273 324 436 566 364 134 219 301 600 447 323 242 288 282 60 267 267 273 411 335 383 308 349
