NAME : Golden_2_SARP
COMMENT : Curated from VRPLIB to SARP
TYPE : SARP
DIMENSION : 321
EDGE_WEIGHT_TYPE : EXPLICIT
EDGE_WEIGHT_FORMAT : FULL_MATRIX
EDGE_WEIGHT_SECTION
0 210 120 60 120 240 120 30 120 150 60 90 240 240 240 180 30 30 90 120 30 150 90 210 120 60 210 240 120 210 150 240 210 210 60 90 30 60 150 60 120 30 150 90 210 30 30 180 30 90 30 120 240 90 90 180 90 150 210 150 90 180 30 90 150 180 210 240 90 240 240 210 180 240 30 60 120 150 150 60 180 180 30 240 180 210 60 150 60 180 210 120 210 120 150 30 60 90 120 180 90 120 30 180 90 30 210 240 240 150 60 210 180 210 180 120 30 240 240 60 90 180 240 180 90 240 120 90 210 240 210 210 60 120 120 30 30 120 30 30 180 240 60 60 150 150 30 240 90 180 150 120 210 90 240 60 210 120 60 30 120 60 120 180 30 210 150 240 60 180 90 180 180 180 30 210 30 120 60 240 210 150 210 210 180 120 90 210 210 150 30 30 240 210 120 120 180 210 90 180 180 90 120 150 180 120 120 150 210 210 60 30 90 150 240 120 150 180 180 240 120 60 240 60 90 90 180 30 180 60 30 150 150 180 210 150 60 210 240 150 180 60 90 90 60 60 210 210 60 150 120 30 150 240 180 150 120 90 150 150 90 150 180 240 240 60 240 210 120 90 30 30 90 150 120 60 150 60 210 180 30 120 150 150 60 150 240 240 150 90 60 240 150 240 90 30 120 180 90 180 240 90 240 30 210 90 90 60 30 30 180 240 60 210 60 60 90 120 120 30 60
210 0 189 151 329 319 297 180 93 309 270 273 46 76 142 179 190 229 288 330 203 343 293 408 189 243 399 364 225 415 66 401 66 408 151 281 187 256 309 165 133 203 356 299 297 198 237 152 221 201 180 103 449 263 300 205 187 277 420 350 263 348 239 228 172 385 273 450 241 109 428 358 390 428 225 250 170 217 149 268 96 254 207 384 316 419 243 343 150 360 219 151 319 242 82 184 200 215 326 348 120 117 229 371 293 235 191 76 416 360 159 340 43 374 205 225 182 206 206 190 127 68 364 30 253 416 90 297 273 449 33 388 209 207 329 180 235 258 221 225 124 438 236 173 125 333 217 109 215 152 333 307 297 297 319 265 399 170 159 194 315 236 307 277 198 161 172 266 154 231 273 389 297 297 187 340 207 272 209 237 247 238 247 66 316 93 160 419 219 195 194 190 174 130 285 322 360 161 299 277 231 147 133 82 371 315 242 102 98 98 181 184 147 277 384 297 322 333 254 293 207 269 174 173 241 187 333 232 379 256 240 149 102 385 374 356 265 319 266 258 96 165 288 160 200 227 358 415 218 238 103 232 293 444 179 322 322 173 293 125 228 195 43 438 343 268 293 130 151 136 212 182 281 217 117 190 60 218 33 68 217 326 350 258 261 66 237 30 359 136 181 444 359 142 201 212 258 124 122 389 46 253 401 240 388 173 127 250 239 237 379 343 227 191 269 154 122 272 285 240 261
120 189 0 98 214 351 125 110 141 270 157 113 233 177 285 64 132 110 204 205 143 177 150 242 214 180 225 177 228 307 125 214 225 315 116 207 128 178 125 142 182 90 250 171 117 90 145 76 150 34 114 92 300 210 180 269 30 88 285 257 99 299 143 57 231 278 315 313 207 159 251 330 258 351 150 107 19 250 52 142 109 286 92 360 299 272 98 263 107 183 297 194 326 233 177 97 61 44 222 165 113 170 150 200 200 147 93 251 356 231 80 151 183 329 60 38 101 123 313 60 138 127 359 165 209 233 125 194 103 325 170 326 172 222 194 105 119 237 101 105 231 268 88 150 206 267 149 268 200 245 161 141 322 161 144 172 322 205 134 90 233 180 237 292 140 103 37 123 125 64 209 269 109 296 94 329 145 92 66 325 93 52 307 151 127 109 44 297 90 241 136 92 300 117 240 228 296 272 188 91 278 57 56 107 292 156 56 88 242 133 61 124 161 267 195 239 269 146 76 344 19 150 131 66 71 188 300 149 286 116 132 219 192 231 189 206 134 133 336 263 216 72 138 171 168 80 170 258 176 257 156 114 269 336 258 143 170 34 107 69 204 30 146 344 356 168 131 258 38 150 94 119 126 37 74 163 143 72 207 200 97 182 192 69 176 161 120 214 241 71 157 285 219 144 194 147 74 91 99 245 195 85 359 136 207 180 85 180 128 124 216 159 178 285 163 88 126 239 109 140 125
60 151 98 0 180 256 157 31 66 192 120 129 184 181 202 144 49 78 146 180 63 197 143 261 116 107 256 256 134 269 90 273 159 268 19 143 44 114 178 46 88 54 209 148 209 49 89 136 78 82 33 61 298 134 150 171 73 162 269 208 123 226 90 100 134 239 218 299 123 184 286 250 239 295 81 102 88 153 107 117 124 190 58 280 214 268 97 205 9 221 200 98 236 142 100 33 63 91 180 214 32 80 84 226 148 88 173 189 291 209 19 227 124 256 153 116 31 202 219 54 46 121 273 121 129 280 61 150 200 300 150 261 85 125 178 30 84 150 71 75 144 291 91 54 116 202 75 195 108 153 192 163 227 146 238 119 265 107 37 44 176 102 172 198 58 165 116 219 28 162 139 240 190 207 36 243 67 142 71 229 190 143 209 151 198 60 54 270 181 143 54 40 210 159 163 178 231 181 150 181 181 46 72 91 235 168 125 95 165 154 46 40 64 178 265 168 197 207 171 247 107 119 195 37 108 91 221 86 238 107 89 125 107 235 243 205 114 218 238 170 136 28 139 73 78 85 236 265 91 162 72 81 185 299 162 185 172 64 170 100 116 125 120 298 265 120 229 173 80 54 63 36 134 134 66 71 91 78 154 129 67 176 202 153 117 95 210 181 210 38 63 295 208 189 100 71 134 129 30 238 180 116 286 90 250 82 32 111 88 86 231 247 97 190 120 9 38 157 150 90 111
120 329 214 180 0 251 125 150 237 125 61 113 356 359 336 278 140 110 57 19 128 107 71 133 194 98 151 251 170 93 270 214 322 103 178 71 143 80 161 168 222 136 37 44 258 140 92 286 110 180 149 239 131 99 34 245 188 192 93 52 126 127 90 161 231 64 242 123 126 356 177 170 64 144 105 107 222 206 257 72 296 216 132 195 165 103 116 69 180 146 272 214 207 156 263 149 157 171 19 165 209 228 101 127 44 94 307 351 159 37 178 225 296 151 269 194 150 336 313 163 204 299 214 299 113 195 239 34 272 120 330 133 134 182 38 150 101 141 119 114 278 159 125 163 250 88 114 344 150 269 125 109 225 57 285 66 117 205 172 143 56 107 74 200 132 315 250 313 176 258 85 60 216 183 147 189 124 156 150 300 285 219 258 329 200 240 200 90 297 219 136 145 325 322 109 38 109 297 30 231 231 204 233 269 91 92 182 267 315 326 168 145 194 161 233 92 107 183 245 268 205 66 344 172 150 171 146 97 76 98 92 241 257 91 189 69 80 242 285 177 286 176 85 188 142 134 207 117 125 192 233 105 143 123 258 143 74 194 177 263 138 241 300 131 233 61 300 307 228 200 128 147 99 231 237 150 269 142 326 292 124 56 88 206 72 267 325 359 30 207 157 144 52 351 161 119 170 292 210 76 360 138 177 90 170 180 209 88 94 97 109 268 116 285 60 180 207 125 141 90 88
240 319 351 256 251 0 344 242 251 126 247 317 312 388 218 400 220 265 201 268 212 350 292 384 144 189 401 474 123 266 302 457 266 237 238 187 224 202 380 210 195 269 241 269 450 267 228 389 212 327 237 300 365 165 256 114 323 389 319 218 323 142 232 330 148 252 46 339 152 409 428 109 300 218 214 291 344 108 362 265 359 68 270 112 88 343 295 194 247 389 109 177 46 120 241 255 298 329 233 400 256 214 216 375 215 224 428 282 184 283 273 444 277 142 409 359 251 457 148 295 229 342 75 300 157 443 268 229 449 312 343 174 181 131 285 246 259 123 269 267 198 409 298 202 194 171 210 251 152 170 362 336 30 281 480 219 206 159 219 265 195 184 177 60 214 416 372 474 229 415 175 277 419 68 259 76 210 356 299 112 444 389 76 364 415 285 310 293 438 126 216 262 184 401 144 214 170 174 243 420 88 302 325 320 198 325 360 336 237 384 291 228 201 95 467 159 148 409 419 38 356 256 443 286 329 165 114 220 225 286 246 171 218 342 428 320 273 449 75 90 225 280 302 187 184 299 438 364 180 95 233 262 108 282 142 372 313 317 385 350 150 380 322 251 38 229 479 206 336 215 270 232 310 385 313 189 283 300 293 252 270 300 336 390 210 262 467 339 262 292 195 388 302 428 157 210 359 375 269 322 365 327 148 242 416 175 281 195 251 255 359 479 181 142 238 265 243 131 351 237 280
120 297 125 157 125 344 0 140 222 231 98 30 336 300 356 183 150 90 150 109 149 52 57 117 239 157 103 131 233 207 231 120 315 225 168 161 149 142 37 178 237 105 161 85 133 110 119 200 140 99 143 194 177 180 99 299 113 69 170 177 34 245 114 71 270 183 322 195 194 285 131 285 146 268 136 60 141 267 177 80 231 292 101 313 269 151 61 192 163 64 329 239 307 228 257 128 98 85 141 60 188 233 132 76 138 124 207 344 285 125 142 103 278 272 165 92 132 233 360 107 200 245 325 269 188 123 214 126 151 214 285 258 176 237 92 136 92 222 92 90 296 144 66 180 267 206 143 351 204 299 37 19 315 71 159 125 242 240 176 114 170 163 182 286 150 225 161 195 172 146 171 165 91 278 124 297 147 38 88 359 170 107 326 272 76 205 138 189 189 269 150 119 359 242 205 156 231 329 113 109 296 150 170 219 216 38 74 206 322 258 116 147 207 250 123 194 219 64 127 351 109 88 251 125 57 209 258 128 200 61 101 269 263 109 90 88 72 117 356 257 292 134 44 209 178 72 93 133 172 263 228 90 241 233 300 30 56 126 52 192 200 143 258 251 336 116 177 326 156 204 97 145 34 125 182 180 241 80 307 286 94 74 69 88 134 250 214 325 143 161 180 159 107 268 207 145 56 216 180 127 313 44 300 105 93 210 171 150 97 94 91 144 168 330 107 150 194 214 19 110 66
30 180 110 31 150 242 140 0 90 166 90 110 210 212 216 164 23 53 116 150 35 175 118 237 110 78 235 251 119 239 120 259 182 237 31 113 19 84 166 40 97 35 179 120 212 31 58 160 49 86 5 92 270 107 120 169 81 158 240 177 107 199 59 95 135 209 207 270 99 214 265 225 210 265 51 81 105 144 131 89 154 178 39 255 191 240 78 175 30 202 198 101 217 124 122 14 58 90 149 199 60 94 53 205 118 57 194 212 262 180 36 221 150 229 169 119 9 224 224 54 62 152 251 150 103 262 90 119 207 270 180 232 63 114 150 5 57 128 49 51 157 267 75 44 127 173 46 214 90 160 173 143 212 119 242 88 235 105 36 27 145 75 143 182 31 190 135 232 33 173 110 210 187 187 19 221 39 132 63 228 203 148 203 182 191 90 72 240 198 139 27 23 220 187 136 147 202 190 120 182 173 68 97 122 205 145 124 124 184 184 49 14 68 158 255 140 169 195 178 237 114 90 220 44 99 81 195 55 207 84 60 131 124 209 229 179 88 217 232 153 154 40 116 72 58 71 225 239 67 148 92 55 162 269 164 169 147 76 162 127 95 139 150 267 246 89 237 187 101 65 42 9 113 144 94 54 120 67 180 152 46 149 177 153 86 120 228 210 180 65 49 269 180 216 86 42 128 157 61 210 210 103 259 60 232 76 62 81 59 58 207 246 71 194 90 33 61 132 136 60 86
120 93 141 66 237 251 222 90 0 219 180 194 120 144 144 165 97 143 194 239 110 263 207 326 109 150 322 313 141 322 52 336 93 315 60 188 94 163 241 72 56 119 263 210 258 114 145 146 128 138 90 56 360 171 209 146 126 219 329 257 188 258 147 161 107 292 207 359 150 159 351 272 299 336 132 168 125 143 125 180 109 183 124 300 231 330 163 250 61 286 170 74 242 156 37 97 125 150 233 278 34 38 136 292 200 143 189 123 325 269 80 285 60 285 183 170 94 214 177 116 34 91 285 64 161 344 19 204 242 356 103 297 116 125 240 92 147 170 136 140 91 356 157 80 69 241 124 131 126 109 257 228 225 209 285 172 307 92 66 110 222 142 214 200 105 170 143 251 61 200 180 296 245 216 101 258 114 205 134 195 225 192 189 117 258 38 99 326 207 125 101 105 159 151 194 228 269 133 207 231 165 85 92 69 278 233 182 88 103 133 107 92 57 192 325 205 231 269 216 233 156 180 195 98 171 99 245 140 286 172 150 88 52 299 307 269 178 272 214 177 76 88 204 71 107 150 297 329 125 161 19 145 206 351 127 250 237 113 231 107 138 161 76 344 268 176 268 117 109 44 128 90 200 177 74 98 37 142 90 64 132 239 267 206 168 30 233 123 267 71 88 359 270 177 113 119 194 127 44 300 131 180 313 150 315 85 57 157 150 149 296 300 134 151 178 72 30 182 214 149 176
150 309 270 192 125 126 231 166 219 0 134 207 320 362 262 329 144 166 81 143 131 228 175 258 125 90 277 362 88 149 267 336 277 125 178 70 148 95 267 153 177 180 115 149 350 180 127 326 120 239 162 250 241 60 135 152 240 285 195 93 216 40 131 234 157 129 125 218 70 372 302 60 174 126 120 185 269 115 296 153 314 106 179 90 40 217 192 70 185 268 172 161 82 69 228 175 209 237 107 282 207 192 120 252 94 124 359 302 108 157 202 333 268 66 330 267 173 389 218 210 187 305 95 282 63 320 231 107 356 194 322 82 107 107 161 169 158 52 173 169 216 283 197 143 195 47 122 283 94 195 243 219 102 162 380 107 102 143 162 180 69 91 52 82 135 356 299 389 170 329 63 152 314 60 177 66 127 250 208 194 359 296 149 333 305 241 237 172 360 136 139 179 241 350 30 88 60 217 121 321 129 234 263 277 82 206 263 285 258 343 209 153 162 47 350 37 24 294 326 148 269 143 385 208 229 121 30 122 106 178 144 176 212 216 309 195 162 343 171 70 234 205 187 149 116 202 322 238 100 93 206 162 24 171 174 256 192 239 277 292 81 300 294 148 108 116 385 238 267 175 177 158 197 299 257 125 256 205 293 252 175 177 212 292 100 243 390 336 136 229 134 262 176 380 107 124 257 321 216 195 350 223 95 139 293 135 223 91 148 153 234 372 95 195 125 197 197 37 241 135 170
60 270 157 120 61 247 98 90 180 134 0 73 299 298 291 221 84 49 54 60 75 107 46 159 157 63 165 229 142 154 209 210 268 159 120 64 86 46 134 114 172 75 95 32 218 78 36 226 58 123 90 178 181 82 30 214 129 153 150 100 82 153 33 108 192 124 227 180 100 295 195 190 120 195 54 54 163 178 197 19 235 198 71 219 171 151 63 107 120 144 243 168 209 134 208 88 97 116 66 153 150 176 49 136 46 40 250 298 202 90 117 200 239 181 214 142 89 280 280 102 148 238 229 240 91 202 180 38 227 181 269 173 91 150 61 90 40 125 58 54 231 189 71 111 202 116 63 295 116 226 116 88 218 38 247 28 165 163 117 81 80 71 88 190 78 256 192 265 119 207 73 121 181 181 86 200 71 116 91 273 236 170 236 268 171 180 139 151 243 185 81 84 286 261 107 72 144 256 32 190 207 143 172 208 136 80 134 205 265 265 107 88 143 153 219 98 125 162 198 256 150 9 286 111 100 129 162 44 129 46 31 197 205 124 181 95 28 209 265 162 235 114 54 139 97 78 190 154 85 170 178 44 143 184 221 125 72 134 143 202 108 185 239 189 238 19 256 261 168 146 67 89 64 178 176 102 210 85 269 238 63 66 100 162 37 209 273 300 91 146 107 184 91 291 123 67 125 231 150 121 299 91 210 30 173 134 148 54 33 36 129 238 78 250 9 119 150 116 107 31 37
90 273 113 129 113 317 30 110 194 207 73 0 310 281 327 175 120 60 127 99 119 70 42 136 209 129 127 157 204 201 207 150 288 215 139 137 119 116 63 148 207 76 149 69 147 81 90 188 110 82 113 171 187 153 82 269 94 81 173 162 14 225 86 56 240 175 293 201 166 269 157 263 146 256 107 30 126 237 162 54 213 263 72 292 244 160 32 175 134 92 299 209 281 200 229 99 73 69 126 90 160 204 103 98 117 95 201 317 269 121 116 127 252 253 161 85 103 229 330 82 171 225 302 244 160 152 188 106 160 215 263 241 146 207 85 107 62 194 62 61 267 165 38 150 237 187 113 323 175 269 63 34 288 56 175 100 228 210 146 86 150 134 161 258 120 215 149 201 143 146 146 161 108 252 95 273 118 44 64 329 173 107 297 253 98 180 117 187 187 239 120 90 329 228 180 138 213 299 94 120 267 127 150 197 201 44 71 187 293 241 91 118 178 223 152 171 197 92 133 323 99 64 243 100 42 179 235 99 188 32 72 239 234 120 120 94 46 136 327 229 263 108 28 179 148 46 122 147 143 234 200 61 216 229 270 60 57 106 70 175 171 135 235 243 310 91 187 297 138 175 68 116 14 121 161 150 216 54 281 258 65 71 81 94 108 223 215 302 135 137 150 175 107 256 178 116 57 201 153 133 292 28 281 76 122 180 146 123 68 65 108 165 139 300 82 123 166 188 34 81 38
240 46 233 184 356 312 336 210 120 320 299 310 0 112 112 225 216 262 310 359 228 380 327 444 195 265 438 409 233 438 108 443 46 428 180 302 214 280 350 189 144 237 380 330 343 232 265 198 246 243 210 144 480 281 329 198 229 320 449 372 302 359 267 269 171 409 266 479 256 148 467 364 419 443 251 286 214 218 194 299 142 252 242 388 322 450 280 362 181 400 206 159 319 251 95 216 238 256 351 389 152 131 255 409 317 262 237 38 428 389 195 384 60 384 252 268 214 251 184 229 152 114 365 68 269 457 123 323 319 474 76 401 229 214 360 212 267 268 255 259 114 474 273 195 126 350 242 75 229 142 372 344 293 329 365 291 416 177 184 228 336 256 325 277 224 206 218 312 181 277 292 415 342 300 220 343 232 313 247 218 293 283 237 109 359 131 201 444 266 194 220 224 148 174 300 344 375 142 327 322 225 187 177 126 389 351 285 148 76 142 219 212 165 283 428 313 336 375 300 282 251 300 218 210 281 201 342 259 400 291 270 148 108 419 416 389 298 364 251 262 88 202 323 175 219 265 401 449 238 241 123 265 302 467 170 362 356 215 336 171 243 241 88 457 339 295 339 109 195 157 246 210 317 262 159 210 95 256 30 68 251 359 385 302 286 90 282 38 385 175 202 479 390 184 215 237 300 170 157 420 75 292 409 270 428 187 165 273 270 269 415 388 247 174 298 189 150 285 325 269 295
240 76 177 181 359 388 300 212 144 362 298 281 112 0 218 142 228 251 327 356 242 350 310 416 251 286 401 339 285 450 95 388 142 449 189 323 224 295 302 210 195 224 390 323 266 220 270 114 259 201 214 120 467 310 327 277 187 262 444 389 269 400 270 229 241 420 343 474 292 38 428 416 415 474 262 265 159 283 126 291 68 322 228 443 375 438 256 385 184 359 293 214 384 300 148 210 210 215 360 342 157 177 265 375 329 269 142 148 467 385 181 319 114 428 170 214 210 148 282 202 175 60 428 88 302 409 131 330 237 479 46 438 256 268 351 210 259 313 242 246 198 443 247 219 194 380 255 184 269 225 336 313 364 317 282 299 444 233 202 216 356 280 351 342 237 109 148 218 195 198 317 419 277 359 212 401 246 268 219 312 206 218 319 30 300 123 165 449 174 262 232 214 251 76 336 359 409 237 329 252 300 157 131 90 415 325 233 95 174 46 195 220 201 336 365 344 372 322 225 365 195 295 112 189 243 243 389 267 419 273 267 218 171 400 364 372 286 293 339 320 170 184 302 215 247 238 343 428 265 302 159 255 350 480 252 320 336 175 283 108 281 171 68 479 409 300 251 206 144 187 232 216 292 194 123 238 108 229 109 142 237 344 362 241 298 126 184 75 389 152 229 457 380 75 256 251 251 88 152 409 38 256 457 269 384 229 150 291 265 262 389 312 273 266 299 180 165 325 285 270 280
240 142 285 202 336 218 356 216 144 262 291 327 112 218 0 300 210 269 281 344 216 390 329 449 144 238 450 457 177 401 171 474 76 384 189 269 210 256 380 180 120 251 350 323 401 246 255 277 232 281 214 195 467 243 317 114 269 362 428 336 323 300 259 302 108 375 174 457 215 251 480 293 400 388 237 298 268 148 262 298 225 170 255 312 252 438 295 320 195 419 109 123 237 195 108 228 265 292 325 415 175 123 242 420 292 251 319 75 365 372 219 428 114 319 322 313 224 339 75 256 157 198 282 142 229 479 159 302 384 443 174 343 202 159 351 220 270 214 265 267 60 479 291 181 90 302 228 38 187 68 389 359 206 327 428 273 364 131 181 242 300 229 285 198 214 293 283 388 184 342 256 389 389 225 232 266 220 344 273 112 364 336 142 206 400 177 243 416 343 126 212 237 38 266 251 313 322 46 310 375 142 229 233 194 342 360 325 218 46 237 247 210 150 218 467 268 283 409 359 184 300 295 312 238 310 165 277 246 359 299 267 95 95 415 444 385 299 416 148 194 68 229 330 152 195 286 438 444 210 171 131 270 241 428 88 385 359 256 372 241 201 302 170 409 251 280 409 30 251 152 259 212 329 320 214 189 148 280 109 88 262 356 389 350 265 126 365 148 362 215 184 474 380 282 175 224 336 252 187 409 184 317 339 265 449 157 201 247 269 270 419 443 219 76 286 210 165 233 351 262 300
180 179 64 144 278 400 183 164 165 329 221 175 225 142 300 0 187 173 267 269 199 234 213 297 258 239 277 198 278 371 129 252 231 379 162 269 182 239 174 190 216 152 314 235 124 150 207 28 209 98 169 109 359 269 244 307 92 129 348 321 161 360 205 120 268 342 360 375 263 114 300 389 321 415 210 171 60 294 40 207 84 333 154 419 356 333 162 326 153 234 333 231 379 286 195 154 124 108 286 212 146 200 210 255 263 209 30 252 419 294 129 179 188 390 28 91 157 60 342 121 175 111 415 163 267 277 146 258 96 389 152 389 226 269 258 160 182 292 164 169 255 322 153 198 234 329 207 277 252 274 216 200 371 225 142 235 385 245 181 150 296 238 299 342 195 43 30 88 171 56 270 333 138 350 152 385 202 146 129 359 68 82 348 124 163 127 92 360 43 282 191 150 322 68 299 292 359 297 252 111 321 98 76 106 356 216 109 82 254 96 120 178 201 321 225 300 330 188 84 389 76 214 68 121 133 235 359 210 350 181 195 252 216 291 231 268 198 152 375 314 234 124 201 213 221 144 205 316 231 305 183 178 326 400 291 195 231 90 152 60 258 40 138 409 409 231 114 277 64 188 157 173 188 60 91 214 152 136 205 212 160 245 252 106 238 174 68 198 305 108 207 342 282 88 244 205 127 56 133 307 170 146 420 199 254 225 120 240 191 187 274 170 235 316 226 136 161 296 165 202 190
30 190 132 49 140 220 150 23 97 144 84 120 216 228 210 187 0 60 99 143 14 180 119 239 92 58 240 267 97 225 135 270 184 221 40 95 5 67 179 31 90 51 166 116 232 49 49 182 31 107 19 110 265 86 113 152 103 175 232 162 119 178 51 113 120 195 187 262 76 232 270 203 202 246 35 90 128 124 153 88 173 157 53 232 169 235 89 158 44 210 182 90 194 101 124 35 78 110 136 210 72 92 39 210 103 46 217 214 242 173 58 237 157 207 191 140 31 246 210 75 65 169 228 160 81 270 101 107 229 259 194 212 40 94 145 27 60 105 58 59 150 269 88 30 120 153 27 212 68 150 180 150 190 118 262 75 217 90 33 46 128 54 124 160 9 212 158 255 36 195 90 199 205 164 39 198 19 147 81 212 225 169 184 198 207 105 95 229 221 122 5 42 210 207 114 132 182 180 110 202 154 90 119 139 187 150 143 144 182 203 71 9 61 135 269 119 148 209 199 216 136 86 242 67 116 62 173 42 191 90 57 120 122 207 240 177 89 235 214 131 152 63 120 60 36 86 239 237 44 127 94 60 139 255 150 180 149 99 177 148 72 162 164 251 224 78 259 180 124 62 55 14 120 166 114 33 131 84 187 154 57 147 179 173 71 127 251 220 169 86 31 267 175 237 65 23 145 178 76 205 224 118 237 55 240 61 81 63 58 59 209 265 49 180 81 54 68 110 149 53 90
30 229 110 78 110 265 90 53 143 166 49 60 262 251 269 173 60 0 95 105 59 122 65 184 150 78 182 212 147 203 166 210 235 207 84 99 59 71 120 89 149 27 144 72 187 31 39 178 53 76 55 132 220 107 76 210 81 124 194 148 61 191 35 68 180 173 237 224 113 246 212 225 164 242 51 30 114 179 148 40 187 207 23 255 199 190 31 153 81 150 240 150 232 145 175 46 49 72 114 150 110 147 49 152 90 42 203 265 246 135 71 182 202 221 169 101 49 232 270 54 116 191 259 199 110 210 140 86 190 228 225 217 88 149 101 51 9 143 9 5 209 214 33 90 179 158 55 267 118 210 120 90 235 68 216 63 212 150 88 35 124 81 128 205 60 207 144 224 86 164 103 169 154 202 42 229 58 92 44 270 194 131 239 221 152 136 90 198 198 180 60 39 270 212 136 119 187 240 81 157 209 95 124 162 182 92 97 158 237 217 58 58 119 173 210 132 162 150 160 267 105 44 237 63 65 120 195 46 178 31 23 180 177 157 180 127 36 184 269 175 207 67 62 120 89 36 180 187 86 177 145 5 169 232 210 120 94 86 122 153 116 139 195 237 262 58 220 239 119 118 19 57 61 135 128 90 169 40 232 205 14 97 124 127 67 173 228 259 139 99 90 216 131 242 119 57 94 182 107 160 255 62 251 27 180 120 103 75 19 14 154 214 84 240 54 75 113 140 90 31 33
90 288 204 146 57 201 150 116 194 81 54 127 310 327 281 267 99 95 0 71 86 149 94 187 138 46 201 281 113 127 234 256 273 122 139 14 103 32 187 123 171 116 70 69 273 118 61 269 68 171 113 207 187 42 56 188 175 207 147 63 137 98 62 160 175 98 187 175 69 329 229 136 120 150 65 108 207 149 239 73 269 161 113 165 120 160 116 60 143 188 215 161 160 99 216 120 143 166 44 201 171 180 62 175 14 60 297 302 152 94 150 253 252 127 263 194 119 327 256 146 160 267 175 258 56 243 200 28 281 165 293 122 82 126 85 118 86 85 103 99 225 215 123 116 197 63 72 292 94 213 162 138 173 82 302 32 120 150 129 119 30 54 34 146 90 299 237 317 134 258 28 108 235 133 120 147 81 171 139 243 288 223 201 297 225 204 179 136 293 162 95 120 269 300 57 34 92 241 42 244 175 180 210 237 90 126 188 239 263 299 148 107 146 107 269 44 70 213 252 215 200 64 329 150 153 117 108 61 92 100 72 187 207 146 228 121 82 263 229 121 235 150 106 137 91 129 241 173 73 135 188 90 94 157 201 175 113 178 197 240 82 234 263 152 187 38 310 253 209 153 110 110 117 229 209 100 229 134 281 244 107 99 135 216 30 223 323 317 81 179 108 201 107 330 106 76 180 270 175 133 323 146 157 68 215 127 178 38 76 81 161 292 64 228 46 148 166 71 161 65 91
120 330 205 180 19 268 109 150 239 143 60 99 359 356 344 269 143 105 71 0 132 88 57 117 205 107 133 233 182 103 269 195 326 117 180 85 145 88 143 172 228 132 52 34 242 136 94 278 114 171 150 237 123 113 30 258 180 177 90 69 113 146 92 150 241 76 258 120 138 351 159 189 60 159 110 98 214 219 250 66 292 231 128 214 183 93 107 88 180 127 285 222 225 170 267 147 150 161 38 146 210 233 105 109 57 97 297 356 177 30 176 207 299 170 258 182 149 325 325 157 207 296 233 300 126 177 240 44 258 123 329 151 142 194 19 150 97 156 114 110 286 144 116 168 257 107 119 351 161 278 107 92 242 44 268 72 133 214 176 140 74 116 92 216 136 307 241 300 178 245 99 64 200 200 145 207 128 141 142 313 272 206 272 326 183 239 194 93 285 231 140 143 336 315 125 56 127 307 34 216 245 200 228 267 109 74 170 263 322 322 163 147 200 177 214 109 125 165 231 285 194 61 336 168 138 180 165 101 91 88 90 250 263 76 170 52 72 225 300 192 292 172 71 194 150 125 189 103 134 206 237 101 161 131 269 125 56 188 161 257 150 231 299 144 251 66 285 315 222 204 124 149 85 219 233 157 270 134 329 296 119 38 69 192 80 269 313 360 37 204 163 131 37 344 171 124 156 286 209 64 359 126 195 90 151 188 207 98 92 94 91 251 125 297 61 178 209 141 125 90 80
30 203 143 63 128 212 149 35 110 131 75 119 228 242 216 199 14 59 86 132 0 175 113 232 90 44 235 270 90 212 148 269 194 207 54 81 19 54 180 40 97 57 153 107 239 55 39 195 19 116 31 124 255 72 103 150 113 180 221 148 120 164 42 119 122 182 180 251 65 246 265 190 191 232 23 89 140 120 166 81 187 150 58 220 157 225 90 144 58 207 180 94 184 92 135 46 86 118 124 209 86 101 27 205 90 35 229 224 228 162 71 240 169 194 202 147 42 259 212 84 76 182 216 173 68 267 114 95 237 246 207 198 31 90 136 39 57 94 60 60 157 262 90 36 127 139 14 220 61 154 177 147 182 110 269 63 203 92 44 53 114 40 110 152 5 225 169 265 49 205 76 187 210 154 49 187 5 150 88 210 235 177 180 212 210 119 107 217 232 120 9 51 214 221 101 119 169 184 99 209 150 103 132 153 173 145 149 158 190 217 81 23 68 124 270 105 135 210 207 210 145 78 255 78 120 61 160 31 178 88 51 124 131 199 239 169 84 240 210 122 160 75 116 65 30 90 240 229 33 120 105 58 127 242 152 179 143 110 180 162 62 173 178 237 214 67 267 187 136 72 59 27 118 175 128 31 144 89 198 164 60 140 173 179 58 139 262 232 158 99 33 259 166 251 60 9 150 191 90 195 237 120 224 49 237 62 95 49 53 55 202 270 36 182 71 67 81 97 150 46 86
150 343 177 197 107 350 52 175 263 228 107 70 380 350 390 234 180 122 149 88 175 0 63 66 263 170 60 148 250 172 277 108 356 195 205 162 180 153 70 210 270 144 136 81 172 148 139 252 162 149 177 241 126 187 94 321 162 115 125 157 81 234 135 121 296 152 333 148 207 336 90 277 106 241 158 95 192 285 228 95 282 305 139 302 268 102 100 176 202 40 350 269 309 241 296 166 143 135 125 60 229 269 153 30 135 144 258 385 262 93 185 125 321 258 216 143 169 283 385 153 237 294 320 314 197 95 257 121 195 171 333 238 197 257 69 173 120 231 127 124 330 95 107 209 300 195 166 389 223 329 24 37 322 70 194 134 217 267 209 153 161 178 177 294 177 277 212 241 208 195 175 129 129 282 162 293 173 88 134 380 217 157 343 322 106 250 187 149 238 292 179 158 389 293 206 143 216 359 107 152 314 197 219 267 195 30 125 256 359 309 162 180 240 256 126 192 212 82 174 362 161 100 302 170 107 234 252 148 174 91 124 299 299 60 82 47 91 149 372 267 329 178 60 239 202 116 102 82 192 277 267 120 243 194 326 47 37 175 93 243 216 195 305 218 336 125 218 360 206 239 135 179 63 176 231 205 285 125 350 326 131 52 24 136 143 292 262 372 115 207 208 108 70 320 229 169 107 268 223 82 362 94 283 127 66 237 216 162 122 120 40 171 185 356 116 192 234 219 69 131 90
90 293 150 143 71 292 57 118 207 175 46 42 327 310 329 213 119 65 94 57 113 63 0 120 200 108 122 187 188 160 229 165 299 173 148 106 120 91 94 150 209 90 107 28 187 95 76 225 99 117 119 194 157 127 42 258 127 121 136 121 56 188 72 94 234 133 273 165 146 302 152 228 108 215 95 46 161 223 197 32 244 244 86 256 213 127 54 135 146 98 288 207 253 180 239 110 100 106 85 108 175 210 90 92 82 81 241 329 229 81 134 160 267 215 201 126 113 269 323 108 179 252 269 263 137 157 204 69 201 175 288 201 134 194 44 116 61 171 72 68 269 150 64 148 239 149 103 330 160 267 70 44 263 14 215 73 187 204 150 99 113 116 126 235 116 253 187 243 150 188 117 120 146 225 107 241 110 85 91 317 215 149 281 281 133 200 146 147 228 229 118 103 327 263 150 99 175 297 56 161 252 153 180 223 161 34 113 216 300 273 116 120 179 197 175 138 162 120 175 302 138 38 281 123 82 171 201 86 146 38 62 237 240 92 136 63 30 173 310 207 270 129 14 178 139 73 147 122 129 216 209 62 187 187 263 81 30 137 107 207 153 175 258 201 281 64 229 299 171 180 81 120 28 162 188 143 234 82 297 269 76 34 60 135 82 237 256 323 94 160 146 152 70 292 166 107 99 235 171 98 317 69 243 65 127 175 166 100 61 60 90 201 123 293 54 139 178 161 71 68 32
210 408 242 261 133 384 117 237 326 258 159 136 444 416 449 297 239 184 187 117 232 66 120 0 315 218 33 174 297 161 343 109 419 191 268 201 240 200 125 269 329 207 149 127 219 212 194 316 217 215 239 307 76 228 136 371 228 172 98 172 147 254 190 187 350 152 374 109 253 401 46 297 96 237 212 159 258 333 293 151 348 348 203 319 297 66 165 195 265 68 399 326 340 285 359 229 209 201 151 96 293 330 207 43 173 198 319 449 266 102 250 161 385 273 277 207 232 343 438 218 299 360 343 379 241 76 322 160 247 142 399 247 250 307 103 235 180 272 190 187 389 30 173 268 359 217 221 450 273 385 82 103 358 122 237 181 219 322 270 217 189 227 207 333 235 340 277 293 269 254 215 124 179 316 225 319 229 151 200 428 273 217 388 388 152 315 253 130 297 343 237 221 444 358 242 170 231 415 147 205 360 263 285 333 205 93 189 322 420 374 227 240 299 293 142 225 238 124 231 401 225 154 364 236 173 288 277 203 179 154 182 356 360 43 98 66 150 191 416 309 390 243 122 297 256 181 130 33 243 322 329 182 277 174 379 102 90 241 149 309 263 258 371 206 364 173 266 419 272 300 198 240 127 238 297 261 350 190 415 389 194 93 60 195 190 356 319 438 125 273 265 46 82 384 281 225 170 333 288 68 428 160 293 184 66 293 281 209 180 180 30 206 236 408 165 256 297 258 133 187 151
120 189 214 116 194 144 239 110 109 125 157 209 195 251 144 258 92 150 138 205 90 263 200 315 0 98 322 359 38 258 161 359 151 242 98 126 94 116 270 72 56 143 206 188 322 140 124 245 101 194 105 156 325 99 180 60 188 267 285 192 210 165 128 204 37 231 103 313 71 268 351 170 258 251 105 180 205 37 219 168 216 76 145 195 127 297 180 177 107 296 90 38 133 56 107 124 168 200 182 299 113 74 110 292 150 119 285 177 233 231 134 329 146 189 269 228 119 313 123 163 85 200 177 165 85 356 125 161 315 300 207 207 66 19 214 114 147 74 150 150 91 344 180 66 69 161 97 159 44 76 267 237 117 194 351 134 225 19 80 136 156 88 141 91 90 272 231 336 88 278 113 245 296 109 128 151 92 239 172 120 307 257 93 225 299 141 171 272 297 30 90 132 131 258 109 170 183 103 171 292 64 161 182 177 200 233 233 192 133 242 157 97 57 88 360 125 143 300 286 131 222 163 300 150 207 30 146 114 216 178 140 52 88 278 329 250 172 326 123 69 109 142 204 44 61 178 330 307 72 52 92 149 107 285 64 269 228 180 269 206 57 241 183 268 159 142 344 117 194 71 147 101 207 250 170 60 143 176 170 127 149 222 257 263 125 125 325 214 219 150 61 336 241 285 34 94 237 231 126 269 233 209 214 136 326 34 138 107 143 145 286 356 80 93 150 125 99 92 240 132 176
60 243 180 107 98 189 157 78 150 90 63 129 265 286 238 239 58 78 46 107 44 170 108 218 98 0 227 286 80 173 192 273 227 165 97 38 63 19 192 78 125 90 116 91 265 90 40 238 31 150 75 168 229 30 82 153 150 202 190 107 134 121 44 146 134 144 165 219 38 291 256 150 162 189 30 102 180 116 208 78 231 136 89 180 121 200 107 100 102 207 181 116 154 72 170 86 120 148 88 214 129 134 31 198 54 36 269 256 184 134 114 256 207 151 240 178 84 299 219 120 116 226 181 214 32 265 157 64 268 210 250 154 37 88 116 81 71 66 84 81 181 247 111 71 153 95 33 247 54 171 178 150 159 100 295 37 159 107 85 90 72 9 66 129 49 268 209 299 91 239 32 153 231 124 88 151 40 168 119 210 269 208 173 256 226 163 148 181 270 125 54 89 229 265 60 80 124 200 73 235 144 146 176 197 129 142 176 202 218 261 120 67 100 95 280 61 91 221 238 195 180 71 298 119 143 73 120 33 136 97 58 143 162 181 243 153 85 261 202 100 190 117 116 91 46 114 250 209 28 107 142 75 91 202 162 185 134 150 197 205 46 210 221 195 184 46 298 209 178 108 88 71 123 209 172 54 185 117 236 198 86 125 162 205 28 178 300 273 125 143 63 238 143 295 64 36 172 235 134 171 280 139 181 54 236 82 139 9 63 67 190 291 19 190 54 111 123 61 163 49 91
210 399 225 256 151 401 103 235 322 277 165 127 438 401 450 277 240 182 201 133 235 60 122 33 322 227 0 142 307 191 333 76 415 219 265 215 240 209 102 270 330 203 172 136 191 207 198 297 221 201 237 297 109 241 147 379 215 149 130 195 136 277 194 173 356 179 388 142 263 384 30 319 124 266 217 154 242 343 277 154 333 360 198 343 316 98 159 217 261 43 408 329 358 297 356 225 200 187 170 68 288 329 212 30 187 203 297 444 293 125 243 130 379 297 254 189 229 319 444 209 297 348 364 371 253 46 315 173 219 174 388 273 256 315 117 232 180 285 187 184 390 46 165 269 360 238 225 449 281 389 66 93 374 127 206 190 247 326 269 212 207 236 225 348 237 319 258 266 268 231 228 152 152 333 221 340 232 133 190 438 247 195 399 374 124 307 241 161 273 350 239 217 449 340 258 189 254 419 160 179 371 253 272 322 231 90 170 309 419 358 218 240 300 309 109 242 258 96 205 416 207 159 343 227 160 293 297 207 205 151 184 359 359 68 66 82 151 161 428 322 389 236 120 299 261 173 98 66 250 333 326 180 293 206 385 82 93 228 125 293 273 238 360 237 384 181 237 420 258 299 194 239 122 217 285 265 343 181 408 385 190 103 66 172 200 350 293 428 149 263 268 76 102 364 288 229 151 316 281 96 416 147 319 187 33 297 273 218 182 180 43 174 243 415 173 250 293 272 117 190 150
240 364 177 256 251 474 131 251 313 362 229 157 409 339 457 198 267 212 281 233 270 148 187 174 359 286 142 0 359 319 302 75 401 343 273 292 265 273 95 291 344 216 283 215 76 220 246 225 265 175 255 268 251 310 229 419 187 95 266 302 152 375 242 157 385 300 449 282 323 312 148 416 252 388 262 184 195 390 218 210 277 419 214 443 400 237 181 320 265 114 449 351 438 356 350 237 195 165 268 88 281 336 259 142 269 251 206 428 409 241 238 30 359 401 170 144 242 218 474 202 302 300 457 342 317 112 300 256 109 312 343 384 299 360 214 246 216 351 210 210 400 184 180 295 372 336 267 443 329 409 126 144 444 201 75 256 364 356 286 224 300 291 313 415 270 237 194 148 280 142 302 277 68 409 232 428 270 120 189 479 142 126 450 319 60 285 215 293 174 389 269 228 467 266 336 285 359 438 243 88 420 229 233 283 342 159 131 262 416 293 210 262 317 380 38 325 350 68 114 479 159 219 251 219 152 329 389 255 322 189 228 380 362 198 76 194 202 46 480 385 389 229 175 323 300 181 46 206 298 389 325 214 372 339 415 108 177 201 90 241 327 171 322 365 467 247 112 428 214 310 212 259 165 148 251 299 320 184 384 375 210 195 171 108 265 336 184 388 262 243 298 218 218 282 330 269 123 252 269 225 365 150 428 232 109 327 256 280 224 220 170 38 295 444 238 247 292 344 123 237 195
120 225 228 134 170 123 233 119 141 88 142 204 233 285 177 278 97 147 113 182 90 250 188 297 38 80 307 359 0 225 192 351 189 207 116 99 101 98 267 88 92 147 177 171 329 145 114 269 94 204 114 182 300 71 161 76 200 270 258 161 207 127 119 209 69 200 90 285 44 300 336 133 231 214 97 176 222 37 241 157 245 60 149 159 91 272 178 143 125 286 103 74 103 19 143 132 176 207 156 292 138 109 101 278 126 110 307 214 195 206 150 329 183 151 286 237 128 336 144 172 113 231 144 200 57 344 156 138 326 268 242 170 60 19 194 124 143 38 150 149 127 325 180 80 107 125 92 195 30 109 257 228 93 180 359 116 189 56 98 143 125 72 109 64 92 297 250 351 107 292 85 216 300 76 136 117 90 239 178 131 322 267 93 258 299 170 188 242 315 52 94 140 159 285 74 141 146 133 150 299 64 180 205 206 165 222 239 219 170 272 168 105 85 52 356 92 107 296 296 120 233 150 325 163 210 44 109 105 183 172 132 88 125 258 322 231 163 330 123 37 146 157 194 71 61 180 326 285 61 30 125 145 69 251 91 263 214 194 269 231 34 257 216 233 131 125 356 151 214 99 150 110 200 263 194 66 177 180 207 165 150 205 241 269 107 161 344 251 192 171 72 313 219 313 34 90 240 258 150 245 268 209 177 128 315 57 161 88 136 140 269 360 66 117 134 142 126 56 237 124 168
210 415 307 269 93 266 207 239 322 149 154 201 438 450 401 371 225 203 127 103 212 172 160 161 258 173 191 319 225 0 359 266 399 33 265 136 229 159 238 250 297 229 60 136 340 232 180 379 194 273 237 330 109 160 127 297 281 277 66 66 215 124 180 253 293 30 273 76 187 449 206 161 68 76 190 200 315 258 350 165 389 254 225 174 179 98 209 82 268 205 319 285 219 207 343 240 250 263 90 231 297 307 187 179 122 182 399 428 109 82 269 297 379 130 360 285 240 428 364 256 288 390 206 385 173 237 326 120 358 46 419 98 209 242 117 240 194 189 212 207 348 174 218 243 322 102 198 416 215 333 195 189 247 147 364 151 66 272 256 235 103 181 117 231 217 408 343 401 261 348 147 43 297 205 239 191 207 242 243 343 374 309 297 420 277 329 293 33 388 277 221 237 384 415 151 93 96 358 122 316 277 297 326 360 68 170 272 359 388 419 261 232 273 195 293 133 125 254 333 293 297 159 438 265 241 241 152 184 43 190 184 309 333 124 247 125 173 319 319 217 360 268 173 263 218 227 273 130 200 238 315 198 172 30 316 217 151 288 258 356 201 333 389 46 237 150 384 374 322 281 221 235 187 322 329 227 356 236 408 371 217 133 149 293 154 350 416 444 66 299 236 142 102 444 228 203 258 385 299 96 449 228 142 182 219 253 300 165 187 190 152 343 190 340 151 270 293 170 225 180 181
150 66 125 90 270 302 231 120 52 267 209 207 108 95 171 129 135 166 234 269 148 277 229 343 161 192 333 302 192 359 0 336 102 356 95 229 131 202 243 116 107 139 299 237 238 135 179 106 166 135 122 37 385 216 239 195 121 212 359 296 197 305 180 162 157 329 258 389 197 108 362 322 329 380 169 185 107 195 93 205 60 234 144 350 282 356 178 292 91 294 217 125 293 206 70 122 134 149 269 282 63 88 173 305 237 177 149 126 372 299 95 277 60 333 152 161 120 171 218 125 81 40 336 40 207 350 37 239 217 390 60 343 162 177 267 120 173 219 158 162 129 372 170 125 115 285 162 148 175 152 267 241 277 234 262 208 350 143 107 131 263 185 257 252 144 125 115 218 100 174 223 330 234 268 124 309 153 206 143 241 195 176 238 66 252 30 94 360 172 176 139 127 194 102 241 267 314 172 240 216 216 81 69 24 321 250 177 47 125 82 116 127 107 243 320 250 277 268 195 283 143 208 148 107 175 149 294 175 326 192 179 136 93 321 309 292 202 258 262 228 106 100 223 121 153 162 293 350 170 212 69 169 256 389 174 256 257 107 228 70 187 136 30 385 320 209 241 149 88 94 148 124 216 157 52 143 24 153 82 82 153 263 285 195 205 47 194 95 300 70 134 380 296 126 162 158 192 82 60 326 90 187 362 180 322 135 63 197 177 175 314 283 178 195 210 91 70 231 219 180 197
240 401 214 273 214 457 120 259 336 336 210 150 443 388 474 252 270 210 256 195 269 108 165 109 359 273 76 75 351 266 336 0 428 293 286 269 269 256 95 298 356 224 241 187 142 228 237 277 259 201 262 300 184 292 201 419 215 126 206 262 152 342 232 175 390 252 438 218 310 365 75 384 198 339 255 180 233 385 262 195 322 409 220 409 375 174 181 283 280 68 449 359 416 344 372 246 210 187 233 60 302 351 251 88 243 242 266 457 365 194 256 76 389 364 225 177 251 282 480 219 317 342 428 375 302 38 325 229 174 251 384 343 295 356 177 255 212 336 212 210 415 112 184 299 385 302 262 467 323 419 95 123 428 175 148 238 319 360 295 232 268 280 285 400 270 293 241 218 291 198 281 225 114 389 242 401 267 131 202 479 206 171 444 364 88 313 243 237 237 389 270 237 479 319 313 251 322 449 215 142 415 256 268 320 300 131 159 302 438 343 229 267 327 362 38 300 320 68 170 467 195 202 312 238 165 329 359 246 277 181 220 389 380 142 30 148 189 109 474 372 409 247 157 329 298 189 46 142 291 380 344 210 350 282 420 90 144 229 108 283 317 218 359 312 443 229 184 444 251 323 216 265 152 194 285 299 350 195 416 400 214 159 126 148 247 362 251 428 218 269 300 148 171 339 327 265 144 300 292 170 409 157 388 224 46 330 281 265 216 214 114 112 286 450 219 265 310 325 123 228 184
