NAME : Golden_5_SARP
COMMENT : Curated from VRPLIB to SARP
TYPE : SARP
DIMENSION : 201
EDGE_WEIGHT_TYPE : EXPLICIT
EDGE_WEIGHT_FORMAT : FULL_MATRIX
EDGE_WEIGHT_SECTION
0 120 300 180 300 180 210 30 30 120 90 210 270 210 120 240 270 90 210 60 30 240 30 90 210 300 270 90 180 30 300 60 210 30 60 240 120 120 300 60 270 270 120 30 240 270 90 210 180 120 180 180 150 180 240 90 30 270 300 30 150 180 60 240 270 210 120 180 30 30 270 240 270 120 150 270 90 180 120 90 300 150 180 180 210 240 60 30 240 210 270 120 150 240 180 240 120 60 300 180 90 270 30 60 300 150 150 210 210 300 210 270 210 60 90 270 210 240 210 210 60 150 120 30 150 270 180 150 120 90 150 150 90 150 180 300 240 60 300 240 120 90 240 30 90 150 120 240 60 150 60 210 180 30 120 150 150 60 150 300 300 150 300 60 270 150 300 90 30 120 240 180 90 180 300 270 90 240 300 240 210 90 90 60 30 30 180 240 60 210 270 60 300 60 90 120 120 300 30 60 270
120 0 190 216 383 216 242 140 114 74 71 330 259 133 240 344 160 44 207 116 105 325 149 126 90 180 259 44 183 92 403 178 207 132 180 325 109 170 416 150 328 295 194 114 159 328 171 103 60 214 269 76 267 146 131 99 132 295 356 150 219 183 172 360 390 326 228 296 140 145 386 120 354 38 88 160 30 109 214 200 420 52 286 146 297 233 163 145 300 170 386 109 125 159 245 356 194 66 215 245 150 374 97 98 249 241 257 242 133 403 315 374 272 172 71 222 315 195 272 103 134 192 237 105 161 187 269 125 74 188 161 257 150 241 300 383 356 66 356 131 228 200 300 149 99 219 237 268 150 270 134 326 296 124 38 88 192 80 267 287 287 30 323 163 187 52 190 171 124 170 233 286 210 76 323 150 126 195 416 344 170 188 207 98 92 97 109 268 116 297 354 60 215 178 207 141 141 249 90 80 222
300 190 0 395 485 298 416 311 301 249 258 504 260 119 416 533 30 233 245 269 292 514 325 313 119 94 404 210 243 276 535 360 366 301 358 438 215 356 571 306 404 336 383 283 251 508 313 179 140 356 395 187 430 298 176 285 319 461 424 329 407 350 358 533 563 486 416 458 325 319 570 103 542 215 244 178 216 243 403 360 593 199 474 187 416 384 324 329 482 308 542 287 291 103 431 514 323 240 272 350 285 508 283 254 353 430 445 308 245 593 456 563 456 339 216 178 504 176 366 90 324 375 420 276 335 260 458 199 190 339 244 407 339 375 474 571 540 254 535 60 383 387 384 330 233 335 403 438 339 445 287 510 480 292 180 164 291 269 450 424 272 164 485 350 94 150 185 360 311 287 251 431 387 120 353 94 258 321 600 482 179 377 377 287 270 272 140 321 306 486 461 244 94 350 390 323 249 185 272 244 336
180 216 395 0 458 360 30 205 152 146 146 277 445 348 216 198 368 175 385 238 157 142 191 98 277 350 113 225 356 173 431 171 68 209 190 400 286 60 395 238 445 450 76 209 198 113 267 231 255 286 342 212 268 111 252 120 152 90 474 182 60 56 153 300 324 316 146 291 157 199 274 300 163 183 152 274 201 163 109 244 350 195 163 342 371 88 231 164 88 124 368 109 106 375 56 342 296 207 243 356 270 403 164 231 187 106 152 390 179 243 348 219 68 221 244 429 179 400 385 316 120 30 183 205 60 219 111 314 269 258 326 294 90 314 255 187 252 171 140 342 269 146 415 173 258 326 245 60 124 234 240 231 212 210 245 294 330 153 195 140 474 234 120 136 403 268 298 98 150 300 415 321 201 291 480 324 267 142 298 375 371 120 225 136 191 199 321 420 124 124 429 190 431 207 175 76 296 458 182 221 163
300 383 485 458 0 187 486 270 329 416 387 245 260 366 249 384 461 377 245 269 330 438 276 387 456 535 563 339 243 325 94 287 504 272 269 60 287 403 185 244 94 178 383 283 533 508 216 486 431 180 120 458 199 480 514 390 319 542 94 283 407 474 306 251 260 179 323 187 311 272 336 482 461 403 445 542 360 474 356 216 272 430 350 298 90 533 240 301 482 510 178 420 450 384 431 176 190 324 593 140 233 94 329 287 600 375 335 179 504 424 119 404 456 244 313 336 366 321 119 416 350 430 287 292 445 563 395 291 323 210 244 164 377 150 243 485 321 350 535 438 190 313 103 292 285 164 215 514 339 244 254 308 298 276 356 335 199 358 291 593 272 407 571 324 404 375 571 360 325 215 251 140 258 395 185 508 258 540 353 103 308 339 233 360 311 301 350 176 358 416 30 339 424 254 285 416 249 353 319 306 570
180 216 298 360 187 0 390 157 209 269 244 277 113 179 216 375 274 225 68 124 205 400 173 267 277 350 445 175 56 191 243 207 385 152 190 142 109 300 298 124 113 90 296 152 375 445 98 316 255 109 111 291 195 342 342 258 209 450 140 182 326 356 221 300 324 231 269 212 205 164 368 300 429 245 294 368 201 321 286 146 350 268 321 111 124 415 136 199 415 371 274 286 314 198 356 252 76 171 431 56 90 219 199 136 458 314 294 30 348 431 179 403 385 153 146 163 348 142 68 231 240 330 245 157 326 403 342 106 146 120 60 152 270 106 255 458 342 207 474 252 146 244 88 191 120 60 183 420 238 234 120 316 291 150 183 152 30 221 268 474 140 234 480 231 219 195 395 267 210 60 88 163 201 212 120 324 98 400 395 198 124 258 175 231 173 164 163 60 238 371 163 190 243 171 225 296 76 187 182 153 429
210 242 416 30 486 390 0 235 182 170 173 297 474 374 242 206 390 201 415 268 187 142 221 127 297 366 96 253 385 203 456 200 66 239 218 428 315 90 416 268 474 480 103 239 206 96 297 247 277 315 371 231 293 124 266 147 182 60 504 212 82 68 181 319 342 340 170 316 187 229 286 319 159 207 172 286 228 179 133 273 366 217 179 371 399 76 261 194 76 130 390 133 125 401 68 364 326 236 245 385 300 429 194 261 179 125 172 420 191 245 374 224 66 250 273 457 191 428 415 340 150 60 207 235 82 224 124 343 297 288 356 322 120 343 277 179 266 200 119 364 297 173 444 203 288 356 272 30 154 258 270 247 231 240 272 322 360 181 217 119 504 258 90 165 429 293 308 127 180 330 444 348 228 316 510 342 297 142 308 401 399 147 253 165 221 229 348 450 154 130 457 218 456 236 201 103 326 486 212 250 159
30 140 311 205 270 157 235 0 59 149 119 194 254 212 105 242 281 116 194 49 60 251 19 119 229 319 299 103 164 57 272 58 239 9 49 210 114 145 276 33 242 246 140 27 269 289 62 235 199 90 150 205 127 210 265 120 53 295 272 27 169 209 67 224 254 187 124 157 49 9 262 259 281 145 179 295 110 209 132 62 283 175 182 173 180 269 30 42 259 240 246 150 180 242 199 216 92 75 329 152 68 242 59 58 330 162 153 187 239 301 182 272 229 33 95 262 212 232 182 221 86 175 114 35 179 299 191 144 124 60 135 122 116 120 164 311 232 86 319 251 92 95 212 35 86 122 97 265 81 135 40 203 173 19 132 153 127 89 144 329 283 169 325 75 272 162 325 110 57 97 224 152 76 191 276 289 76 270 292 212 203 103 68 90 49 42 182 216 89 221 240 81 301 40 86 149 105 292 53 67 300
30 114 301 152 329 209 182 59 0 97 68 221 295 221 132 232 272 76 235 86 9 224 53 60 203 292 240 95 205 27 325 67 180 60 75 269 140 92 319 90 300 299 97 57 216 246 120 194 173 149 209 164 169 152 224 62 19 242 330 49 127 150 58 251 281 229 114 199 27 57 272 232 254 105 127 254 86 157 105 116 311 135 173 199 239 210 89 35 216 182 289 92 122 251 157 259 150 67 276 210 119 295 19 81 272 135 144 239 187 292 235 262 187 86 103 289 203 259 240 212 33 122 124 53 120 246 164 169 132 119 175 175 62 179 191 283 242 49 276 242 145 86 270 42 110 180 140 212 40 162 89 212 182 59 124 162 179 40 153 270 325 144 272 49 281 153 283 68 9 149 265 205 103 182 329 262 116 212 301 265 229 76 110 33 42 49 191 269 30 194 299 58 311 81 95 90 145 319 35 75 242
120 74 249 146 416 269 170 149 97 0 30 315 328 207 228 300 222 44 272 150 92 268 149 71 133 215 187 99 245 92 420 163 133 145 172 356 170 109 416 172 374 354 141 132 120 259 200 103 109 237 296 76 267 76 131 44 114 222 403 145 161 109 150 344 374 326 194 296 124 150 354 159 295 38 30 160 71 60 170 210 403 52 245 216 326 159 178 132 233 103 386 38 52 233 183 356 228 98 180 286 188 390 90 134 190 192 219 297 90 356 330 328 207 180 126 295 272 268 315 170 98 125 214 124 88 150 216 192 141 207 219 270 99 267 286 323 325 66 287 195 240 171 344 140 150 257 237 195 116 257 163 297 269 140 109 161 241 60 241 215 356 88 249 134 259 125 190 126 105 214 300 300 200 146 383 187 171 131 383 360 242 150 207 66 105 114 183 325 80 242 386 80 287 178 188 74 194 323 97 116 160
90 71 258 146 387 244 173 119 68 30 0 288 310 201 200 281 229 28 253 123 62 256 119 56 147 233 204 82 225 62 390 134 147 116 143 327 150 99 387 143 347 331 126 103 150 257 171 127 120 207 267 98 237 98 157 28 86 229 377 116 149 120 123 317 347 297 171 267 95 120 331 175 285 44 60 186 56 90 150 180 377 70 225 201 297 175 148 103 229 127 357 44 70 229 175 327 200 73 210 258 160 360 60 108 216 175 197 273 120 339 300 310 201 150 106 285 253 256 288 173 73 121 188 95 94 180 201 175 126 178 197 240 82 237 258 313 302 38 285 201 210 146 317 110 127 229 207 201 91 229 134 273 244 110 99 149 216 30 216 233 339 94 258 108 257 121 216 106 76 188 281 270 171 146 360 204 146 157 360 330 228 127 178 38 76 86 175 302 54 228 357 54 285 148 160 71 171 313 68 91 186
210 330 504 277 245 277 297 194 221 315 288 0 390 399 90 142 474 297 340 236 229 206 182 253 420 510 390 297 316 239 179 154 340 203 150 206 297 242 119 200 286 342 207 221 428 286 201 415 390 170 179 385 82 348 444 273 203 342 308 180 217 316 165 30 60 66 133 68 194 187 96 450 224 326 343 474 300 371 170 147 90 356 124 348 191 364 181 187 266 374 96 297 322 428 231 76 207 268 486 231 228 159 235 250 456 172 125 297 399 179 130 159 247 165 288 429 130 401 247 415 218 258 103 229 293 457 179 322 315 173 293 125 228 172 30 245 76 268 308 444 133 147 266 182 273 217 103 319 200 60 218 66 68 212 326 343 258 261 82 416 416 360 366 181 457 356 504 201 212 242 364 124 120 385 366 480 253 401 119 142 374 173 127 250 239 235 371 319 236 191 224 270 486 154 127 272 272 456 240 261 429
270 259 260 445 260 113 474 254 295 328 310 390 0 159 328 485 245 285 60 210 289 504 272 347 286 336 514 229 90 272 336 309 457 246 294 233 160 386 404 224 167 84 390 240 413 540 204 342 274 222 219 324 309 403 361 331 300 533 178 281 420 429 320 413 437 342 374 324 299 262 481 301 533 295 347 382 257 368 386 257 461 309 429 113 224 485 240 295 510 429 382 354 378 160 450 361 187 240 461 163 186 317 281 214 508 415 401 96 390 542 286 514 480 258 204 84 457 85 159 224 328 415 354 242 401 437 445 136 187 229 120 265 357 219 368 563 455 277 570 233 259 347 160 289 186 173 295 504 330 347 214 429 403 242 222 173 136 294 378 542 30 265 563 328 167 219 404 360 299 160 30 274 310 219 94 317 180 455 508 301 96 357 285 309 254 246 163 85 320 474 245 258 178 277 331 374 150 94 262 224 481
210 133 119 348 366 179 374 212 221 207 201 399 159 0 315 450 96 173 130 165 212 444 229 253 130 179 390 127 124 194 416 268 340 203 261 319 103 297 456 200 286 224 315 187 266 457 201 191 124 242 277 179 322 277 206 228 235 429 308 235 343 316 270 428 457 374 330 348 239 221 474 142 474 170 217 224 147 231 326 253 486 172 390 68 297 364 218 240 428 297 429 242 258 30 371 401 207 154 308 231 173 390 203 154 366 356 360 191 247 510 340 480 399 236 120 96 420 76 247 66 250 322 326 182 293 286 385 82 90 228 125 293 273 258 371 504 444 181 486 76 272 300 266 239 127 217 297 401 261 343 181 415 385 194 103 60 172 200 356 416 179 125 456 268 60 82 245 288 229 170 142 316 288 68 245 159 147 319 504 364 66 297 273 218 182 180 30 206 236 415 342 165 90 250 297 272 133 119 187 150 342
120 240 416 216 249 216 242 105 132 228 200 90 328 315 0 159 386 207 272 150 140 195 92 171 330 420 328 207 245 149 215 66 272 114 60 195 214 170 190 116 259 295 141 132 344 259 126 326 300 109 146 296 52 269 356 188 114 295 287 90 161 245 80 120 150 103 74 76 105 97 160 360 222 237 257 386 210 286 109 71 180 267 109 269 170 300 98 97 233 297 160 214 241 344 183 131 141 178 403 183 150 187 145 163 383 125 88 242 315 215 133 187 207 80 200 354 133 325 207 326 134 192 38 140 219 374 146 241 228 99 219 88 150 125 60 249 131 178 287 356 74 71 233 92 188 161 38 268 116 30 134 103 76 124 237 257 192 172 52 356 356 270 323 98 374 267 416 126 124 170 300 109 30 296 323 390 171 325 190 159 297 99 44 163 149 145 286 268 150 170 222 180 403 66 44 194 194 383 150 172 354
240 344 533 198 384 375 206 242 232 300 281 142 485 450 159 0 504 302 428 291 242 75 224 229 428 514 301 327 400 259 321 184 266 251 195 339 356 195 251 265 413 455 159 265 388 160 281 401 400 268 300 375 194 300 428 256 216 233 438 216 148 252 180 148 160 206 120 198 212 232 85 457 85 325 320 455 317 342 131 229 176 350 60 415 319 282 247 210 148 319 233 268 283 480 142 218 300 298 438 342 302 301 251 298 384 108 90 401 364 60 266 30 142 229 330 504 30 474 364 444 210 194 131 269 241 413 88 385 360 256 372 241 201 283 142 103 75 280 176 474 233 150 388 212 327 320 195 218 195 148 280 76 88 259 356 390 350 265 108 321 514 372 251 184 510 385 482 175 224 325 457 252 175 415 482 485 317 339 103 282 444 157 201 247 269 270 420 428 229 76 361 291 540 210 157 233 344 533 265 300 361
270 160 30 368 461 274 390 281 272 222 229 474 245 96 386 504 0 204 224 240 262 485 295 285 96 94 382 180 219 246 508 330 342 272 328 413 187 328 542 277 382 317 354 254 233 481 285 159 113 328 368 163 401 274 160 257 289 437 404 299 378 324 328 504 533 457 386 429 295 289 540 85 514 187 219 167 186 219 374 331 563 173 445 163 390 361 294 299 455 286 514 259 265 85 403 485 295 210 260 324 257 481 254 224 336 401 415 286 224 563 429 533 429 309 186 167 474 160 342 60 294 347 390 246 309 245 429 173 160 310 219 378 310 347 445 542 510 224 508 30 354 357 361 300 204 309 374 413 309 415 258 480 450 262 150 136 265 240 420 404 260 136 461 320 84 120 178 331 281 259 233 403 357 90 336 84 229 301 570 455 159 347 347 258 240 242 113 301 277 457 437 214 94 320 360 295 222 178 242 214 317
90 44 233 175 377 225 201 116 76 44 28 297 285 173 207 302 204 0 228 108 68 281 120 82 127 216 229 56 201 60 387 143 173 110 148 317 126 126 390 134 331 310 150 95 157 285 160 120 98 200 258 90 240 120 150 56 95 257 360 119 175 146 134 327 357 300 188 270 103 119 347 157 310 30 70 180 28 98 171 178 387 60 244 175 288 201 143 110 256 147 360 71 94 201 201 330 188 54 216 244 146 357 62 91 233 197 216 253 127 360 297 331 228 148 82 257 273 229 273 147 91 149 200 86 121 186 225 149 99 171 175 237 106 229 267 339 317 30 313 175 207 160 302 116 106 216 210 229 108 237 123 288 258 103 71 121 197 38 229 258 313 70 285 123 229 94 210 127 86 171 256 267 178 120 339 186 127 175 377 327 201 146 180 54 68 76 146 281 73 253 347 38 258 150 171 99 150 285 62 73 204
210 207 245 385 245 68 415 194 235 272 253 340 60 130 272 428 224 228 0 150 229 444 212 288 247 308 457 173 30 212 308 250 399 187 236 206 103 326 366 165 159 96 330 180 364 480 147 297 231 170 179 277 258 348 319 273 240 474 179 221 360 371 261 364 390 297 315 277 239 203 429 266 474 242 293 342 201 316 326 201 416 258 371 68 191 428 181 235 450 374 342 297 322 142 390 319 133 181 416 124 127 286 221 154 456 356 343 66 340 486 247 457 420 200 147 96 399 76 130 191 268 356 297 182 343 390 385 82 133 173 60 217 297 172 316 504 401 218 510 206 207 288 142 229 127 125 242 444 270 293 154 374 348 182 170 125 82 236 322 486 90 217 504 268 159 172 366 300 239 103 30 231 253 179 119 286 120 401 456 266 66 297 228 250 194 187 124 76 261 415 224 200 179 218 273 315 90 119 203 165 429
60 116 269 238 269 124 268 49 86 150 123 236 210 165 150 291 240 108 150 0 81 298 67 143 200 287 320 73 120 67 287 107 261 40 97 210 66 178 306 37 224 214 180 30 265 330 54 218 171 98 153 190 162 221 247 134 90 328 254 75 210 231 114 265 294 218 172 190 89 58 309 229 328 134 178 277 91 207 178 91 324 162 231 124 181 291 54 86 300 250 277 163 192 195 240 247 80 54 324 136 38 258 75 19 339 208 202 154 236 350 200 320 270 71 54 214 261 184 165 181 119 208 163 33 202 294 238 95 80 73 90 143 148 125 207 358 280 85 360 210 116 143 195 81 38 107 134 298 120 178 19 250 221 33 98 107 95 97 192 350 240 143 358 119 224 125 306 150 89 66 180 171 123 153 244 258 30 280 339 229 154 148 108 107 49 40 136 184 114 268 240 71 254 85 134 172 60 244 58 37 309
30 105 292 157 330 205 187 60 9 92 62 229 289 212 140 242 262 68 229 81 0 232 57 62 194 283 242 86 199 19 329 75 182 59 81 270 132 97 325 89 299 295 105 53 212 254 119 187 164 150 210 157 175 150 216 60 27 246 329 53 135 152 67 259 289 235 124 205 35 59 281 224 262 97 122 246 76 152 114 119 319 127 182 191 240 212 90 42 224 180 295 90 120 242 164 265 149 58 272 209 116 299 9 75 270 144 153 235 182 301 239 272 194 89 95 281 212 251 239 203 40 127 132 49 122 242 173 162 124 120 169 179 68 180 199 292 251 40 283 232 149 95 269 49 103 179 145 216 49 169 86 221 191 57 114 153 175 33 162 272 319 135 276 58 272 144 276 76 19 145 259 209 110 173 325 254 110 210 311 269 221 86 116 30 35 42 182 265 33 203 300 49 301 86 103 92 140 311 27 67 240
240 325 514 142 438 400 142 251 224 268 256 206 504 444 195 75 485 281 444 298 232 0 232 201 401 482 233 317 415 251 384 195 206 259 210 388 360 159 321 280 455 485 131 269 339 85 302 364 375 300 342 342 241 252 388 229 212 160 482 224 108 198 184 218 233 266 131 252 210 242 160 428 30 300 283 413 302 300 120 256 251 320 88 420 364 218 265 212 75 266 301 233 241 474 88 282 325 291 384 375 317 361 242 300 321 90 108 428 319 103 319 85 76 247 327 510 76 480 401 428 195 148 159 270 194 361 60 390 356 281 385 283 175 320 198 60 148 265 103 457 268 157 428 216 330 350 233 148 184 194 291 142 142 265 344 385 372 247 148 251 533 350 176 180 504 372 438 157 216 344 474 300 201 400 514 455 327 282 176 339 450 150 229 229 265 269 415 457 210 30 413 280 533 229 175 195 356 540 259 298 301
30 149 325 191 276 173 221 19 53 149 119 182 272 229 92 224 295 120 212 67 57 232 0 110 239 329 289 116 182 60 272 40 229 27 33 216 132 132 270 49 254 262 124 42 269 272 76 240 209 97 157 210 120 205 270 116 42 281 283 9 153 199 49 212 242 180 105 150 35 9 246 269 262 150 179 300 119 209 114 62 272 180 164 191 187 259 40 27 242 235 240 145 175 259 182 210 105 86 329 164 86 242 59 75 325 144 135 203 239 283 182 254 212 33 110 281 194 251 194 235 75 162 97 49 169 299 173 162 140 68 153 122 103 127 152 292 216 90 301 265 92 76 224 19 103 135 90 251 67 122 58 187 157 35 145 169 144 89 127 319 301 179 311 58 289 175 330 95 49 114 242 152 62 205 292 299 95 265 276 212 221 86 60 86 57 53 199 232 81 203 246 89 319 30 68 140 124 311 59 81 295
90 126 313 98 387 267 127 119 60 71 56 253 347 253 171 229 285 82 288 143 62 201 110 0 201 285 180 127 258 76 377 108 120 120 123 327 188 44 360 150 360 357 71 116 175 204 180 173 175 207 267 146 216 98 201 28 68 186 390 103 94 90 91 281 310 273 126 244 76 116 285 229 229 99 94 229 106 120 99 171 339 121 175 244 297 150 148 86 175 127 331 44 70 281 120 302 210 108 233 270 178 347 68 134 216 121 149 297 147 285 288 257 147 143 146 331 201 302 300 228 38 70 150 110 60 204 146 216 171 178 229 229 28 237 225 258 256 73 233 256 200 106 330 95 160 240 188 157 54 197 148 228 201 119 150 197 237 54 175 210 377 149 216 73 310 175 258 56 62 207 317 258 146 201 387 257 171 157 313 317 273 82 160 38 95 103 225 327 30 173 357 91 339 134 127 30 200 360 86 123 186
210 90 119 277 456 277 297 229 203 133 147 420 286 130 330 428 96 127 247 200 194 401 239 201 0 90 286 127 231 182 486 268 247 221 270 401 170 242 504 236 390 342 272 203 142 390 253 66 30 297 348 68 356 179 76 173 221 342 416 240 293 231 261 450 480 415 315 385 229 235 474 30 429 103 125 96 120 124 297 288 510 82 371 179 374 266 250 235 364 191 474 170 172 142 316 444 272 154 179 316 228 457 187 181 245 322 343 297 130 486 399 457 340 261 147 224 399 206 340 66 218 258 326 194 217 159 348 172 133 273 217 343 228 322 390 456 444 154 416 76 315 288 364 239 173 293 326 319 236 360 218 415 385 212 103 125 258 165 356 308 308 60 366 250 159 82 119 253 212 242 266 371 300 68 366 60 201 206 504 428 191 273 297 181 182 187 124 319 200 374 429 150 179 268 297 207 207 245 180 165 224
300 180 94 350 535 350 366 319 292 215 233 510 336 179 420 514 94 216 308 287 283 482 329 285 90 0 336 216 298 272 571 358 308 311 360 482 249 323 593 324 461 404 356 292 176 461 339 119 120 383 431 140 445 243 103 258 311 404 485 330 375 298 350 540 570 504 403 474 319 325 563 60 508 190 199 94 210 187 383 377 600 164 458 243 456 321 339 325 438 245 563 249 244 176 395 533 356 244 185 395 313 542 276 269 272 407 430 366 179 571 486 542 416 350 233 260 486 251 416 119 306 335 416 283 291 178 431 244 215 360 291 430 313 407 480 535 533 244 485 103 403 377 438 329 258 375 416 384 324 450 306 504 474 301 190 199 335 254 445 353 353 150 424 339 178 164 94 339 301 323 321 458 390 140 424 30 285 251 593 514 245 360 387 269 272 276 187 384 287 456 508 240 185 358 387 287 287 272 270 254 260
270 259 404 113 563 445 96 299 240 187 204 390 514 390 328 301 382 229 457 320 242 233 289 180 286 336 0 285 429 254 542 277 60 300 294 504 354 160 508 330 540 533 187 295 160 167 360 224 274 386 445 219 378 113 233 186 246 84 570 281 173 90 258 413 437 429 259 403 254 295 382 301 245 222 173 245 257 163 222 347 461 219 274 403 474 30 328 262 160 96 481 160 136 413 163 455 390 277 178 450 357 514 246 309 94 219 265 474 159 336 457 317 159 320 310 481 286 455 480 342 214 136 295 289 120 167 219 378 328 357 401 401 186 415 368 260 361 240 178 361 374 257 510 272 331 420 354 85 224 347 328 342 324 299 295 347 415 224 309 30 542 265 94 240 437 309 260 204 242 386 485 429 310 324 563 317 347 85 404 485 429 229 331 214 272 281 368 504 210 224 533 258 461 309 285 150 374 508 262 294 84
90 44 210 225 339 175 253 103 95 99 82 297 229 127 207 327 180 56 173 73 86 317 116 127 127 216 285 0 146 68 360 150 228 95 148 281 71 171 377 108 285 257 188 76 201 331 127 147 98 171 225 120 229 175 175 106 110 310 313 119 216 201 148 327 357 288 207 258 116 110 360 157 347 71 121 204 28 146 200 160 387 94 267 120 253 256 123 119 302 201 347 126 149 157 244 317 150 30 258 201 106 331 76 54 285 229 237 201 173 387 273 357 273 134 28 204 297 175 228 120 123 197 210 68 175 229 258 94 44 146 121 216 146 197 267 377 330 54 360 150 188 178 256 120 56 175 200 281 134 237 91 300 270 86 30 70 149 73 240 313 258 70 339 143 186 60 233 160 103 126 201 244 178 90 285 186 82 229 390 302 147 171 171 91 60 62 98 229 108 288 310 38 216 143 180 150 99 233 62 38 257
180 183 243 356 243 56 385 164 205 245 225 316 90 124 245 400 219 201 30 120 199 415 182 258 231 298 429 146 0 182 298 221 371 157 207 198 76 296 350 136 163 113 300 150 342 450 120 277 212 146 163 255 234 321 300 244 210 445 187 191 330 342 231 342 368 277 286 255 209 173 403 252 445 216 268 324 175 291 296 175 395 234 342 56 179 400 153 205 420 348 324 269 294 142 360 300 109 153 395 111 98 274 191 124 431 326 314 68 316 458 231 429 390 171 120 113 371 88 124 179 238 326 269 152 314 368 356 60 109 146 30 195 267 152 291 474 375 190 480 198 183 258 142 199 98 106 216 415 240 268 124 348 321 152 146 106 60 207 294 458 120 195 474 238 163 152 350 270 209 76 60 212 225 163 140 274 90 375 431 252 68 267 201 221 164 157 111 88 231 385 219 171 187 190 244 286 60 140 173 136 403
30 92 276 173 325 191 203 57 27 92 62 239 272 194 149 259 246 60 212 67 19 251 60 76 182 272 254 68 182 0 329 86 194 53 89 265 114 114 330 81 289 281 124 42 212 272 110 180 152 145 205 150 180 157 210 68 42 262 319 59 153 164 81 269 299 240 140 210 49 59 295 212 281 90 122 240 62 152 132 119 329 120 199 173 235 224 86 53 242 187 300 97 127 224 182 270 140 40 272 199 103 299 9 58 276 162 169 221 182 319 239 289 212 89 76 262 229 232 229 187 58 144 145 35 135 242 191 144 105 116 153 179 86 175 209 311 265 30 301 216 149 110 259 57 86 169 150 232 67 179 75 235 205 49 97 135 162 33 175 283 301 122 292 75 254 127 270 95 35 132 242 209 119 157 311 242 95 216 325 269 203 103 120 40 19 27 164 251 49 221 295 33 283 90 116 105 124 292 9 49 246
300 403 535 431 94 243 456 272 325 420 390 179 336 416 215 321 508 387 308 287 329 384 272 377 486 571 542 360 298 329 0 269 486 276 254 103 323 383 94 254 178 260 356 292 540 461 233 504 458 190 140 474 164 474 533 387 311 508 185 276 375 458 287 176 178 119 287 140 301 270 260 514 404 416 450 563 377 480 323 210 185 445 298 350 119 514 244 292 438 504 94 416 445 438 395 103 215 339 600 187 258 30 330 306 593 335 291 245 510 353 90 336 416 240 339 404 308 384 179 456 339 407 249 301 430 570 350 335 356 216 291 150 360 164 187 424 251 358 485 482 180 285 176 283 313 199 190 482 324 199 269 245 243 283 383 375 244 360 244 571 353 430 535 306 461 407 593 339 319 249 321 120 233 431 272 542 285 533 272 60 366 313 216 358 319 311 395 251 350 366 94 350 485 244 258 403 287 424 325 324 563
60 178 360 171 287 207 200 58 67 163 134 154 309 268 66 184 330 143 250 107 75 195 40 108 268 358 277 150 221 86 269 0 218 67 19 229 172 116 254 85 277 294 98 81 280 240 108 261 238 116 171 231 107 207 291 123 49 258 306 33 125 190 19 184 214 165 66 136 40 49 210 298 224 172 192 320 148 221 80 73 244 202 124 231 200 247 71 33 210 236 224 150 178 298 153 195 134 120 339 190 123 240 81 114 324 107 95 236 250 244 181 214 181 54 148 320 154 291 218 270 71 143 60 86 162 309 136 202 178 91 192 125 91 143 124 254 180 114 269 300 98 38 247 30 143 162 80 229 54 95 97 150 120 75 180 208 178 107 90 306 339 208 287 37 328 210 350 73 58 150 280 153 38 240 324 328 134 265 240 210 261 54 54 97 90 89 238 265 85 165 258 119 358 37 30 134 163 350 89 119 294
210 207 366 68 504 385 66 239 180 133 147 340 457 340 272 266 342 173 399 261 182 206 229 120 247 308 60 228 371 194 486 218 0 240 236 444 297 103 456 270 480 474 133 235 142 159 300 191 231 326 385 179 322 68 206 127 187 96 510 221 125 30 200 364 390 374 207 348 194 235 342 266 224 170 125 224 201 124 170 288 416 172 231 348 415 30 268 203 142 66 429 103 82 364 124 401 330 218 179 390 297 457 187 250 119 172 217 415 130 308 399 286 130 261 253 429 247 401 420 297 154 82 242 229 60 159 179 322 272 297 343 343 127 356 316 245 319 181 179 319 315 201 450 212 273 360 297 76 165 293 268 297 277 239 242 293 356 165 258 90 486 217 119 181 390 258 245 147 182 326 428 371 253 277 504 286 288 76 366 428 374 173 273 154 212 221 316 444 150 191 474 200 416 250 228 90 315 456 203 236 96
30 132 301 209 272 152 239 9 60 145 116 203 246 203 114 251 272 110 187 40 59 259 27 120 221 311 300 95 157 53 276 67 240 0 58 212 105 149 283 30 240 242 145 19 265 295 60 229 191 92 152 199 135 209 259 119 57 299 270 35 175 210 75 232 262 194 132 164 53 19 272 251 289 140 175 289 103 205 140 68 292 169 191 164 182 270 33 49 265 239 254 149 179 232 205 224 90 67 325 150 62 246 57 49 329 169 162 182 235 311 187 281 235 40 86 254 221 224 180 212 89 179 124 27 180 295 199 135 114 62 127 127 119 122 173 319 242 81 325 242 97 103 210 42 76 120 105 269 86 144 33 212 182 9 124 144 122 86 153 330 276 162 329 81 262 153 319 116 59 92 216 157 86 182 272 281 68 269 301 216 194 110 76 89 42 35 173 212 90 229 242 75 292 49 95 150 97 283 49 58 299
60 180 358 190 269 190 218 49 75 172 143 150 294 261 60 195 328 148 236 97 81 210 33 123 270 360 294 148 207 89 254 19 236 58 0 210 163 134 244 71 258 277 116 75 291 258 91 268 240 98 153 238 95 221 298 134 58 277 287 30 143 207 37 180 210 154 80 124 49 40 214 300 240 178 202 328 150 231 98 54 240 208 136 221 181 265 54 40 229 250 214 163 192 291 171 184 116 119 350 171 108 224 86 107 339 125 107 218 261 254 165 224 200 37 143 309 165 280 200 268 85 162 66 81 178 320 153 192 172 73 178 107 108 125 120 269 184 119 287 298 80 54 229 33 134 143 66 247 71 90 85 154 124 67 178 202 162 114 95 324 324 210 306 54 320 208 358 91 67 134 265 136 30 238 306 330 123 280 244 195 250 73 38 107 89 86 231 247 97 181 240 120 350 19 38 150 150 339 90 114 309
240 325 438 400 60 142 428 210 269 356 327 206 233 319 195 339 413 317 206 210 270 388 216 327 401 482 504 281 198 265 103 229 444 212 210 0 233 344 176 184 85 160 325 224 474 455 157 428 375 120 60 400 148 420 457 330 259 485 103 224 350 415 247 218 233 142 268 142 251 212 301 428 413 344 385 485 302 415 300 157 251 372 300 252 30 474 180 242 428 450 160 360 390 339 375 148 131 265 533 88 175 85 269 229 540 320 283 142 444 384 76 361 401 184 256 301 319 282 76 364 291 372 233 232 385 504 342 241 268 150 194 108 317 90 198 438 282 291 482 388 131 256 75 232 229 108 159 457 280 194 195 266 252 216 300 283 148 298 241 533 251 350 514 265 361 320 514 302 265 159 218 88 201 342 176 455 201 480 321 75 266 281 175 300 251 242 300 148 298 364 30 280 384 195 229 356 195 321 259 247 510
120 109 215 286 287 109 315 114 140 170 150 297 160 103 214 356 187 126 103 66 132 360 132 188 170 249 354 71 76 114 323 172 297 105 163 233 0 228 356 98 222 187 237 92 268 386 99 207 146 141 183 183 219 245 233 171 149 374 249 140 267 269 178 325 354 272 237 245 150 124 374 195 390 141 192 259 99 216 240 150 383 161 296 60 207 325 116 149 356 272 328 194 219 131 296 300 109 80 323 146 71 295 124 60 356 270 267 133 242 416 242 386 326 134 44 150 326 120 170 133 172 257 228 90 241 295 300 30 38 126 52 192 200 161 269 420 344 116 416 159 170 207 195 145 30 125 194 344 178 241 80 315 286 97 74 52 88 134 257 383 190 125 403 180 160 88 287 207 145 74 131 216 188 109 215 222 44 300 403 268 90 210 171 150 97 92 76 159 163 330 259 98 190 150 200 214 38 180 105 66 328
120 170 356 60 403 300 90 145 92 109 99 242 386 297 170 195 328 126 326 178 97 159 132 44 242 323 160 171 296 114 383 116 103 149 134 344 228 0 356 178 386 390 38 149 195 160 207 207 216 228 286 183 219 109 233 71 92 150 416 124 52 76 98 268 295 272 109 245 97 140 259 268 187 141 125 259 150 146 74 188 323 161 146 286 315 131 172 105 131 133 328 74 88 325 76 300 237 150 249 296 210 354 105 172 215 88 125 330 170 249 297 222 103 163 188 374 170 344 326 272 60 30 141 145 52 222 109 257 214 200 267 241 30 257 216 215 233 116 190 300 214 99 356 114 200 267 194 120 66 192 180 207 183 150 194 241 270 98 161 190 416 192 180 80 354 219 287 44 90 240 356 269 150 245 420 295 207 159 287 325 315 71 171 80 132 140 269 360 66 133 374 134 383 150 126 38 237 403 124 163 187
300 416 571 395 185 298 416 276 319 416 387 119 404 456 190 251 542 390 366 306 325 321 270 360 504 593 508 377 350 330 94 254 456 283 244 176 356 356 0 269 260 336 323 301 533 404 258 510 474 215 187 480 150 458 540 377 301 461 272 272 335 431 269 103 94 90 249 120 292 272 178 533 336 420 445 570 387 474 287 216 94 450 243 395 179 482 254 283 384 486 30 403 430 482 350 60 249 350 593 243 285 94 329 324 571 291 244 308 504 272 119 260 366 244 360 461 245 438 245 486 324 375 215 311 407 563 298 375 383 233 335 164 339 199 140 353 176 360 424 514 190 258 251 276 339 244 180 438 306 164 287 179 187 292 403 407 291 358 199 535 424 445 485 287 508 430 600 313 311 287 384 140 216 458 353 563 313 514 185 103 416 285 210 350 325 319 431 321 339 308 178 358 535 240 233 383 323 485 329 339 542
60 150 306 238 244 124 268 33 90 172 143 200 224 200 116 265 277 134 165 37 89 280 49 150 236 324 330 108 136 81 254 85 270 30 71 184 98 178 269 0 210 214 172 40 291 320 30 250 207 66 124 221 125 238 280 148 86 328 240 58 202 240 97 229 258 181 150 153 81 40 277 265 309 163 202 309 123 231 163 54 287 192 207 153 154 300 19 75 291 268 240 178 208 229 231 210 60 85 350 120 38 224 86 54 358 192 178 154 261 324 165 294 261 37 91 240 236 210 150 218 119 208 134 49 210 320 221 125 116 38 107 107 148 95 171 339 247 107 350 247 80 123 180 67 73 90 98 298 114 143 19 218 190 33 134 143 95 114 162 360 254 178 358 107 258 162 339 143 89 66 195 136 91 190 244 294 54 298 306 195 181 134 73 119 67 58 171 184 120 250 214 97 287 54 108 180 80 269 75 71 328
270 328 404 445 94 113 474 242 300 374 347 286 167 286 259 413 382 331 159 224 299 455 254 360 390 461 540 285 163 289 178 277 480 240 258 85 222 386 260 210 0 84 374 246 485 514 180 429 368 160 113 403 219 445 455 357 295 533 30 262 401 450 294 301 317 224 328 219 289 246 382 413 481 354 401 481 310 429 354 204 336 378 368 219 96 510 214 281 485 474 245 386 415 301 429 233 150 277 542 90 186 167 295 240 563 378 347 96 457 461 159 437 457 224 257 245 390 233 60 342 328 415 295 254 420 514 403 219 259 186 173 173 357 136 274 508 361 309 542 361 187 310 30 272 229 120 222 504 320 265 214 342 324 242 295 265 136 320 309 570 178 347 563 309 317 309 508 347 299 160 160 163 257 324 94 437 204 504 404 160 224 331 229 328 272 262 274 85 330 429 84 294 336 240 285 390 187 260 281 258 533
270 295 336 450 178 90 480 246 299 354 331 342 84 224 295 455 317 310 96 214 295 485 262 357 342 404 533 257 113 281 260 294 474 242 277 160 187 390 336 214 84 0 386 242 455 533 186 390 324 187 163 368 265 429 413 347 299 540 94 272 415 445 309 361 382 286 354 274 295 254 437 361 514 328 378 437 285 403 374 229 404 347 403 163 159 504 224 289 504 457 317 374 401 233 445 301 160 258 508 113 180 245 289 224 542 401 378 60 429 508 224 481 474 240 229 167 429 160 96 286 330 420 328 246 415 481 429 173 222 204 136 219 360 173 324 542 413 294 563 301 222 331 85 281 204 136 259 510 328 309 210 390 368 240 259 219 120 309 347 563 94 309 570 320 245 265 461 357 300 150 85 219 285 274 30 382 186 485 461 233 159 347 257 320 262 254 219 30 328 457 167 277 260 258 310 386 160 178 272 240 514
120 194 383 76 383 296 103 140 97 141 126 207 390 315 141 159 354 150 330 180 105 131 124 71 272 356 187 188 300 124 356 98 133 145 116 325 237 38 323 172 374 386 0 150 233 150 200 242 245 214 269 216 192 146 268 99 90 160 403 114 30 109 80 233 259 242 74 216 92 132 222 300 160 170 161 295 171 183 38 171 287 192 109 296 297 159 163 97 120 170 295 109 125 344 60 268 228 163 287 286 207 328 114 178 249 52 88 326 207 215 272 187 90 150 200 386 133 356 315 297 66 52 109 149 88 259 76 267 228 188 270 219 44 241 183 190 195 134 180 325 194 71 344 105 207 257 170 131 60 161 178 170 146 149 214 257 267 116 125 215 420 219 190 66 374 241 323 30 92 237 360 245 126 269 416 328 210 195 249 300 326 44 150 98 140 145 286 356 80 103 354 150 403 134 99 74 240 416 132 172 222
30 114 283 209 283 152 239 27 57 132 103 221 240 187 132 265 254 95 180 30 53 269 42 116 203 292 295 76 150 42 292 81 235 19 75 224 92 149 301 40 246 242 150 0 251 300 68 212 173 105 164 182 153 199 242 110 60 299 276 49 180 205 86 251 281 212 145 182 59 35 289 232 299 124 162 272 86 191 149 86 311 153 205 152 194 265 49 57 270 229 272 140 169 216 210 242 97 49 311 157 62 262 49 33 319 179 175 182 221 325 203 295 240 58 68 242 235 212 187 194 89 179 140 9 175 281 209 122 97 76 120 144 119 135 191 329 259 67 330 224 114 116 216 53 62 127 124 269 90 162 33 229 199 9 105 127 122 75 169 325 270 144 329 89 246 135 301 120 59 92 210 173 103 164 272 262 60 259 319 232 182 119 95 81 27 19 157 212 86 239 254 58 276 67 110 145 90 272 35 40 289
240 159 251 198 533 375 206 269 216 120 150 428 413 266 344 388 233 157 364 265 212 339 269 175 142 176 160 201 342 212 540 280 142 265 291 474 268 195 533 291 485 455 233 251 0 301 317 76 142 356 415 88 385 88 75 157 232 233 514 265 241 142 265 457 485 444 300 415 242 270 455 148 361 131 90 85 175 60 268 330 514 108 342 300 444 148 298 251 282 76 504 131 108 282 252 474 344 210 60 400 302 510 210 247 103 283 320 401 30 438 450 413 266 300 229 361 364 339 428 206 210 194 325 242 148 30 300 283 233 327 320 390 201 385 400 384 428 184 321 218 360 281 457 259 256 372 356 218 229 372 280 401 375 259 195 241 350 180 350 176 438 148 251 247 301 194 103 229 224 325 388 420 317 198 482 160 281 75 482 480 319 256 327 184 224 232 252 428 195 319 504 195 321 298 302 159 300 384 216 229 85
270 328 508 113 508 445 96 289 246 259 257 286 540 457 259 160 481 285 480 330 254 85 272 204 390 461 167 331 450 272 461 240 159 295 258 455 386 160 404 320 514 533 150 300 301 0 347 342 368 354 403 324 309 219 361 229 240 84 542 262 120 163 224 301 317 342 187 324 242 281 245 413 84 295 265 382 310 274 160 310 336 309 163 445 429 160 309 246 30 224 382 222 219 485 90 361 374 309 336 429 357 437 262 328 260 136 173 474 286 178 390 167 60 294 347 533 159 504 457 429 214 136 222 299 173 317 113 415 374 331 420 347 186 378 274 94 233 277 30 455 328 204 485 254 357 401 295 85 210 265 328 224 219 299 354 401 415 258 219 178 570 347 94 214 514 378 404 180 242 386 510 368 257 403 563 437 360 233 260 413 474 186 285 240 289 295 429 504 224 96 481 294 542 277 229 187 390 563 281 320 245
90 171 313 267 216 98 297 62 120 200 171 201 204 201 126 281 285 160 147 54 119 302 76 180 253 339 360 127 120 110 233 108 300 60 91 157 99 207 258 30 180 186 200 68 317 347 0 273 225 44 98 244 121 267 302 178 116 357 210 86 229 270 123 229 257 173 171 146 110 68 285 281 331 188 229 331 146 258 188 56 285 216 225 146 127 330 38 103 317 297 229 207 237 229 258 201 30 108 377 90 28 204 116 73 387 216 197 127 288 339 147 310 288 54 106 229 253 201 120 228 148 237 150 76 240 347 244 121 126 28 94 94 178 70 175 360 256 134 377 256 71 146 150 95 82 60 99 327 143 149 38 228 201 62 150 149 70 143 175 390 233 197 387 134 257 175 360 171 119 44 175 120 106 201 216 310 56 327 313 175 173 160 82 148 95 86 175 157 150 273 186 123 285 73 127 210 71 258 103 91 357
210 103 179 231 486 316 247 235 194 103 127 415 342 191 326 401 159 120 297 218 187 364 240 173 66 119 224 147 277 180 504 261 191 229 268 428 207 207 510 250 429 390 242 212 76 342 273 0 68 315 371 30 360 124 30 147 212 286 456 239 258 179 250 444 474 420 297 390 221 239 457 76 390 90 82 60 127 68 272 297 504 60 348 231 399 206 261 229 319 130 480 133 125 206 277 450 297 165 119 348 253 474 182 200 179 293 322 340 66 456 415 429 297 268 173 286 374 266 374 130 200 217 315 203 172 96 316 217 170 288 258 356 201 343 385 416 428 150 366 142 326 273 401 235 201 322 330 266 218 356 236 399 371 221 133 172 293 154 343 245 366 82 308 236 224 125 90 228 203 272 319 385 297 124 416 96 228 142 486 444 247 253 300 165 187 194 179 364 181 340 457 154 245 270 288 170 242 308 182 181 159
180 60 140 255 431 255 277 199 173 109 120 390 274 124 300 400 113 98 231 171 164 375 209 175 30 120 274 98 212 152 458 238 231 191 240 375 146 216 474 207 368 324 245 173 142 368 225 68 0 269 321 56 326 163 88 146 191 324 395 210 268 212 231 420 450 385 286 356 199 205 445 60 403 76 106 113 90 111 269 258 480 60 342 163 348 252 221 205 342 179 445 146 152 142 291 415 245 124 187 291 201 429 157 153 243 294 314 277 124 458 371 429 316 231 120 219 371 198 316 68 190 234 296 164 195 163 321 152 109 244 195 314 201 294 360 431 415 124 395 88 286 258 342 209 146 268 296 300 207 330 190 385 356 182 76 106 234 136 326 298 298 30 350 221 163 60 140 225 182 216 252 342 270 56 350 90 175 198 474 400 179 244 267 153 152 157 111 300 171 348 403 120 187 238 267 183 183 243 150 136 219
120 214 356 286 180 109 315 90 149 237 207 170 222 242 109 268 328 200 170 98 150 300 97 207 297 383 386 171 146 145 190 116 326 92 98 120 141 228 215 66 160 187 214 105 356 354 44 315 269 0 60 286 88 300 344 210 140 374 190 105 241 296 134 195 222 133 170 109 132 92 259 325 328 228 267 374 188 296 194 44 249 257 216 183 90 356 60 124 325 330 187 240 270 268 269 159 38 150 416 76 71 160 149 116 420 219 192 133 326 323 103 295 297 66 150 259 242 233 103 272 172 257 141 114 267 386 245 161 170 30 125 52 200 30 146 356 233 172 383 300 38 150 131 114 126 52 74 344 163 125 80 207 183 97 194 192 88 178 161 416 249 241 403 150 295 219 403 188 145 74 195 76 99 245 215 354 99 360 287 131 207 171 71 180 132 124 216 159 178 272 150 163 323 80 126 237 109 287 140 134 390
180 269 395 342 120 111 371 150 209 296 267 179 219 277 146 300 368 258 179 153 210 342 157 267 348 431 445 225 163 205 140 171 385 152 153 60 183 286 187 124 113 163 269 164 415 403 98 371 321 60 0 342 106 360 400 270 199 429 140 164 294 356 190 198 219 124 216 111 191 152 274 375 368 286 326 429 244 356 245 98 243 314 255 212 30 415 120 182 375 390 163 300 330 300 321 142 76 207 474 56 120 113 209 171 480 268 234 124 385 350 68 324 348 124 201 274 277 252 68 316 231 314 183 173 326 445 291 195 216 90 152 60 258 30 163 395 252 231 431 342 76 201 88 173 175 60 109 400 221 152 136 231 212 157 245 234 106 238 195 474 243 294 458 207 324 268 458 244 205 109 198 56 146 291 187 403 146 420 298 88 231 225 120 240 191 182 255 142 238 316 90 221 350 136 175 296 146 298 199 190 450
