NAME : Generated_SARP
COMMENT : Generated by 'share_a_ride.util.generator. Node count: N=3, M=4, K=2
TYPE : SARP
DIMENSION : 15
EDGE_WEIGHT_TYPE : EXPLICIT
EDGE_WEIGHT_FORMAT : FULL_MATRIX

EDGE_WEIGHT_SECTION
0 33 43 4 61 22 30 32 46 47 21 40 58 31 66
33 0 75 34 58 33 55 45 71 26 32 42 78 34 35
43 75 0 41 91 57 42 58 48 88 51 63 49 59 106
4 34 41 0 65 26 33 36 49 50 18 36 54 28 66
61 58 91 65 0 39 49 33 53 36 78 94 119 85 85
22 33 57 26 39 0 24 13 38 33 41 59 80 49 68
30 55 42 33 49 24 0 18 16 56 51 69 79 61 91
32 45 58 36 33 13 18 0 28 40 52 71 88 61 80
46 71 48 49 53 38 16 28 0 68 67 85 90 77 106
47 26 88 50 36 33 56 40 68 0 56 68 101 59 49
21 32 51 18 78 41 51 52 67 56 0 18 46 10 56
40 42 63 36 94 59 69 71 85 68 18 0 40 9 54
58 78 49 54 119 80 79 88 90 101 46 40 0 45 94
31 34 59 28 85 49 61 61 77 59 10 9 45 0 51
66 35 106 66 85 68 91 80 106 49 56 54 94 51 0
END_EDGE_WEIGHT_SECTION

NODE_COORD_SECTION
1 50.0 50.0
2 78 67
3 10 35
4 47 53
5 98 13
6 67 36
7 49 20
8 67 23
9 46 4
10 97 49
11 46 71
12 42 89
13 2 83
14 47 81
15 95 98
END_NODE_COORD_SECTION

NODE_TYPE_SECTION
1 1 0
2 2 1
3 3 1
4 4 1
5 5 2
6 6 2
7 7 2
8 8 2
9 9 3
10 10 3
11 11 3
12 12 4
13 13 4
14 14 4
15 15 4
END_NODE_TYPE_SECTION

PAIR_SECTION
1 2 P 9
2 3 P 10
3 4 P 11
4 5 L 12
5 6 L 13
6 7 L 14
7 8 L 15
END_PAIR_SECTION

VEHICLE_CAPACITY_SECTION
1 1 24
2 2 17
END_VEHICLE_CAPACITY_SECTION

PARCEL_QUANTITY_SECTION
1 5 7
2 6 6
3 7 9
4 8 7
END_PARCEL_QUANTITY_SECTION

DEPOT_SECTION
1
END_DEPOT_SECTION

EOF
